2.000000000000000042e-03	3.616552745239643984e-01	3.104808107018470764e-01	3.061070218682289124e-01
2.000000000000000042e-03	2.464712671464002469e-01	2.427295595407485962e-01	2.454989552497863770e-01
2.000000000000000042e-03	2.280002468371692959e-01	2.138152252882719040e-01	2.161657959222793579e-01
2.000000000000000042e-03	2.195544910581806175e-01	3.352857716381549835e-01	3.339763581752777100e-01
2.000000000000000042e-03	2.129401032683215511e-01	2.340474091470241547e-01	2.343090604990720749e-01
2.000000000000000042e-03	2.003944568996187947e-01	2.187073510140180588e-01	2.190690785646438599e-01
2.000000000000000042e-03	1.968894857394544451e-01	1.866597924381494522e-01	1.865581814199686050e-01
2.000000000000000042e-03	1.946770750646349690e-01	1.735966708511114120e-01	1.724335532635450363e-01
2.000000000000000042e-03	1.905241374728045833e-01	2.300985064357519150e-01	2.284897919744253159e-01
2.000000000000000042e-03	1.857822509128836119e-01	1.695707328617572784e-01	1.704687792807817459e-01
2.000000000000000042e-03	1.843976580266711018e-01	1.876007691025733948e-01	1.856492664664983749e-01
2.000000000000000042e-03	1.790409935048863921e-01	2.050211522728204727e-01	2.094282805919647217e-01
2.000000000000000042e-03	1.851015138097956148e-01	1.738279499113559723e-01	1.759460568428039551e-01
2.000000000000000042e-03	1.766399254527273033e-01	1.810953617095947266e-01	1.809670273214578629e-01
2.000000000000000042e-03	1.800818956350978550e-01	1.657625529915094376e-01	1.686638426035642624e-01
2.000000000000000042e-03	1.770875161584419544e-01	1.774107683449983597e-01	1.770518515259027481e-01
2.000000000000000042e-03	1.705526609586764109e-01	1.713602151721715927e-01	1.715121436864137650e-01
2.000000000000000042e-03	1.666346507359154627e-01	1.512691583484411240e-01	1.528202556073665619e-01
2.000000000000000042e-03	1.637587302093264363e-01	1.751845814287662506e-01	1.764076650142669678e-01
2.000000000000000042e-03	1.668170068082930058e-01	1.563852243125438690e-01	1.559079643338918686e-01
2.000000000000000042e-03	1.668414896047568097e-01	1.688309144228696823e-01	1.694807726889848709e-01
2.000000000000000042e-03	1.629051930164989170e-01	1.798996012657880783e-01	1.803946029394865036e-01
2.000000000000000042e-03	1.650276116178005514e-01	1.531213838607072830e-01	1.533481888473033905e-01
2.000000000000000042e-03	1.600452838819238222e-01	1.612473856657743454e-01	1.625125017017126083e-01
2.000000000000000042e-03	1.577699227800852255e-01	1.588469538837671280e-01	1.588780954480171204e-01
2.000000000000000042e-03	1.559067105379285667e-01	1.542424187064170837e-01	1.545386966317892075e-01
2.000000000000000042e-03	1.532157223813141456e-01	1.730531472712755203e-01	1.715054009109735489e-01
2.000000000000000042e-03	1.573809802154951532e-01	1.622350197285413742e-01	1.614884249866008759e-01
2.000000000000000042e-03	1.532556555127795872e-01	1.506917458027601242e-01	1.501959133893251419e-01
2.000000000000000042e-03	1.507510275025910895e-01	1.401649974286556244e-01	1.408764701336622238e-01
2.000000000000000042e-03	1.477263021884085148e-01	1.545881833881139755e-01	1.542063448578119278e-01
2.000000000000000042e-03	1.499366213249254953e-01	1.489992644637823105e-01	1.491432003676891327e-01
2.000000000000000042e-03	1.473147547509096877e-01	1.401054095476865768e-01	1.406207885593175888e-01
2.000000000000000042e-03	1.495951125516167268e-01	1.579158045351505280e-01	1.562576126307249069e-01
2.000000000000000042e-03	1.461918026774744472e-01	1.429208461195230484e-01	1.406859867274761200e-01
2.000000000000000042e-03	1.434519250370279164e-01	1.475956868380308151e-01	1.469673998653888702e-01
2.000000000000000042e-03	1.467109535691104305e-01	1.471366696059703827e-01	1.483488697558641434e-01
2.000000000000000042e-03	1.447086168240897253e-01	1.581922080367803574e-01	1.601247359067201614e-01
2.000000000000000042e-03	1.456707259522208586e-01	1.462217830121517181e-01	1.456528883427381516e-01
2.000000000000000042e-03	1.459238525432876299e-01	1.514442693442106247e-01	1.495846137404441833e-01
2.000000000000000042e-03	1.432919394743593366e-01	1.459376011043787003e-01	1.486962009221315384e-01
2.000000000000000042e-03	1.364925202878215782e-01	1.408000942319631577e-01	1.394704114645719528e-01
2.000000000000000042e-03	1.394040754324273323e-01	1.482540145516395569e-01	1.495409179478883743e-01
2.000000000000000042e-03	1.486045795528194435e-01	1.512564439326524734e-01	1.513696312904357910e-01
2.000000000000000042e-03	1.379174546727651163e-01	1.327090021222829819e-01	1.350736040621995926e-01
2.000000000000000042e-03	1.379431951083714414e-01	1.467851344496011734e-01	1.486999597400426865e-01
2.000000000000000042e-03	1.384445706123038078e-01	1.371598150581121445e-01	1.371606066823005676e-01
2.000000000000000042e-03	1.394760699211796684e-01	1.494378168135881424e-01	1.486414596438407898e-01
2.000000000000000042e-03	1.402546057029615545e-01	1.382183516398072243e-01	1.379389502108097076e-01
2.000000000000000042e-03	1.347279690111739814e-01	1.538216192275285721e-01	1.549040414392948151e-01
2.000000000000000042e-03	1.331545223918142173e-01	1.443415954709053040e-01	1.437505036592483521e-01
2.000000000000000042e-03	1.345922277320789340e-01	1.518580038100481033e-01	1.516667604446411133e-01
2.000000000000000042e-03	1.374990744869920289e-01	1.380763677880167961e-01	1.380135947838425636e-01
2.000000000000000042e-03	1.336959797558905094e-01	1.401267889887094498e-01	1.384694967418909073e-01
2.000000000000000042e-03	1.327891940180259411e-01	1.365492530167102814e-01	1.361718401312828064e-01
2.000000000000000042e-03	1.306933958696413767e-01	1.396234594285488129e-01	1.395468078553676605e-01
2.000000000000000042e-03	1.305844778124290173e-01	1.392532708123326302e-01	1.399993803352117538e-01
2.000000000000000042e-03	1.330346470769447620e-01	1.415133643895387650e-01	1.437880676239728928e-01
2.000000000000000042e-03	1.288117262758786130e-01	1.471359599381685257e-01	1.451739314943552017e-01
2.000000000000000042e-03	1.296575418378733413e-01	1.374680865556001663e-01	1.393976900726556778e-01
2.000000000000000042e-03	1.293799941298327816e-01	1.349359005689620972e-01	1.383133605122566223e-01
2.000000000000000042e-03	1.270866953308069369e-01	1.422212347388267517e-01	1.428394848480820656e-01
2.000000000000000042e-03	1.276006614671477690e-01	1.292510135099291801e-01	1.294737011194229126e-01
2.000000000000000042e-03	1.224263997960694239e-01	1.326512070372700691e-01	1.330553106963634491e-01
2.000000000000000042e-03	1.214729161768019899e-01	1.403200458735227585e-01	1.409920752048492432e-01
2.000000000000000042e-03	1.244036636397808371e-01	1.434716917574405670e-01	1.398229431360960007e-01
2.000000000000000042e-03	1.240669543607325481e-01	1.407335270196199417e-01	1.407875753939151764e-01
2.000000000000000042e-03	1.206564940983736040e-01	1.362474206835031509e-01	1.384878288954496384e-01
2.000000000000000042e-03	1.186839220455930266e-01	1.320742480456829071e-01	1.328159477561712265e-01
2.000000000000000042e-03	1.176220378543757217e-01	1.336451377719640732e-01	1.354057677090167999e-01
2.000000000000000042e-03	1.206971681382082717e-01	1.385485827922821045e-01	1.378736272454261780e-01
2.000000000000000042e-03	1.179151266247411289e-01	1.303049214184284210e-01	1.312180962413549423e-01
2.000000000000000042e-03	1.164586365788797817e-01	1.335383243858814240e-01	1.339233340695500374e-01
2.000000000000000042e-03	1.182835942393616752e-01	1.328584523871541023e-01	1.343034822493791580e-01
2.000000000000000042e-03	1.252767580408084280e-01	1.335433591157197952e-01	1.351049970835447311e-01
2.000000000000000042e-03	1.180235674675506885e-01	1.290466934442520142e-01	1.270275479182600975e-01
2.000000000000000042e-03	1.162222797357583409e-01	1.277706995606422424e-01	1.263443110510706902e-01
2.000000000000000042e-03	1.168319851725916347e-01	1.263576848432421684e-01	1.287950444966554642e-01
2.000000000000000042e-03	1.182627481750295195e-01	1.307014431804418564e-01	1.286550173535943031e-01
2.000000000000000042e-03	1.175689539766009845e-01	1.358938366174697876e-01	1.358470655977725983e-01
2.000000000000000042e-03	1.180097972856292282e-01	1.340170884504914284e-01	1.360480142757296562e-01
2.000000000000000042e-03	1.129361254316341989e-01	1.364679541438817978e-01	1.393140181899070740e-01
2.000000000000000042e-03	1.110433395716208388e-01	1.300198761746287346e-01	1.313200136646628380e-01
2.000000000000000042e-03	1.166994022794916597e-01	1.323758549988269806e-01	1.342979352921247482e-01
2.000000000000000042e-03	1.129792271346985594e-01	1.324581168591976166e-01	1.341338157653808594e-01
2.000000000000000042e-03	1.114370321171193196e-01	1.336155887693166733e-01	1.334077566862106323e-01
2.000000000000000042e-03	1.144018311855159176e-01	1.249582152813673019e-01	1.283224048092961311e-01
2.000000000000000042e-03	1.090727507879462460e-01	1.265662582591176033e-01	1.276837913319468498e-01
2.000000000000000042e-03	1.075749120946171977e-01	1.254497375339269638e-01	1.279029250144958496e-01
2.000000000000000042e-03	1.073277567194986931e-01	1.324091460555791855e-01	1.317386040464043617e-01
2.000000000000000042e-03	1.059771016051497677e-01	1.419008076190948486e-01	1.413668449968099594e-01
2.000000000000000042e-03	1.046649680673321647e-01	1.283130981028079987e-01	1.281566238030791283e-01
2.000000000000000042e-03	1.099213659763336182e-01	1.306710429489612579e-01	1.286759339272975922e-01
2.000000000000000042e-03	1.072302620056309330e-01	1.294956309720873833e-01	1.281610904261469841e-01
2.000000000000000042e-03	1.046451544271239792e-01	1.244290508329868317e-01	1.249309275299310684e-01
2.000000000000000042e-03	1.069964255335964787e-01	1.301862150430679321e-01	1.325714085251092911e-01
2.000000000000000042e-03	1.061902099017855428e-01	1.256500920280814171e-01	1.273294668644666672e-01
2.000000000000000042e-03	1.038983450094355804e-01	1.424437407404184341e-01	1.443280205130577087e-01
2.000000000000000042e-03	1.068235209471062735e-01	1.367762312293052673e-01	1.357247773557901382e-01
2.000000000000000042e-03	1.030769814984707905e-01	1.266236305236816406e-01	1.279359059408307076e-01
2.000000000000000042e-03	1.040566352349293344e-01	1.287426268681883812e-01	1.282669706270098686e-01
2.000000000000000042e-03	1.040326269178450808e-01	1.327695734798908234e-01	1.319965263828635216e-01
2.000000000000000042e-03	1.019222046944159438e-01	1.382207721471786499e-01	1.393925435841083527e-01
2.000000000000000042e-03	1.064235410546954669e-01	1.262830104678869247e-01	1.250089462846517563e-01
2.000000000000000042e-03	1.004070926316176782e-01	1.280794925987720490e-01	1.278678895905613899e-01
2.000000000000000042e-03	9.740771541867075667e-02	1.279833819717168808e-01	1.273946790024638176e-01
2.000000000000000042e-03	9.844113669440715531e-02	1.258811224251985550e-01	1.257000481709837914e-01
2.000000000000000042e-03	1.026636500713191402e-01	1.370958797633647919e-01	1.376034487038850784e-01
2.000000000000000042e-03	1.030217688294905592e-01	1.320543633773922920e-01	1.314207054674625397e-01
2.000000000000000042e-03	9.821066033991077138e-02	1.261202385649085045e-01	1.262754183262586594e-01
2.000000000000000042e-03	9.819229880842982039e-02	1.286704586818814278e-01	1.294888714328408241e-01
2.000000000000000042e-03	1.012261457081082561e-01	1.300223926082253456e-01	1.278730519115924835e-01
2.000000000000000042e-03	9.903740939460223269e-02	1.261191498488187790e-01	1.244078269228339195e-01
2.000000000000000042e-03	9.555063132621065269e-02	1.267966385930776596e-01	1.266988581046462059e-01
2.000000000000000042e-03	9.772563074963001861e-02	1.368617564439773560e-01	1.393145639449357986e-01
2.000000000000000042e-03	9.733550316548045256e-02	1.413315087556838989e-01	1.425077095627784729e-01
1.000000000000000021e-03	8.754746993131275190e-02	1.273058801889419556e-01	1.273788753896951675e-01
1.000000000000000021e-03	8.344251473870457902e-02	1.170057179406285286e-01	1.178514119237661362e-01
1.000000000000000021e-03	8.453591149064558496e-02	1.242204103618860245e-01	1.236517196521162987e-01
1.000000000000000021e-03	8.573818584031696333e-02	1.221853205934166908e-01	1.223919894546270370e-01
1.000000000000000021e-03	7.980702591093280507e-02	1.216846657916903496e-01	1.225296370685100555e-01
1.000000000000000021e-03	8.443643897771835327e-02	1.184229888021945953e-01	1.184670049697160721e-01
1.000000000000000021e-03	7.956276258713082528e-02	1.169096212834119797e-01	1.167564792558550835e-01
1.000000000000000021e-03	8.055204728358908439e-02	1.228230828419327736e-01	1.214829478412866592e-01
1.000000000000000021e-03	7.867055697531639968e-02	1.218454539775848389e-01	1.213379958644509315e-01
1.000000000000000021e-03	7.877273951904682769e-02	1.196650555357336998e-01	1.169709581881761551e-01
1.000000000000000021e-03	7.693527761516691377e-02	1.192374741658568382e-01	1.166416909545660019e-01
1.000000000000000021e-03	7.914847838161867544e-02	1.200168598443269730e-01	1.190052051097154617e-01
1.000000000000000021e-03	7.769909633111350689e-02	1.221666233614087105e-01	1.211110949516296387e-01
1.000000000000000021e-03	7.538651396768002166e-02	1.183007229119539261e-01	1.163777466863393784e-01
1.000000000000000021e-03	7.802350550324102518e-02	1.223473511636257172e-01	1.210550256073474884e-01
1.000000000000000021e-03	7.731049960549873923e-02	1.287703299894928932e-01	1.283983634784817696e-01
1.000000000000000021e-03	7.452740652274482402e-02	1.233838591724634171e-01	1.231620879843831062e-01
1.000000000000000021e-03	7.545619307062294279e-02	1.205690009519457817e-01	1.201021652668714523e-01
1.000000000000000021e-03	7.507429370963120130e-02	1.168093429878354073e-01	1.175105804577469826e-01
1.000000000000000021e-03	7.392802683612968717e-02	1.214519618079066277e-01	1.204776642844080925e-01
1.000000000000000021e-03	7.383295822935768971e-02	1.175528503954410553e-01	1.177279008552432060e-01
1.000000000000000021e-03	7.226272917623761949e-02	1.194522194564342499e-01	1.175044989213347435e-01
1.000000000000000021e-03	7.602977766832218209e-02	1.242330595850944519e-01	1.251803450286388397e-01
1.000000000000000021e-03	7.287676061821889151e-02	1.189318727701902390e-01	1.183342942968010902e-01
1.000000000000000021e-03	7.930012830073319974e-02	1.233237553387880325e-01	1.222868673503398895e-01
1.000000000000000021e-03	7.661806098833869039e-02	1.226560045033693314e-01	1.221991935744881630e-01
1.000000000000000021e-03	7.499421633119825181e-02	1.177547536790370941e-01	1.170326918363571167e-01
1.000000000000000021e-03	7.481048482505581187e-02	1.238155886530876160e-01	1.223032288253307343e-01
1.000000000000000021e-03	7.198098801736589614e-02	1.228224718943238258e-01	1.221258081495761871e-01
1.000000000000000021e-03	7.027421165493470678e-02	1.184917185455560684e-01	1.172200869768857956e-01
1.000000000000000021e-03	7.222930822945848595e-02	1.214991696178913116e-01	1.207279358059167862e-01
1.000000000000000021e-03	7.167480786955809924e-02	1.196062313392758369e-01	1.185356155037879944e-01
1.000000000000000021e-03	7.289801344652718784e-02	1.196939181536436081e-01	1.190156806260347366e-01
1.000000000000000021e-03	7.287519179944750014e-02	1.170820966362953186e-01	1.155479755252599716e-01
1.000000000000000021e-03	6.956961373739604937e-02	1.180011685937643051e-01	1.173931183293461800e-01
1.000000000000000021e-03	7.113864452024049045e-02	1.266230940818786621e-01	1.244413414970040321e-01
1.000000000000000021e-03	6.879681608156312800e-02	1.198526294901967049e-01	1.200308799743652344e-01
1.000000000000000021e-03	6.969799440872820329e-02	1.185727780684828758e-01	1.187045108526945114e-01
1.000000000000000021e-03	6.942606745641442811e-02	1.181160220876336098e-01	1.172217661514878273e-01
1.000000000000000021e-03	7.193733327373673381e-02	1.248913649469614029e-01	1.239179931581020355e-01
5.000000000000000104e-04	6.364037006904807448e-02	1.160360286012291908e-01	1.156783737242221832e-01
5.000000000000000104e-04	6.213635748511628365e-02	1.154455570504069328e-01	1.147810732945799828e-01
5.000000000000000104e-04	6.382189148777647758e-02	1.152771217748522758e-01	1.149607477709650993e-01
5.000000000000000104e-04	6.149611947468564682e-02	1.150504127144813538e-01	1.145384600386023521e-01
5.000000000000000104e-04	6.275932868070240034e-02	1.165673108771443367e-01	1.146745840087532997e-01
5.000000000000000104e-04	6.149437254931353070e-02	1.200326597318053246e-01	1.185286603868007660e-01
5.000000000000000104e-04	6.026604130298276324e-02	1.168033126741647720e-01	1.157794920727610588e-01
5.000000000000000104e-04	6.031683775820309568e-02	1.174471778795123100e-01	1.161188147962093353e-01
5.000000000000000104e-04	5.932631320025347210e-02	1.153773786500096321e-01	1.150330705568194389e-01
5.000000000000000104e-04	5.915038537564156623e-02	1.150950156152248383e-01	1.137536028400063515e-01
5.000000000000000104e-04	5.970493293827092846e-02	1.142312884330749512e-01	1.133938878774642944e-01
5.000000000000000104e-04	5.940805337851560314e-02	1.176162380725145340e-01	1.176658449694514275e-01
5.000000000000000104e-04	6.182181123125402022e-02	1.188910249620676041e-01	1.170436982065439224e-01
5.000000000000000104e-04	5.898978165056131817e-02	1.170214982703328133e-01	1.147565608844161034e-01
5.000000000000000104e-04	6.072457799617247964e-02	1.168031590059399605e-01	1.144300121814012527e-01
5.000000000000000104e-04	6.188944359368915571e-02	1.199002061039209366e-01	1.202280037105083466e-01
5.000000000000000104e-04	6.266987493521050667e-02	1.157266208902001381e-01	1.157784983515739441e-01
5.000000000000000104e-04	5.822727626448945260e-02	1.157179344445466995e-01	1.155897621065378189e-01
5.000000000000000104e-04	5.723668224638021190e-02	1.162999393418431282e-01	1.142211547121405602e-01
5.000000000000000104e-04	6.335004890644096998e-02	1.182930143550038338e-01	1.174255833029747009e-01
5.000000000000000104e-04	5.713462499500829989e-02	1.181023465469479561e-01	1.158758942037820816e-01
5.000000000000000104e-04	5.806814709418936515e-02	1.172466082498431206e-01	1.162040056660771370e-01
5.000000000000000104e-04	5.693074575142015314e-02	1.190793346613645554e-01	1.180643225088715553e-01
5.000000000000000104e-04	5.889830153576935262e-02	1.171571305021643639e-01	1.159913409501314163e-01
5.000000000000000104e-04	5.984713901070099623e-02	1.180003033950924873e-01	1.154410568997263908e-01
5.000000000000000104e-04	5.616576922467992478e-02	1.170705491676926613e-01	1.159802656620740891e-01
5.000000000000000104e-04	5.860654476888572245e-02	1.163707366213202477e-01	1.148104080930352211e-01
5.000000000000000104e-04	5.701756048240239072e-02	1.150791812688112259e-01	1.155741736292839050e-01
5.000000000000000104e-04	5.869560830200774848e-02	1.165545294061303139e-01	1.146187167614698410e-01
5.000000000000000104e-04	5.838982350652730663e-02	1.176732229068875313e-01	1.169255916029214859e-01
5.000000000000000104e-04	5.802413283646860875e-02	1.187633387744426727e-01	1.169311292469501495e-01
5.000000000000000104e-04	5.971929176321512378e-02	1.200211104005575180e-01	1.190838254988193512e-01
2.500000000000000052e-04	5.493129162660127796e-02	1.144587388262152672e-01	1.134349498897790909e-01
2.500000000000000052e-04	5.380138825578025669e-02	1.155363461002707481e-01	1.135094324126839638e-01
2.500000000000000052e-04	5.398432019202015208e-02	1.143709868192672729e-01	1.127026071771979332e-01
2.500000000000000052e-04	5.129472062557558637e-02	1.140675302594900131e-01	1.137947263196110725e-01
2.500000000000000052e-04	5.239374327320087121e-02	1.140083111822605133e-01	1.134383501484990120e-01
2.500000000000000052e-04	5.260591463574880444e-02	1.188125191256403923e-01	1.166794989258050919e-01
2.500000000000000052e-04	5.305108102627947159e-02	1.145839570090174675e-01	1.125864060595631599e-01
2.500000000000000052e-04	5.246938109586510302e-02	1.161449439823627472e-01	1.141622150316834450e-01
2.500000000000000052e-04	5.152074997372264875e-02	1.166033539921045303e-01	1.141714388504624367e-01
2.500000000000000052e-04	5.079075222528433436e-02	1.152858063578605652e-01	1.133735990151762962e-01
2.500000000000000052e-04	5.054096566348136033e-02	1.152089107781648636e-01	1.139397490769624710e-01
2.500000000000000052e-04	5.040232016693187850e-02	1.148189324885606766e-01	1.134805008769035339e-01
2.500000000000000052e-04	5.123420587823360878e-02	1.179399127140641212e-01	1.171616800129413605e-01
2.500000000000000052e-04	5.135036137285111518e-02	1.158678587526082993e-01	1.142298877239227295e-01
2.500000000000000052e-04	5.053116126528268970e-02	1.164180524647235870e-01	1.149800792336463928e-01
2.500000000000000052e-04	5.037006056761440115e-02	1.142590800300240517e-01	1.133281448855996132e-01
2.500000000000000052e-04	5.229296304191215217e-02	1.157431993633508682e-01	1.140600619837641716e-01
2.500000000000000052e-04	5.063355728229389924e-02	1.155374599620699883e-01	1.132484516128897667e-01
2.500000000000000052e-04	4.996816167914414769e-02	1.150946244597434998e-01	1.125678084790706635e-01
2.500000000000000052e-04	4.983163511828531123e-02	1.151605639606714249e-01	1.137528251856565475e-01
2.500000000000000052e-04	5.040163617533973545e-02	1.148788854479789734e-01	1.134851705282926559e-01
2.500000000000000052e-04	5.154659155803390652e-02	1.149892350658774376e-01	1.138261454179883003e-01
2.500000000000000052e-04	5.130042079128796506e-02	1.157979890704154968e-01	1.137775173410773277e-01
2.500000000000000052e-04	5.092506492628327136e-02	1.161446142941713333e-01	1.149113969877362251e-01
2.500000000000000052e-04	5.170417364828194112e-02	1.150101013481616974e-01	1.142680114135146141e-01
2.500000000000000052e-04	5.089912681451326526e-02	1.162767959758639336e-01	1.146652707830071449e-01
1.250000000000000026e-04	4.887591674923896790e-02	1.144882962107658386e-01	1.133052641525864601e-01
1.250000000000000026e-04	4.842568603874761873e-02	1.149023091420531273e-01	1.146937813609838486e-01
1.250000000000000026e-04	4.760884427571598215e-02	1.139931967481970787e-01	1.131656523793935776e-01
1.250000000000000026e-04	4.696182402063019817e-02	1.151794232428073883e-01	1.133221173658967018e-01
1.250000000000000026e-04	5.014077385392370217e-02	1.158222295343875885e-01	1.153030805289745331e-01
1.250000000000000026e-04	4.702734829315656506e-02	1.149841127917170525e-01	1.136935856193304062e-01
1.250000000000000026e-04	5.057969802542577886e-02	1.148551898077130318e-01	1.130435327067971230e-01
1.250000000000000026e-04	4.833409468395800240e-02	1.150192171335220337e-01	1.141238147392868996e-01
1.250000000000000026e-04	4.835909411688394527e-02	1.149957450106739998e-01	1.128698745742440224e-01
1.250000000000000026e-04	4.877148554483546478e-02	1.151889571920037270e-01	1.138984207063913345e-01
1.250000000000000026e-04	4.711643172593056594e-02	1.150424480438232422e-01	1.138304471969604492e-01
1.250000000000000026e-04	4.839041154784492343e-02	1.147568915039300919e-01	1.125175394117832184e-01
1.250000000000000026e-04	4.707545895553842674e-02	1.148778805509209633e-01	1.134966062381863594e-01
1.250000000000000026e-04	4.686655405955978543e-02	1.145828096196055412e-01	1.135762166231870651e-01
1.250000000000000026e-04	4.725258703096003182e-02	1.154070775955915451e-01	1.134088626131415367e-01
1.250000000000000026e-04	4.861421053168139828e-02	1.146433260291814804e-01	1.138867875561118126e-01
1.250000000000000026e-04	4.727983484162560229e-02	1.145607884973287582e-01	1.132790297269821167e-01
1.250000000000000026e-04	4.684613381005540977e-02	1.156846964731812477e-01	1.139635490253567696e-01
1.250000000000000026e-04	4.740081204077865179e-02	1.152557423338294029e-01	1.130855763331055641e-01
1.250000000000000026e-04	4.663410400853881116e-02	1.147094685584306717e-01	1.136768395081162453e-01
1.250000000000000026e-04	4.752630792275260030e-02	1.151084536686539650e-01	1.140959961339831352e-01
1.250000000000000026e-04	4.672573096578633983e-02	1.143823731690645218e-01	1.130216447636485100e-01
1.250000000000000026e-04	4.798725044614152169e-02	1.157296095043420792e-01	1.146177100017666817e-01
1.250000000000000026e-04	4.562450728461712318e-02	1.147735258564352989e-01	1.138683548197150230e-01
6.250000000000000130e-05	4.737496800437758504e-02	1.147570684552192688e-01	1.133815962821245193e-01
6.250000000000000130e-05	4.773969919998434508e-02	1.153704663738608360e-01	1.140151303261518478e-01
6.250000000000000130e-05	4.596601087081281234e-02	1.146815037354826927e-01	1.135121276602149010e-01
6.250000000000000130e-05	4.618611410731756489e-02	1.144137196242809296e-01	1.128368759527802467e-01
6.250000000000000130e-05	4.654834070537663959e-02	1.144081642851233482e-01	1.136939115822315216e-01
6.250000000000000130e-05	4.513969494006301458e-02	1.156813530251383781e-01	1.145305838435888290e-01
6.250000000000000130e-05	4.746691995783697271e-02	1.154631758108735085e-01	1.139980722218751907e-01
6.250000000000000130e-05	4.652427561298201619e-02	1.150921154767274857e-01	1.138288406655192375e-01
6.250000000000000130e-05	4.653350079927263266e-02	1.150176385417580605e-01	1.134606543928384781e-01
6.250000000000000130e-05	4.582811260147939825e-02	1.150339860469102859e-01	1.133942110463976860e-01
6.250000000000000130e-05	4.588961497515062909e-02	1.149441348388791084e-01	1.136839622631669044e-01
6.250000000000000130e-05	4.691736824527571736e-02	1.172427730634808540e-01	1.161537468433380127e-01
6.250000000000000130e-05	4.587430007095578272e-02	1.147807929664850235e-01	1.126219257712364197e-01
6.250000000000000130e-05	4.478252160398266124e-02	1.152485543861985207e-01	1.136124162003397942e-01
6.250000000000000130e-05	4.627133057087282758e-02	1.153783407062292099e-01	1.139034247025847435e-01
6.250000000000000130e-05	4.372398088438601144e-02	1.146963657811284065e-01	1.134606199339032173e-01
6.250000000000000130e-05	4.746089349913445998e-02	1.149211321026086807e-01	1.139033585786819458e-01
6.250000000000000130e-05	4.537197895631005229e-02	1.142596527934074402e-01	1.131862085312604904e-01
6.250000000000000130e-05	4.513175167803522986e-02	1.145960753783583641e-01	1.134149106219410896e-01
6.250000000000000130e-05	4.536384655327736770e-02	1.146236788481473923e-01	1.132820248603820801e-01
6.250000000000000130e-05	4.442964781877360714e-02	1.150460457429289818e-01	1.135122366249561310e-01
3.125000000000000065e-05	4.329113209549384500e-02	1.144345598295331001e-01	1.129729710519313812e-01
3.125000000000000065e-05	4.433923747531975240e-02	1.145410770550370216e-01	1.135250879451632500e-01
3.125000000000000065e-05	4.550781119850617201e-02	1.156249716877937317e-01	1.144522931426763535e-01
3.125000000000000065e-05	4.528159992415693724e-02	1.153563931584358215e-01	1.138100875541567802e-01
3.125000000000000065e-05	4.369318178748782949e-02	1.141529651358723640e-01	1.130108730867505074e-01
3.125000000000000065e-05	4.503208752485770433e-02	1.149872429668903351e-01	1.130882371217012405e-01
3.125000000000000065e-05	4.439242457664465541e-02	1.158649418503046036e-01	1.147620109841227531e-01
3.125000000000000065e-05	4.415450117821934778e-02	1.137528801336884499e-01	1.124760610982775688e-01
3.125000000000000065e-05	4.431176595861398976e-02	1.145115112885832787e-01	1.135890865698456764e-01
3.125000000000000065e-05	4.490191305551347739e-02	1.160084912553429604e-01	1.134494338184595108e-01
3.125000000000000065e-05	4.446621300487578476e-02	1.151216849684715271e-01	1.139660673215985298e-01
3.125000000000000065e-05	4.489973126144349014e-02	1.152276508510112762e-01	1.141231544315814972e-01
3.125000000000000065e-05	4.412518663308288153e-02	1.143305804580450058e-01	1.132979439571499825e-01
3.125000000000000065e-05	4.615427846018271829e-02	1.144541250541806221e-01	1.139499023556709290e-01
3.125000000000000065e-05	4.412925248093242658e-02	1.150737907737493515e-01	1.133558126166462898e-01
3.125000000000000065e-05	4.395601535333863025e-02	1.143494406715035439e-01	1.128225456923246384e-01
3.125000000000000065e-05	4.470086767326427596e-02	1.141444081440567970e-01	1.138350628316402435e-01
3.125000000000000065e-05	4.561789088611361426e-02	1.155115934088826180e-01	1.136964699253439903e-01
3.125000000000000065e-05	4.658235383184650136e-02	1.144666913896799088e-01	1.132142739370465279e-01
3.125000000000000065e-05	4.459402123112467253e-02	1.145665049552917480e-01	1.130717052146792412e-01
3.125000000000000065e-05	4.424842126384566365e-02	1.143785547465085983e-01	1.131360856816172600e-01
3.125000000000000065e-05	4.490816074458858775e-02	1.149505618959665298e-01	1.137134116142988205e-01
3.125000000000000065e-05	4.366345854499672358e-02	1.142866024747490883e-01	1.131252320483326912e-01
3.125000000000000065e-05	4.385329924429519355e-02	1.146567612886428833e-01	1.132669085636734962e-01
3.125000000000000065e-05	4.350722727330424977e-02	1.148156393319368362e-01	1.134681692346930504e-01
3.125000000000000065e-05	4.532455030498625664e-02	1.151032904163002968e-01	1.139168245717883110e-01
3.125000000000000065e-05	4.475720495551447492e-02	1.147989127784967422e-01	1.130672888830304146e-01
3.125000000000000065e-05	4.469451690210572009e-02	1.151507282629609108e-01	1.137673174962401390e-01
3.125000000000000065e-05	4.362256626916836966e-02	1.147793084383010864e-01	1.135183684527873993e-01
1.562500000000000033e-05	4.400310042915465264e-02	1.146726105362176895e-01	1.130318753421306610e-01
1.562500000000000033e-05	4.452016412080088414e-02	1.153738601133227348e-01	1.141478912904858589e-01
1.562500000000000033e-05	4.492967769126348515e-02	1.149787046015262604e-01	1.141313435509800911e-01
1.562500000000000033e-05	4.397190315059468918e-02	1.151191210374236107e-01	1.136901713907718658e-01
1.562500000000000033e-05	4.264763146167314251e-02	1.157277245074510574e-01	1.139785237610340118e-01
1.562500000000000033e-05	4.498095442599887861e-02	1.159939058125019073e-01	1.139065837487578392e-01
1.562500000000000033e-05	4.288862053823622178e-02	1.154421614482998848e-01	1.135971425101161003e-01
1.562500000000000033e-05	4.380506248791006529e-02	1.145383967086672783e-01	1.140746045857667923e-01
1.562500000000000033e-05	4.389642207305642641e-02	1.154818609356880188e-01	1.141874790191650391e-01
1.562500000000000033e-05	4.499971074394033127e-02	1.140734720975160599e-01	1.131313219666481018e-01
1.562500000000000033e-05	4.501738309671607374e-02	1.168998870998620987e-01	1.154783032834529877e-01
1.562500000000000033e-05	4.562187977606737416e-02	1.153452526777982712e-01	1.140715237706899643e-01
1.562500000000000033e-05	4.478224555525598533e-02	1.158591629937291145e-01	1.135778632014989853e-01
1.562500000000000033e-05	4.445638790538039564e-02	1.144311660900712013e-01	1.138006467372179031e-01
1.562500000000000033e-05	4.351979522388192689e-02	1.150466315448284149e-01	1.136431014165282249e-01
1.562500000000000033e-05	4.314790821716755348e-02	1.152322348207235336e-01	1.133012799546122551e-01
1.562500000000000033e-05	4.433243042683299856e-02	1.145236566662788391e-01	1.131911454722285271e-01
1.562500000000000033e-05	4.312031697246093004e-02	1.150112720206379890e-01	1.132123563438653946e-01
1.562500000000000033e-05	4.421226437427575040e-02	1.155566424131393433e-01	1.140267839655280113e-01
1.562500000000000033e-05	4.464948205630990541e-02	1.150441002100706100e-01	1.132712904363870621e-01
1.562500000000000033e-05	4.268111694085446883e-02	1.149346362799406052e-01	1.133023044094443321e-01
7.812500000000000163e-06	4.404504264740249919e-02	1.156461797654628754e-01	1.136929467320442200e-01
7.812500000000000163e-06	4.338351997865151632e-02	1.145660821348428726e-01	1.132380273193120956e-01
7.812500000000000163e-06	4.474444861842107046e-02	1.144651276990771294e-01	1.129863895475864410e-01
7.812500000000000163e-06	4.261580760343165047e-02	1.140258098021149635e-01	1.128057865425944328e-01
7.812500000000000163e-06	4.602974672106247694e-02	1.152625791728496552e-01	1.141044627875089645e-01
7.812500000000000163e-06	4.609086944521227636e-02	1.151995258405804634e-01	1.136578060686588287e-01
7.812500000000000163e-06	4.436477311427080433e-02	1.149770412594079971e-01	1.134664248675107956e-01
7.812500000000000163e-06	4.328805217637291675e-02	1.152835283428430557e-01	1.135862777009606361e-01
7.812500000000000163e-06	4.476591671192193395e-02	1.141843311488628387e-01	1.134195923805236816e-01
7.812500000000000163e-06	4.411756841442252691e-02	1.147120324894785881e-01	1.130087403580546379e-01
7.812500000000000163e-06	4.458719051054006732e-02	1.155575821176171303e-01	1.147787515074014664e-01
7.812500000000000163e-06	4.321837566698653876e-02	1.147583620622754097e-01	1.140481578186154366e-01
7.812500000000000163e-06	4.323045822166943913e-02	1.151768779382109642e-01	1.130940737202763557e-01
7.812500000000000163e-06	4.509858631446391625e-02	1.144510237500071526e-01	1.135080140084028244e-01
7.812500000000000163e-06	4.273111620752871598e-02	1.155136050656437874e-01	1.139138871803879738e-01
7.812500000000000163e-06	4.533465531996534043e-02	1.142486445605754852e-01	1.131838029250502586e-01
7.812500000000000163e-06	4.342539471727382971e-02	1.144455540925264359e-01	1.136007588356733322e-01
7.812500000000000163e-06	4.353933135354066258e-02	1.152587579563260078e-01	1.137176724150776863e-01
7.812500000000000163e-06	4.449394019910051651e-02	1.152690676972270012e-01	1.140272105112671852e-01
7.812500000000000163e-06	4.340828002630910121e-02	1.151040121912956238e-01	1.139677055180072784e-01
7.812500000000000163e-06	4.352422308506844612e-02	1.156195821240544319e-01	1.137839918956160545e-01
3.906250000000000081e-06	4.393933520098276119e-02	1.148233953863382339e-01	1.129029504954814911e-01
3.906250000000000081e-06	4.490408032566686053e-02	1.145636467263102531e-01	1.131859598681330681e-01
3.906250000000000081e-06	4.400763754980473869e-02	1.152417352423071861e-01	1.143164113163948059e-01
3.906250000000000081e-06	4.275791120680072499e-02	1.143247243016958237e-01	1.127386512234807014e-01
3.906250000000000081e-06	4.310800087980077439e-02	1.155000720173120499e-01	1.136706713587045670e-01
3.906250000000000081e-06	4.367840549425233698e-02	1.145086269825696945e-01	1.133464770391583443e-01
3.906250000000000081e-06	4.308378267325932431e-02	1.151000075042247772e-01	1.138273430988192558e-01
3.906250000000000081e-06	4.330308124705960215e-02	1.147146131843328476e-01	1.135677825659513474e-01
3.906250000000000081e-06	4.385635766047465967e-02	1.147192241623997688e-01	1.133805699646472931e-01
3.906250000000000081e-06	4.227407330859311169e-02	1.147262500599026680e-01	1.133946534246206284e-01
3.906250000000000081e-06	4.275942131688323378e-02	1.153087150305509567e-01	1.143403975293040276e-01
3.906250000000000081e-06	4.287705900548379606e-02	1.148178996518254280e-01	1.129378331825137138e-01
3.906250000000000081e-06	4.224794827213015913e-02	1.139109311625361443e-01	1.122434297576546669e-01
3.906250000000000081e-06	4.368281760547734760e-02	1.142517346888780594e-01	1.136978734284639359e-01
3.906250000000000081e-06	4.440917315173752850e-02	1.153026893734931946e-01	1.130804512649774551e-01
3.906250000000000081e-06	4.293540129555931811e-02	1.144901756197214127e-01	1.132724201306700706e-01
3.906250000000000081e-06	4.325154968360556823e-02	1.149505423381924629e-01	1.151230512186884880e-01
3.906250000000000081e-06	4.311583054405224158e-02	1.153425462543964386e-01	1.136707449331879616e-01
3.906250000000000081e-06	4.351497045423410870e-02	1.143729481846094131e-01	1.132568884640932083e-01
3.906250000000000081e-06	4.442554721726647143e-02	1.151230605319142342e-01	1.139822956174612045e-01
3.906250000000000081e-06	4.434294175781026970e-02	1.156958024948835373e-01	1.138050416484475136e-01
1.953125000000000041e-06	4.302738524407525439e-02	1.147628361359238625e-01	1.133454237133264542e-01
1.953125000000000041e-06	4.377026115603084577e-02	1.144983787089586258e-01	1.132234632968902588e-01
1.953125000000000041e-06	4.360126812435403953e-02	1.152979051694273949e-01	1.137120556086301804e-01
1.953125000000000041e-06	4.309674225087407190e-02	1.141577232629060745e-01	1.130547318607568741e-01
1.953125000000000041e-06	4.372439795185493333e-02	1.149255931377410889e-01	1.136735500767827034e-01
1.953125000000000041e-06	4.310684189011779188e-02	1.147800898179411888e-01	1.137221511453390121e-01
1.953125000000000041e-06	4.182688050160679460e-02	1.151209669187664986e-01	1.138441432267427444e-01
1.953125000000000041e-06	4.543283567587031585e-02	1.154689621180295944e-01	1.137760765850543976e-01
1.953125000000000041e-06	4.353679476093642170e-02	1.153706302866339684e-01	1.146331848576664925e-01
1.953125000000000041e-06	4.528124366379991661e-02	1.159540340304374695e-01	1.138608874753117561e-01
1.953125000000000041e-06	4.388959038578256477e-02	1.138860406354069710e-01	1.127554504200816154e-01
1.953125000000000041e-06	4.529699522860442668e-02	1.140134055167436600e-01	1.129307253286242485e-01
1.953125000000000041e-06	4.436467121107668526e-02	1.157098701223731041e-01	1.141830179840326309e-01
1.953125000000000041e-06	4.335408926575998884e-02	1.158930696547031403e-01	1.134714856743812561e-01
1.953125000000000041e-06	4.467307879954953570e-02	1.198189826682209969e-01	1.184924691915512085e-01
1.953125000000000041e-06	4.329259674760359972e-02	1.148058436810970306e-01	1.132227862253785133e-01
1.953125000000000041e-06	4.381396475283405589e-02	1.149216592311859131e-01	1.137796835973858833e-01
1.953125000000000041e-06	4.358485638152195113e-02	1.143453009426593781e-01	1.131088575348258018e-01
1.953125000000000041e-06	4.280560362282433140e-02	1.152127431705594063e-01	1.137534389272332191e-01
1.953125000000000041e-06	4.359146768722352988e-02	1.149630211293697357e-01	1.138949990272521973e-01
1.953125000000000041e-06	4.403926387334926307e-02	1.158238239586353302e-01	1.138060837984085083e-01
9.765625000000000203e-07	4.278150912892969560e-02	1.141801979392766953e-01	1.128433234989643097e-01
9.765625000000000203e-07	4.508973731176008082e-02	1.160725634545087814e-01	1.148277111351490021e-01
9.765625000000000203e-07	4.328747584095483936e-02	1.158212432637810707e-01	1.142268124967813492e-01
9.765625000000000203e-07	4.648885602437997228e-02	1.162974704056978226e-01	1.148376017808914185e-01
9.765625000000000203e-07	4.336116370992570274e-02	1.146064940840005875e-01	1.133048022165894508e-01
9.765625000000000203e-07	4.285693376124659337e-02	1.147539038211107254e-01	1.130967028439044952e-01
9.765625000000000203e-07	4.232929953480068369e-02	1.143656820058822632e-01	1.132133919745683670e-01
9.765625000000000203e-07	4.342526343615749074e-02	1.146547617390751839e-01	1.133198998868465424e-01
9.765625000000000203e-07	4.428409756738928282e-02	1.152141438797116280e-01	1.134776342660188675e-01
9.765625000000000203e-07	4.328525712407087916e-02	1.152379503473639488e-01	1.136016631498932838e-01
9.765625000000000203e-07	4.401909951356392653e-02	1.158696012571454048e-01	1.151907639577984810e-01
9.765625000000000203e-07	4.498350021393993092e-02	1.160011980682611465e-01	1.142653627321124077e-01
9.765625000000000203e-07	4.517313394742675930e-02	1.146288728341460228e-01	1.135394349694252014e-01
9.765625000000000203e-07	4.308892814796182191e-02	1.150396941229701042e-01	1.138272304087877274e-01
9.765625000000000203e-07	4.343864387726482229e-02	1.154645541682839394e-01	1.134462077170610428e-01
9.765625000000000203e-07	4.363556342977512048e-02	1.152435662224888802e-01	1.141220107674598694e-01
9.765625000000000203e-07	4.283216227836246504e-02	1.141951205208897591e-01	1.129423528909683228e-01
9.765625000000000203e-07	4.330522637767127841e-02	1.152646737173199654e-01	1.131336232647299767e-01
9.765625000000000203e-07	4.303950028894822782e-02	1.148421121761202812e-01	1.132552791386842728e-01
9.765625000000000203e-07	4.268408962820149921e-02	1.152053447440266609e-01	1.133603956550359726e-01
9.765625000000000203e-07	4.488837233261216975e-02	1.156409336254000664e-01	1.137257134541869164e-01
4.882812500000000102e-07	4.362633274986019855e-02	1.160109546035528183e-01	1.137857781723141670e-01
4.882812500000000102e-07	4.415868500931353219e-02	1.151096038520336151e-01	1.137145757675170898e-01
4.882812500000000102e-07	4.370897602808626603e-02	1.149987215176224709e-01	1.130332369357347488e-01
4.882812500000000102e-07	4.394699609543703533e-02	1.141617242246866226e-01	1.131718289107084274e-01
4.882812500000000102e-07	4.409752309888224225e-02	1.162154395133256912e-01	1.146129984408617020e-01
4.882812500000000102e-07	4.346461917120444940e-02	1.149527141824364662e-01	1.133212987333536148e-01
4.882812500000000102e-07	4.428855126983002877e-02	1.160014979541301727e-01	1.143757030367851257e-01
4.882812500000000102e-07	4.305592801751969428e-02	1.147101437672972679e-01	1.129529662430286407e-01
4.882812500000000102e-07	4.474290842308274035e-02	1.150295101106166840e-01	1.134864045307040215e-01
4.882812500000000102e-07	4.394181200031992834e-02	1.154099693521857262e-01	1.135899294167757034e-01
4.882812500000000102e-07	4.332034704805929476e-02	1.153538441285490990e-01	1.139247259125113487e-01
4.882812500000000102e-07	4.425598680973052979e-02	1.155655672773718834e-01	1.143235899507999420e-01
4.882812500000000102e-07	4.345585832584508007e-02	1.149126412346959114e-01	1.144106658175587654e-01
4.882812500000000102e-07	4.429068284321435039e-02	1.152323270216584206e-01	1.138159753754734993e-01
4.882812500000000102e-07	4.365326798980748851e-02	1.147617464885115623e-01	1.134013747796416283e-01
4.882812500000000102e-07	4.275050089706348283e-02	1.144137736409902573e-01	1.133278394117951393e-01
4.882812500000000102e-07	4.269392104654372300e-02	1.145241940394043922e-01	1.133056329563260078e-01
4.882812500000000102e-07	4.228280597849737310e-02	1.147819831967353821e-01	1.137595046311616898e-01
4.882812500000000102e-07	4.354991579923448569e-02	1.138104340061545372e-01	1.122441506013274193e-01
4.882812500000000102e-07	4.369665191897863232e-02	1.143642114475369453e-01	1.131860669702291489e-01
4.882812500000000102e-07	4.390316727700867283e-02	1.142244776710867882e-01	1.132452432066202164e-01
2.441406250000000051e-07	4.415106669634203534e-02	1.142239551991224289e-01	1.128276707604527473e-01
2.441406250000000051e-07	4.293356045986278235e-02	1.153021045029163361e-01	1.131088240072131157e-01
2.441406250000000051e-07	4.315752585571777655e-02	1.158484406769275665e-01	1.148294508457183838e-01
2.441406250000000051e-07	4.304243454450293327e-02	1.147356536239385605e-01	1.129046566784381866e-01
2.441406250000000051e-07	4.278992422962490244e-02	1.144930217415094376e-01	1.132134124636650085e-01
2.441406250000000051e-07	4.210042946417875270e-02	1.152788233011960983e-01	1.135821361094713211e-01
2.441406250000000051e-07	4.441494065560872007e-02	1.147854402661323547e-01	1.131954370066523552e-01
2.441406250000000051e-07	4.312496835106535698e-02	1.149092325940728188e-01	1.132381204515695572e-01
2.441406250000000051e-07	4.289127942882006717e-02	1.148080639541149139e-01	1.137833381071686745e-01
2.441406250000000051e-07	4.294558164156690727e-02	1.146076144650578499e-01	1.135251373052597046e-01
2.441406250000000051e-07	4.407762278673015011e-02	1.156951626762747765e-01	1.143558351323008537e-01
2.441406250000000051e-07	4.420465344115148687e-02	1.147071151062846184e-01	1.136922528967261314e-01
2.441406250000000051e-07	4.369866291556177146e-02	1.142006805166602135e-01	1.134486887603998184e-01
2.441406250000000051e-07	4.246519748828833651e-02	1.149202873930335045e-01	1.130899069830775261e-01
2.441406250000000051e-07	4.287940579690510678e-02	1.145315375179052353e-01	1.134054688736796379e-01
2.441406250000000051e-07	4.462670763553697878e-02	1.144314529374241829e-01	1.134003773331642151e-01
2.441406250000000051e-07	4.369017283750485647e-02	1.152040306478738785e-01	1.135834343731403351e-01
2.441406250000000051e-07	4.411973615613164895e-02	1.150545207783579826e-01	1.136034848168492317e-01
2.441406250000000051e-07	4.465913244440585655e-02	1.150553282350301743e-01	1.133091896772384644e-01
2.441406250000000051e-07	4.263595477501048309e-02	1.145308734849095345e-01	1.129252314567565918e-01
2.441406250000000051e-07	4.192417456850975471e-02	1.143456194549798965e-01	1.131349392235279083e-01
1.220703125000000025e-07	4.332763371588308626e-02	1.162294698879122734e-01	1.146460734307765961e-01
1.220703125000000025e-07	4.276328680070140553e-02	1.145299756899476051e-01	1.133270347490906715e-01
1.220703125000000025e-07	4.371410679024986118e-02	1.169647863134741783e-01	1.150969034060835838e-01
1.220703125000000025e-07	4.524759236204473067e-02	1.152362059801816940e-01	1.139089772477746010e-01
1.220703125000000025e-07	4.274835454040690208e-02	1.149353841319680214e-01	1.131204655393958092e-01
1.220703125000000025e-07	4.319891196828853919e-02	1.156528433784842491e-01	1.140033863484859467e-01
1.220703125000000025e-07	4.475646923425831425e-02	1.154597215354442596e-01	1.147670997306704521e-01
1.220703125000000025e-07	4.399710907777653474e-02	1.151541313156485558e-01	1.135786389932036400e-01
1.220703125000000025e-07	4.401689416528502263e-02	1.153347268700599670e-01	1.137843951582908630e-01
1.220703125000000025e-07	4.358081606841539973e-02	1.145256664603948593e-01	1.131799006834626198e-01
1.220703125000000025e-07	4.263474740370919169e-02	1.148964110761880875e-01	1.133859371766448021e-01
1.220703125000000025e-07	4.449020354430886781e-02	1.144318096339702606e-01	1.136053698137402534e-01
1.220703125000000025e-07	4.535621277327778894e-02	1.151635460555553436e-01	1.137976245954632759e-01
1.220703125000000025e-07	4.438561507606807871e-02	1.161547349765896797e-01	1.140688322484493256e-01
1.220703125000000025e-07	4.239547521441797834e-02	1.150669688358902931e-01	1.134738009423017502e-01
1.220703125000000025e-07	4.303658937540235513e-02	1.152046099305152893e-01	1.139366077259182930e-01
1.220703125000000025e-07	4.402016393274445910e-02	1.139822946861386299e-01	1.132492786273360252e-01
1.220703125000000025e-07	4.412210242280477368e-02	1.150267273187637329e-01	1.139975264668464661e-01
1.220703125000000025e-07	4.444493931022625716e-02	1.141430754214525223e-01	1.126210568472743034e-01
1.220703125000000025e-07	4.367786990124968016e-02	1.150031620636582375e-01	1.133960792794823647e-01
1.220703125000000025e-07	4.358525395016126652e-02	1.144360387697815895e-01	1.129969581961631775e-01
6.103515625000000127e-08	4.399497929630400567e-02	1.141960527747869492e-01	1.133394064381718636e-01
6.103515625000000127e-08	4.441600509836703820e-02	1.143922274932265282e-01	1.128775514662265778e-01
6.103515625000000127e-08	4.426631152252607365e-02	1.151137826964259148e-01	1.136595821008086205e-01
6.103515625000000127e-08	4.335865411388722945e-02	1.148739550262689590e-01	1.138538429513573647e-01
6.103515625000000127e-08	4.282876181923135628e-02	1.149733886122703552e-01	1.133501473814249039e-01
6.103515625000000127e-08	4.379070540772208447e-02	1.149076158180832863e-01	1.132298316806554794e-01
6.103515625000000127e-08	4.375235752874537254e-02	1.149753723293542862e-01	1.133882431313395500e-01
6.103515625000000127e-08	4.321861377905441420e-02	1.152358874678611755e-01	1.138566313311457634e-01
6.103515625000000127e-08	4.519637468966502397e-02	1.170057682320475578e-01	1.150671262294054031e-01
6.103515625000000127e-08	4.405587293867823523e-02	1.146304607391357422e-01	1.136351628229022026e-01
6.103515625000000127e-08	4.494509487589703339e-02	1.155747594311833382e-01	1.138341426849365234e-01
6.103515625000000127e-08	4.372748468495622765e-02	1.152503974735736847e-01	1.133566182106733322e-01
6.103515625000000127e-08	4.439206055919580479e-02	1.160298250615596771e-01	1.143681881949305534e-01
6.103515625000000127e-08	4.608927561040920828e-02	1.161286728456616402e-01	1.156430132687091827e-01
6.103515625000000127e-08	4.521303680501406741e-02	1.150124184787273407e-01	1.136245718225836754e-01
6.103515625000000127e-08	4.381842081305346859e-02	1.152359750121831894e-01	1.127516478300094604e-01
6.103515625000000127e-08	4.312467414744292765e-02	1.154372906312346458e-01	1.140836011618375778e-01
6.103515625000000127e-08	4.469792044992688257e-02	1.141022751107811928e-01	1.128361131995916367e-01
6.103515625000000127e-08	4.258951832410655391e-02	1.145824212580919266e-01	1.130122188478708267e-01
6.103515625000000127e-08	4.358887262170827587e-02	1.140309898182749748e-01	1.133716143667697906e-01
6.103515625000000127e-08	4.328328927483739846e-02	1.139666670933365822e-01	1.131017003208398819e-01
3.051757812500000064e-08	4.266205463039723922e-02	1.157149430364370346e-01	1.149764396250247955e-01
3.051757812500000064e-08	4.483881625759450484e-02	1.148594738915562630e-01	1.137946406379342079e-01
3.051757812500000064e-08	4.412997999711881780e-02	1.148693216964602470e-01	1.131548872217535973e-01
3.051757812500000064e-08	4.440273768916914998e-02	1.149382833391427994e-01	1.136157270520925522e-01
3.051757812500000064e-08	4.273553770271282942e-02	1.151622030884027481e-01	1.141437636688351631e-01
3.051757812500000064e-08	4.375846886747999931e-02	1.143212784081697464e-01	1.132521349936723709e-01
3.051757812500000064e-08	4.368134753047665797e-02	1.143028177320957184e-01	1.131347632035613060e-01
3.051757812500000064e-08	4.293860957215103746e-02	1.146389357745647430e-01	1.133952448144555092e-01
3.051757812500000064e-08	4.248206416451478368e-02	1.148018017411231995e-01	1.134653054177761078e-01
3.051757812500000064e-08	4.418462283815009772e-02	1.157715022563934326e-01	1.147864134982228279e-01
3.051757812500000064e-08	4.145176491782635170e-02	1.152030834928154945e-01	1.135584618896245956e-01
3.051757812500000064e-08	4.373849874150149281e-02	1.154226437211036682e-01	1.142093772068619728e-01
3.051757812500000064e-08	4.226807497819013576e-02	1.149315470829606056e-01	1.134745348244905472e-01
3.051757812500000064e-08	4.362880615399607892e-02	1.152059342712163925e-01	1.134463762864470482e-01
3.051757812500000064e-08	4.278264953931675690e-02	1.155595779418945312e-01	1.135193584486842155e-01
3.051757812500000064e-08	4.330988336778894554e-02	1.147814011201262474e-01	1.133266678079962730e-01
3.051757812500000064e-08	4.382341850218893914e-02	1.157715553417801857e-01	1.138456789776682854e-01
3.051757812500000064e-08	4.328559643199926532e-02	1.150298845022916794e-01	1.135923806577920914e-01
3.051757812500000064e-08	4.368074827744990868e-02	1.155800176784396172e-01	1.147747738286852837e-01
3.051757812500000064e-08	4.259337076940868799e-02	1.138173351064324379e-01	1.129655456170439720e-01
3.051757812500000064e-08	4.335424242706238662e-02	1.156744137406349182e-01	1.143754404038190842e-01
1.525878906250000032e-08	4.467244564166551746e-02	1.149763371795415878e-01	1.134808519855141640e-01
1.525878906250000032e-08	4.324775632423690647e-02	1.144268121570348740e-01	1.134846964851021767e-01
