2.000000000000000042e-03	3.557436832144290628e-01	2.942281588912010193e-01	2.885530404746532440e-01
2.000000000000000042e-03	2.530515493848655706e-01	2.263401225209236145e-01	2.250089477747678757e-01
2.000000000000000042e-03	2.283422905433027117e-01	2.566554136574268341e-01	2.555424906313419342e-01
2.000000000000000042e-03	2.107931979094879449e-01	2.098863068968057632e-01	2.105447426438331604e-01
2.000000000000000042e-03	2.114486603797236519e-01	2.218178249895572662e-01	2.218238152563571930e-01
2.000000000000000042e-03	2.104267527030993234e-01	2.369003724306821823e-01	2.373863160610198975e-01
2.000000000000000042e-03	1.932549463419974689e-01	2.274246215820312500e-01	2.274740710854530334e-01
2.000000000000000042e-03	1.959272673990153091e-01	1.891022901982069016e-01	1.910336352884769440e-01
2.000000000000000042e-03	1.847510958396935687e-01	2.059857789427042007e-01	2.090276610106229782e-01
2.000000000000000042e-03	1.888696072222311173e-01	1.727398186922073364e-01	1.743066962808370590e-01
2.000000000000000042e-03	1.824740927807892432e-01	1.756858397275209427e-01	1.759031694382429123e-01
2.000000000000000042e-03	1.848483145991458299e-01	1.649169921875000000e-01	1.670419387519359589e-01
2.000000000000000042e-03	1.777630203132387898e-01	1.677340287715196609e-01	1.659500487148761749e-01
2.000000000000000042e-03	1.750585019965714972e-01	1.779821403324604034e-01	1.771924272179603577e-01
2.000000000000000042e-03	1.710674074254458499e-01	1.791216135025024414e-01	1.790916211903095245e-01
2.000000000000000042e-03	1.802329705863059406e-01	1.620397493243217468e-01	1.657218951731920242e-01
2.000000000000000042e-03	1.719154219461392630e-01	1.623940728604793549e-01	1.653645448386669159e-01
2.000000000000000042e-03	1.676522476386420324e-01	1.634435299783945084e-01	1.645447257906198502e-01
2.000000000000000042e-03	1.671804187795783991e-01	1.563355196267366409e-01	1.591121070086956024e-01
2.000000000000000042e-03	1.701811740670023110e-01	1.732617840170860291e-01	1.745844166725873947e-01
2.000000000000000042e-03	1.651504530182367758e-01	1.692530494183301926e-01	1.701775453984737396e-01
2.000000000000000042e-03	1.615695868489108455e-01	1.584169864654541016e-01	1.597421672195196152e-01
2.000000000000000042e-03	1.571392407522925749e-01	1.473936960101127625e-01	1.520573347806930542e-01
2.000000000000000042e-03	1.556316429301153326e-01	1.530983764678239822e-01	1.542896218597888947e-01
2.000000000000000042e-03	1.561792340082458208e-01	1.514598727226257324e-01	1.526798494160175323e-01
2.000000000000000042e-03	1.587325342093841851e-01	1.536608804017305374e-01	1.521182674914598465e-01
2.000000000000000042e-03	1.591620741388465876e-01	1.438874360173940659e-01	1.478919405490159988e-01
2.000000000000000042e-03	1.485587390540521469e-01	1.433171443641185760e-01	1.453138291835784912e-01
2.000000000000000042e-03	1.529656258187716555e-01	1.682414058595895767e-01	1.682287286967039108e-01
2.000000000000000042e-03	1.516914685504345828e-01	1.648789010941982269e-01	1.662295907735824585e-01
2.000000000000000042e-03	1.566340996872020719e-01	1.573971286416053772e-01	1.593865789473056793e-01
2.000000000000000042e-03	1.520225100124938666e-01	1.515188962221145630e-01	1.504659950733184814e-01
2.000000000000000042e-03	1.533853568231003106e-01	1.931737754493951797e-01	1.951619535684585571e-01
2.000000000000000042e-03	1.501991687507568951e-01	1.536971591413021088e-01	1.548259947448968887e-01
2.000000000000000042e-03	1.527079813465287428e-01	1.492970231920480728e-01	1.517288722097873688e-01
2.000000000000000042e-03	1.508318815804735036e-01	1.564365662634372711e-01	1.555041596293449402e-01
2.000000000000000042e-03	1.457935683900797030e-01	1.551237702369689941e-01	1.577417720109224319e-01
2.000000000000000042e-03	1.479876610108568635e-01	1.422054227441549301e-01	1.426893901079893112e-01
2.000000000000000042e-03	1.439675866991658726e-01	1.379631571471691132e-01	1.436706744134426117e-01
2.000000000000000042e-03	1.414320760324031534e-01	1.512480601668357849e-01	1.508274637162685394e-01
2.000000000000000042e-03	1.379642629925208752e-01	1.588436774909496307e-01	1.625794060528278351e-01
2.000000000000000042e-03	1.416557847133165793e-01	1.447825301438570023e-01	1.465245187282562256e-01
2.000000000000000042e-03	1.411986497195461265e-01	1.468609347939491272e-01	1.500846128910779953e-01
2.000000000000000042e-03	1.396699534564078693e-01	1.501081138849258423e-01	1.515622138977050781e-01
2.000000000000000042e-03	1.379540075984182212e-01	1.395868845283985138e-01	1.409584153443574905e-01
2.000000000000000042e-03	1.378108172477046089e-01	1.453880798071622849e-01	1.461944095790386200e-01
2.000000000000000042e-03	1.352304208882247338e-01	1.470507979393005371e-01	1.480552088469266891e-01
2.000000000000000042e-03	1.352992524640469485e-01	1.370082758367061615e-01	1.405864600092172623e-01
2.000000000000000042e-03	1.367919017808346682e-01	1.363690579310059547e-01	1.398136895149946213e-01
2.000000000000000042e-03	1.386187944231153935e-01	1.546511631458997726e-01	1.565777063369750977e-01
2.000000000000000042e-03	1.374897156146508148e-01	1.478565447032451630e-01	1.502893138676881790e-01
2.000000000000000042e-03	1.393163179672217145e-01	1.360630337148904800e-01	1.369946766644716263e-01
2.000000000000000042e-03	1.371827604649942245e-01	1.489970479160547256e-01	1.510135028511285782e-01
2.000000000000000042e-03	1.334732876548284097e-01	1.506293676793575287e-01	1.509185917675495148e-01
2.000000000000000042e-03	1.326216305547122665e-01	1.362806390970945358e-01	1.388108693063259125e-01
2.000000000000000042e-03	1.295539458529858523e-01	1.407826617360115051e-01	1.400236338376998901e-01
2.000000000000000042e-03	1.265312205952933977e-01	1.341492943465709686e-01	1.348684076219797134e-01
2.000000000000000042e-03	1.280835538725309808e-01	1.390479411929845810e-01	1.423536352813243866e-01
2.000000000000000042e-03	1.357782105856303878e-01	1.375243179500102997e-01	1.376498211175203323e-01
2.000000000000000042e-03	1.296668912790998607e-01	1.365319062024354935e-01	1.376663334667682648e-01
2.000000000000000042e-03	1.286609302027316160e-01	1.352439429610967636e-01	1.353841386735439301e-01
2.000000000000000042e-03	1.263155129891407602e-01	1.516696605831384659e-01	1.519147641956806183e-01
2.000000000000000042e-03	1.297940885341620221e-01	1.414444614201784134e-01	1.408248543739318848e-01
2.000000000000000042e-03	1.273425260110746526e-01	1.339241722598671913e-01	1.355650648474693298e-01
2.000000000000000042e-03	1.306772574405127008e-01	1.397645762190222740e-01	1.414184831082820892e-01
2.000000000000000042e-03	1.296768563834926613e-01	1.425167936831712723e-01	1.439837925136089325e-01
2.000000000000000042e-03	1.251751795599732320e-01	1.346705220639705658e-01	1.383616179227828979e-01
2.000000000000000042e-03	1.269009343430965719e-01	1.310612866654992104e-01	1.329805199056863785e-01
2.000000000000000042e-03	1.212589078688923322e-01	1.384704094380140305e-01	1.394624076783657074e-01
2.000000000000000042e-03	1.261799607095838993e-01	1.301193460822105408e-01	1.331200655549764633e-01
2.000000000000000042e-03	1.191663381796848886e-01	1.356811951845884323e-01	1.387906335294246674e-01
2.000000000000000042e-03	1.202493653267244778e-01	1.443198900669813156e-01	1.456400789320468903e-01
2.000000000000000042e-03	1.185064086619811718e-01	1.350248176604509354e-01	1.345534231513738632e-01
2.000000000000000042e-03	1.232607753216465873e-01	1.405300386250019073e-01	1.395704708993434906e-01
2.000000000000000042e-03	1.222699257203295198e-01	1.381367370486259460e-01	1.400659568607807159e-01
2.000000000000000042e-03	1.174895026827160321e-01	1.327954120934009552e-01	1.350724194198846817e-01
2.000000000000000042e-03	1.216468963819214016e-01	1.282605836167931557e-01	1.294510466977953911e-01
2.000000000000000042e-03	1.175096350002892420e-01	1.278350269421935081e-01	1.297851232811808586e-01
2.000000000000000042e-03	1.143741090840931229e-01	1.510008312761783600e-01	1.537278406322002411e-01
2.000000000000000042e-03	1.155579801224455028e-01	1.260521449148654938e-01	1.281858785077929497e-01
2.000000000000000042e-03	1.170038113111182138e-01	1.255367603152990341e-01	1.269546039402484894e-01
2.000000000000000042e-03	1.160058747929862827e-01	1.491257809102535248e-01	1.494364216923713684e-01
2.000000000000000042e-03	1.146184497430354776e-01	1.262740781530737877e-01	1.280866963788866997e-01
2.000000000000000042e-03	1.120199449831926347e-01	1.496718600392341614e-01	1.504639908671379089e-01
2.000000000000000042e-03	1.167632431923588676e-01	1.354331560432910919e-01	1.370327975600957870e-01
2.000000000000000042e-03	1.153464516318297023e-01	1.329061817377805710e-01	1.335807405412197113e-01
2.000000000000000042e-03	1.131427087172677259e-01	1.308001726865768433e-01	1.334952116012573242e-01
2.000000000000000042e-03	1.165032782886601670e-01	1.444212626665830612e-01	1.454852595925331116e-01
2.000000000000000042e-03	1.172150058459631994e-01	1.360910832881927490e-01	1.384458467364311218e-01
2.000000000000000042e-03	1.141277147999292668e-01	1.309386817738413811e-01	1.326000429689884186e-01
2.000000000000000042e-03	1.111475188709512563e-01	1.359406970441341400e-01	1.389470845460891724e-01
2.000000000000000042e-03	1.121493825052357896e-01	1.288855196908116341e-01	1.303545152768492699e-01
2.000000000000000042e-03	1.076790076456492495e-01	1.297438666224479675e-01	1.323068859055638313e-01
2.000000000000000042e-03	1.109734248322776645e-01	1.286825416609644890e-01	1.315703410655260086e-01
2.000000000000000042e-03	1.067515981348255011e-01	1.300949100404977798e-01	1.324995178729295731e-01
2.000000000000000042e-03	1.081872105221205055e-01	1.284552281722426414e-01	1.301294565200805664e-01
2.000000000000000042e-03	1.111158645605739154e-01	1.368851624429225922e-01	1.400540731847286224e-01
2.000000000000000042e-03	1.074795743709878043e-01	1.489061787724494934e-01	1.501090116798877716e-01
2.000000000000000042e-03	1.088173133851606661e-01	1.264719543978571892e-01	1.284465240314602852e-01
2.000000000000000042e-03	1.068828413380852188e-01	1.257277252152562141e-01	1.268838737159967422e-01
2.000000000000000042e-03	1.066326134001152476e-01	1.300888322293758392e-01	1.309858281165361404e-01
2.000000000000000042e-03	1.076898068378243228e-01	1.294948402792215347e-01	1.290929401293396950e-01
1.000000000000000021e-03	9.471084526445291973e-02	1.224376847967505455e-01	1.230798764154314995e-01
1.000000000000000021e-03	9.245467233129694984e-02	1.219318686053156853e-01	1.226413724943995476e-01
1.000000000000000021e-03	9.433229380770574712e-02	1.288053952157497406e-01	1.282887663692235947e-01
1.000000000000000021e-03	9.393166910998429486e-02	1.238697627559304237e-01	1.251664161682128906e-01
1.000000000000000021e-03	9.075236094148853017e-02	1.209724200889468193e-01	1.206318475306034088e-01
1.000000000000000021e-03	8.993078042057496557e-02	1.209493326023221016e-01	1.211374560371041298e-01
1.000000000000000021e-03	9.034550388025332224e-02	1.267426833510398865e-01	1.239607548341155052e-01
1.000000000000000021e-03	8.817330304580399403e-02	1.219180719926953316e-01	1.216254699975252151e-01
1.000000000000000021e-03	9.113638612288463281e-02	1.320435777306556702e-01	1.323399450629949570e-01
1.000000000000000021e-03	9.076183402462850713e-02	1.195306330919265747e-01	1.192039502784609795e-01
1.000000000000000021e-03	8.778207220985920212e-02	1.209947811439633369e-01	1.217230493202805519e-01
1.000000000000000021e-03	8.633466668521301568e-02	1.221426511183381081e-01	1.231633946299552917e-01
1.000000000000000021e-03	8.503149666740925094e-02	1.234403597190976143e-01	1.222860645502805710e-01
1.000000000000000021e-03	8.487609057109567201e-02	1.178946327418088913e-01	1.194390486925840378e-01
1.000000000000000021e-03	8.388812462740306841e-02	1.233833888545632362e-01	1.240000100806355476e-01
1.000000000000000021e-03	8.491088308488266290e-02	1.212978325784206390e-01	1.213013883680105209e-01
1.000000000000000021e-03	8.477985670294942155e-02	1.294917007908225060e-01	1.300576226785778999e-01
1.000000000000000021e-03	8.358734053901478722e-02	1.193898003548383713e-01	1.179918125271797180e-01
1.000000000000000021e-03	8.170695904689499744e-02	1.224098755046725273e-01	1.222274852916598320e-01
1.000000000000000021e-03	8.413613681929020538e-02	1.276695504784584045e-01	1.268772417679429054e-01
1.000000000000000021e-03	8.522536935685556814e-02	1.263017114251852036e-01	1.238615158945322037e-01
1.000000000000000021e-03	8.571003160521953324e-02	1.208249097689986229e-01	1.208929158747196198e-01
1.000000000000000021e-03	8.216550842493394735e-02	1.212340518832206726e-01	1.223386172205209732e-01
1.000000000000000021e-03	8.135493448640726544e-02	1.199939707294106483e-01	1.188903367146849632e-01
1.000000000000000021e-03	7.991583220943619670e-02	1.219639321789145470e-01	1.199128134176135063e-01
1.000000000000000021e-03	8.162696895342838599e-02	1.218632562085986137e-01	1.213231757283210754e-01
1.000000000000000021e-03	7.913287163158005955e-02	1.212757695466279984e-01	1.205756980925798416e-01
1.000000000000000021e-03	8.128648175846171775e-02	1.430461350828409195e-01	1.423904187977313995e-01
1.000000000000000021e-03	7.964184781229949328e-02	1.217529019340872765e-01	1.222209213301539421e-01
1.000000000000000021e-03	8.189399483837658811e-02	1.222905451431870461e-01	1.213617278262972832e-01
1.000000000000000021e-03	7.681902634757983850e-02	1.192769156768918037e-01	1.191318705677986145e-01
1.000000000000000021e-03	7.981750585987598678e-02	1.217902712523937225e-01	1.232278039678931236e-01
1.000000000000000021e-03	7.768020599703245876e-02	1.201103832572698593e-01	1.202038815245032310e-01
1.000000000000000021e-03	7.902571719281281659e-02	1.232205620035529137e-01	1.211426323279738426e-01
1.000000000000000021e-03	8.021530933395217000e-02	1.209511933848261833e-01	1.198134496808052063e-01
5.000000000000000104e-04	7.237072199394431471e-02	1.161442333832383156e-01	1.160991601645946503e-01
5.000000000000000104e-04	7.090057489238207888e-02	1.157191889360547066e-01	1.143918363377451897e-01
5.000000000000000104e-04	6.932550697009774721e-02	1.174520840868353844e-01	1.174199674278497696e-01
5.000000000000000104e-04	6.669170324560962093e-02	1.178970616310834885e-01	1.169346850365400314e-01
5.000000000000000104e-04	6.810671567351003763e-02	1.158402571454644203e-01	1.153882648795843124e-01
5.000000000000000104e-04	7.032045632412162184e-02	1.155189657583832741e-01	1.148268785327672958e-01
5.000000000000000104e-04	6.667508680043340852e-02	1.166651882231235504e-01	1.166902100667357445e-01
5.000000000000000104e-04	6.719167106136490764e-02	1.151879411190748215e-01	1.148376027122139931e-01
5.000000000000000104e-04	6.544471107706238688e-02	1.163859171792864799e-01	1.171226995065808296e-01
5.000000000000000104e-04	6.728637138310866739e-02	1.167810661718249321e-01	1.161888437345623970e-01
5.000000000000000104e-04	6.793470303469066607e-02	1.193279894068837166e-01	1.189372045919299126e-01
5.000000000000000104e-04	6.716187222848964133e-02	1.173826986923813820e-01	1.169920172542333603e-01
5.000000000000000104e-04	6.452005969572670308e-02	1.164488494396209717e-01	1.168776936829090118e-01
5.000000000000000104e-04	6.653385104823715535e-02	1.183081846684217453e-01	1.169477030634880066e-01
5.000000000000000104e-04	6.590872055178956246e-02	1.177586494013667107e-01	1.166408890858292580e-01
5.000000000000000104e-04	6.574127007322976002e-02	1.176972584798932076e-01	1.160594401881098747e-01
5.000000000000000104e-04	6.318820918662639008e-02	1.177726835012435913e-01	1.175480009987950325e-01
5.000000000000000104e-04	6.624924273619169079e-02	1.191995088011026382e-01	1.189092490822076797e-01
5.000000000000000104e-04	6.351393121707288314e-02	1.179781705141067505e-01	1.171374693512916565e-01
5.000000000000000104e-04	6.454367770612993993e-02	1.174551062285900116e-01	1.165430182591080666e-01
5.000000000000000104e-04	6.323214389289481818e-02	1.165442094206809998e-01	1.157293003052473068e-01
5.000000000000000104e-04	6.406216875095910313e-02	1.174095515161752701e-01	1.155768828466534615e-01
5.000000000000000104e-04	6.223928291775003563e-02	1.172168944031000137e-01	1.166627174243330956e-01
5.000000000000000104e-04	6.492529818906059291e-02	1.195206344127655029e-01	1.186837991699576378e-01
5.000000000000000104e-04	6.738621609497673359e-02	1.197030860930681229e-01	1.178095592185854912e-01
5.000000000000000104e-04	6.040229101347018015e-02	1.177633907645940781e-01	1.176629913970828056e-01
5.000000000000000104e-04	6.214484459237207270e-02	1.156932264566421509e-01	1.160781756043434143e-01
5.000000000000000104e-04	6.158631865548182260e-02	1.185645814985036850e-01	1.191839398816227913e-01
5.000000000000000104e-04	6.169905612551713353e-02	1.156284641474485397e-01	1.150489058345556259e-01
2.500000000000000052e-04	5.860092316435862314e-02	1.150323087349534035e-01	1.149437092244625092e-01
2.500000000000000052e-04	5.704888456229922217e-02	1.164827179163694382e-01	1.158821200951933861e-01
2.500000000000000052e-04	5.663022087721884812e-02	1.152739543467760086e-01	1.150290789082646370e-01
2.500000000000000052e-04	5.774886349711236960e-02	1.154260840266942978e-01	1.154606379568576813e-01
2.500000000000000052e-04	5.613920158600505667e-02	1.163904536515474319e-01	1.168071357533335686e-01
2.500000000000000052e-04	5.821514082483098679e-02	1.164875701069831848e-01	1.159741738811135292e-01
2.500000000000000052e-04	5.534969675767270614e-02	1.154197566211223602e-01	1.149797486141324043e-01
2.500000000000000052e-04	5.722888521378553112e-02	1.168075483292341232e-01	1.158378170803189278e-01
2.500000000000000052e-04	5.612159345912028086e-02	1.146425614133477211e-01	1.151290992274880409e-01
2.500000000000000052e-04	5.561193281525297905e-02	1.148394355550408363e-01	1.146174427121877670e-01
2.500000000000000052e-04	5.633534193982051713e-02	1.150065911933779716e-01	1.156514361500740051e-01
2.500000000000000052e-04	5.657554050035114301e-02	1.160128423944115639e-01	1.167560992762446404e-01
2.500000000000000052e-04	5.594571260145948105e-02	1.156085394322872162e-01	1.158925322815775871e-01
2.500000000000000052e-04	5.595353868188737007e-02	1.160484328866004944e-01	1.150093199685215950e-01
2.500000000000000052e-04	5.619283732545526933e-02	1.177714755758643150e-01	1.177166234701871872e-01
2.500000000000000052e-04	5.649812566705896683e-02	1.165251331403851509e-01	1.163244759663939476e-01
2.500000000000000052e-04	5.543783278782156432e-02	1.162247741594910622e-01	1.165346801280975342e-01
2.500000000000000052e-04	5.557254055821442967e-02	1.158900000154972076e-01	1.160684525966644287e-01
2.500000000000000052e-04	5.548948959647855006e-02	1.161356763914227486e-01	1.158851878717541695e-01
2.500000000000000052e-04	5.641927074971078010e-02	1.161359185352921486e-01	1.165454303845763206e-01
2.500000000000000052e-04	5.473107627675503212e-02	1.158461365848779678e-01	1.158289229497313499e-01
2.500000000000000052e-04	5.643271843466577536e-02	1.173423798754811287e-01	1.182260885834693909e-01
2.500000000000000052e-04	5.377129526643813218e-02	1.160900574177503586e-01	1.157698547467589378e-01
2.500000000000000052e-04	5.386866572536999631e-02	1.162775317206978798e-01	1.161459945142269135e-01
2.500000000000000052e-04	5.538340672096119660e-02	1.166719766333699226e-01	1.165224257856607437e-01
2.500000000000000052e-04	5.592681528835356797e-02	1.174580212682485580e-01	1.180255040526390076e-01
2.500000000000000052e-04	5.451417436139493339e-02	1.192208323627710342e-01	1.186849968507885933e-01
2.500000000000000052e-04	5.399974690207952344e-02	1.155999936163425446e-01	1.166392266750335693e-01
2.500000000000000052e-04	5.469267650306978978e-02	1.158639686182141304e-01	1.158924829214811325e-01
2.500000000000000052e-04	5.388719201842440826e-02	1.158490097150206566e-01	1.160066481679677963e-01
1.250000000000000026e-04	5.337572286400613791e-02	1.164271691814064980e-01	1.161672994494438171e-01
1.250000000000000026e-04	5.308562540743924640e-02	1.158408476039767265e-01	1.152302389964461327e-01
1.250000000000000026e-04	5.273526317522495704e-02	1.152876997366547585e-01	1.153614446520805359e-01
1.250000000000000026e-04	5.074893881248522531e-02	1.159808244556188583e-01	1.151242274791002274e-01
1.250000000000000026e-04	5.188720602589317471e-02	1.164537277072668076e-01	1.168226720765233040e-01
1.250000000000000026e-04	5.019097907256476337e-02	1.169872824102640152e-01	1.156475162133574486e-01
1.250000000000000026e-04	5.081733358623106295e-02	1.161006828770041466e-01	1.159861227497458458e-01
1.250000000000000026e-04	5.085630733755570204e-02	1.158474562689661980e-01	1.162956636399030685e-01
1.250000000000000026e-04	5.072091406659234858e-02	1.165533401072025299e-01	1.160467406734824181e-01
1.250000000000000026e-04	5.217424247272407084e-02	1.173840956762433052e-01	1.173437843099236488e-01
1.250000000000000026e-04	5.099694421396979566e-02	1.149468543007969856e-01	1.146722910925745964e-01
1.250000000000000026e-04	4.975743426740923681e-02	1.150963455438613892e-01	1.148382304236292839e-01
1.250000000000000026e-04	5.087247684220724125e-02	1.148744160309433937e-01	1.151715572923421860e-01
1.250000000000000026e-04	5.048727993912334455e-02	1.160071594640612602e-01	1.160135399550199509e-01
1.250000000000000026e-04	5.182287917484210832e-02	1.159326676279306412e-01	1.161850439384579659e-01
1.250000000000000026e-04	4.947054815254633975e-02	1.155606415122747421e-01	1.152313640341162682e-01
1.250000000000000026e-04	5.170090477677840440e-02	1.166242705658078194e-01	1.164720198139548302e-01
1.250000000000000026e-04	5.070702533555936087e-02	1.155231343582272530e-01	1.156072206795215607e-01
1.250000000000000026e-04	5.142486981953246772e-02	1.161464760079979897e-01	1.152705689892172813e-01
1.250000000000000026e-04	5.184450995507119270e-02	1.153177116066217422e-01	1.154853412881493568e-01
1.250000000000000026e-04	5.057397140543672120e-02	1.157941622659564018e-01	1.153850117698311806e-01
6.250000000000000130e-05	4.961100814840461309e-02	1.159369759261608124e-01	1.162754734978079796e-01
6.250000000000000130e-05	4.897653533122207220e-02	1.153833754360675812e-01	1.155738830566406250e-01
6.250000000000000130e-05	5.054224456978749502e-02	1.152291623875498772e-01	1.153403250500559807e-01
6.250000000000000130e-05	4.942125303647185858e-02	1.153612146154046059e-01	1.150768427178263664e-01
6.250000000000000130e-05	4.814840381658529872e-02	1.162019940093159676e-01	1.163208317011594772e-01
6.250000000000000130e-05	4.819294187841536431e-02	1.150883985683321953e-01	1.155158951878547668e-01
6.250000000000000130e-05	4.899270709934113593e-02	1.153614027425646782e-01	1.144957467913627625e-01
6.250000000000000130e-05	4.774009983373593557e-02	1.160912979394197464e-01	1.162482174113392830e-01
6.250000000000000130e-05	4.813953762567495936e-02	1.152523504570126534e-01	1.150291198864579201e-01
6.250000000000000130e-05	4.959716850632353569e-02	1.159355081617832184e-01	1.155902203172445297e-01
6.250000000000000130e-05	4.685759624537033652e-02	1.154209822416305542e-01	1.153809167444705963e-01
6.250000000000000130e-05	4.890087086565887003e-02	1.153707643970847130e-01	1.153153320774435997e-01
6.250000000000000130e-05	4.877807935581931348e-02	1.160310264676809311e-01	1.156050032004714012e-01
6.250000000000000130e-05	4.830180702707435186e-02	1.163051286712288857e-01	1.160092037171125412e-01
6.250000000000000130e-05	4.960575171663791222e-02	1.161525333300232887e-01	1.159213529899716377e-01
6.250000000000000130e-05	4.764528921510599591e-02	1.154317641630768776e-01	1.151902237907052040e-01
6.250000000000000130e-05	4.811886429220815081e-02	1.153747327625751495e-01	1.147571029141545296e-01
6.250000000000000130e-05	4.847542658636841417e-02	1.152461478486657143e-01	1.149717159569263458e-01
6.250000000000000130e-05	4.909041231568855856e-02	1.155091496184468269e-01	1.151490472257137299e-01
6.250000000000000130e-05	4.974588855535169024e-02	1.167777152732014656e-01	1.159769315272569656e-01
6.250000000000000130e-05	4.873496921190732800e-02	1.158002708107233047e-01	1.153405616059899330e-01
3.125000000000000065e-05	4.834428684243673169e-02	1.153696915134787560e-01	1.152659906074404716e-01
3.125000000000000065e-05	4.896396007153052538e-02	1.155722821131348610e-01	1.153472745791077614e-01
3.125000000000000065e-05	4.667869450736649578e-02	1.158472476527094841e-01	1.158017683774232864e-01
3.125000000000000065e-05	4.740217771333984226e-02	1.161839766427874565e-01	1.159194093197584152e-01
3.125000000000000065e-05	4.696861928022360438e-02	1.152968350797891617e-01	1.150086838752031326e-01
3.125000000000000065e-05	4.652126845491083573e-02	1.155821159482002258e-01	1.157946772873401642e-01
3.125000000000000065e-05	4.772839827250830586e-02	1.154186930507421494e-01	1.147674042731523514e-01
3.125000000000000065e-05	4.729932150508783795e-02	1.154796574264764786e-01	1.152545772492885590e-01
3.125000000000000065e-05	4.768646343410769262e-02	1.155139477923512459e-01	1.152098197489976883e-01
3.125000000000000065e-05	4.709257039276859569e-02	1.160170715302228928e-01	1.152832750231027603e-01
3.125000000000000065e-05	4.779860957325259008e-02	1.158578181639313698e-01	1.150721814483404160e-01
3.125000000000000065e-05	5.003078508226177501e-02	1.162537122145295143e-01	1.157942842692136765e-01
3.125000000000000065e-05	4.762890048419372857e-02	1.163594163954257965e-01	1.155154835432767868e-01
3.125000000000000065e-05	4.794849078112010943e-02	1.158469002693891525e-01	1.152738947421312332e-01
3.125000000000000065e-05	4.726261942635608809e-02	1.157939741387963295e-01	1.156836999580264091e-01
3.125000000000000065e-05	4.609014711613896448e-02	1.158266020938754082e-01	1.156176179647445679e-01
3.125000000000000065e-05	4.670874123709111564e-02	1.160402111709117889e-01	1.156243653967976570e-01
3.125000000000000065e-05	4.861225763076468254e-02	1.168610379099845886e-01	1.163897989317774773e-01
3.125000000000000065e-05	4.894281588966333668e-02	1.169557580724358559e-01	1.169337062165141106e-01
3.125000000000000065e-05	4.718780908969383986e-02	1.154980733990669250e-01	1.152482647448778152e-01
3.125000000000000065e-05	4.693362347875969232e-02	1.155204745009541512e-01	1.154307173565030098e-01
1.562500000000000033e-05	4.696522587085071726e-02	1.154039576649665833e-01	1.147042838856577873e-01
1.562500000000000033e-05	4.742471284315556007e-02	1.156727978959679604e-01	1.155809639021754265e-01
1.562500000000000033e-05	4.703586251486705644e-02	1.160033605992794037e-01	1.158684547990560532e-01
1.562500000000000033e-05	4.789867902858347543e-02	1.171544389799237251e-01	1.172642363235354424e-01
1.562500000000000033e-05	4.691551446537427922e-02	1.161881014704704285e-01	1.157480068504810333e-01
1.562500000000000033e-05	4.644187318184708063e-02	1.154973050579428673e-01	1.148362876847386360e-01
1.562500000000000033e-05	4.683874024054671820e-02	1.157812271267175674e-01	1.162080569192767143e-01
1.562500000000000033e-05	4.794469145657141024e-02	1.161427572369575500e-01	1.159150870516896248e-01
1.562500000000000033e-05	4.794305181012877698e-02	1.149538271129131317e-01	1.142698498442769051e-01
1.562500000000000033e-05	4.798136307280274904e-02	1.174594387412071228e-01	1.175174945965409279e-01
1.562500000000000033e-05	4.668435784457605070e-02	1.150582078844308853e-01	1.152688032016158104e-01
1.562500000000000033e-05	4.576792525528352445e-02	1.164049040526151657e-01	1.156403897330164909e-01
1.562500000000000033e-05	4.736233554497550069e-02	1.152691673487424850e-01	1.146019231528043747e-01
1.562500000000000033e-05	4.766566905228397655e-02	1.156426863744854927e-01	1.153195910155773163e-01
1.562500000000000033e-05	4.687665313293662428e-02	1.157651385292410851e-01	1.153484852984547615e-01
1.562500000000000033e-05	4.559041347496117086e-02	1.162656797096133232e-01	1.159596927464008331e-01
1.562500000000000033e-05	4.847677995132494699e-02	1.175215989351272583e-01	1.167291738092899323e-01
1.562500000000000033e-05	4.585488088711907328e-02	1.149600706994533539e-01	1.153544494882225990e-01
1.562500000000000033e-05	4.824764564444747328e-02	1.155136013403534889e-01	1.145514585077762604e-01
1.562500000000000033e-05	4.787224559467050111e-02	1.161063732579350471e-01	1.154675539582967758e-01
1.562500000000000033e-05	4.667255221099793350e-02	1.152617093175649643e-01	1.148504484444856644e-01
7.812500000000000163e-06	4.609222573381435706e-02	1.164855603128671646e-01	1.153942197561264038e-01
7.812500000000000163e-06	4.659809662571436084e-02	1.157144112512469292e-01	1.154543263837695122e-01
7.812500000000000163e-06	4.778034249438515429e-02	1.170939020812511444e-01	1.163946073502302170e-01
7.812500000000000163e-06	4.612953508202033426e-02	1.156164128333330154e-01	1.149757849052548409e-01
7.812500000000000163e-06	4.692550253453133674e-02	1.160719627514481544e-01	1.149942409247159958e-01
7.812500000000000163e-06	4.590747514857521777e-02	1.156192542985081673e-01	1.152296653017401695e-01
7.812500000000000163e-06	4.891564310351504546e-02	1.172318682074546814e-01	1.168943764641880989e-01
7.812500000000000163e-06	4.848217704816709661e-02	1.163596501573920250e-01	1.159252645447850227e-01
7.812500000000000163e-06	4.623080252469340123e-02	1.162383146584033966e-01	1.161040021106600761e-01
7.812500000000000163e-06	4.622864190347587138e-02	1.167033119127154350e-01	1.159251686185598373e-01
7.812500000000000163e-06	4.531535624137407459e-02	1.163096707314252853e-01	1.149505544453859329e-01
7.812500000000000163e-06	4.644795634512659949e-02	1.163924112915992737e-01	1.156544471159577370e-01
7.812500000000000163e-06	4.589694700663602550e-02	1.156005160883069038e-01	1.145878853276371956e-01
7.812500000000000163e-06	4.792460445550423415e-02	1.164179770275950432e-01	1.159295458346605301e-01
7.812500000000000163e-06	4.683478421802762109e-02	1.155703933909535408e-01	1.153833931311964989e-01
7.812500000000000163e-06	4.679534673879418016e-02	1.161973923444747925e-01	1.156673785299062729e-01
7.812500000000000163e-06	4.620942874233933961e-02	1.162072774022817612e-01	1.157738314941525459e-01
7.812500000000000163e-06	4.649380599207515730e-02	1.160273617133498192e-01	1.153367087244987488e-01
7.812500000000000163e-06	4.597792458496516299e-02	1.155468039214611053e-01	1.151106096804141998e-01
7.812500000000000163e-06	4.595645267186285882e-02	1.174431908875703812e-01	1.168345790356397629e-01
7.812500000000000163e-06	4.551612585783004761e-02	1.156654618680477142e-01	1.156715909019112587e-01
3.906250000000000081e-06	4.760717199761656249e-02	1.163287665694952011e-01	1.158829629421234131e-01
3.906250000000000081e-06	4.701051988367793005e-02	1.162961982190608978e-01	1.162339029833674431e-01
3.906250000000000081e-06	4.628416678950756508e-02	1.165246171876788139e-01	1.162942023947834969e-01
3.906250000000000081e-06	4.668551386345790727e-02	1.155762495473027229e-01	1.149153700098395348e-01
3.906250000000000081e-06	4.561789494149292440e-02	1.156802969053387642e-01	1.154939355328679085e-01
3.906250000000000081e-06	4.723343422895745491e-02	1.161478077992796898e-01	1.155171813443303108e-01
3.906250000000000081e-06	4.565865414429314678e-02	1.156409066170454025e-01	1.152461040765047073e-01
3.906250000000000081e-06	4.632440412157698417e-02	1.152550783008337021e-01	1.148107787594199181e-01
3.906250000000000081e-06	4.680351545161838545e-02	1.157209845259785652e-01	1.147795068100094795e-01
3.906250000000000081e-06	4.669050801592537076e-02	1.151542542502284050e-01	1.151217389851808548e-01
3.906250000000000081e-06	4.632199074648603310e-02	1.164517160505056381e-01	1.164043294265866280e-01
3.906250000000000081e-06	4.499670155817949574e-02	1.153887640684843063e-01	1.152308266609907150e-01
3.906250000000000081e-06	4.614941139198557030e-02	1.160478871315717697e-01	1.153424279764294624e-01
3.906250000000000081e-06	4.589082918401005823e-02	1.157063813880085945e-01	1.149595221504569054e-01
3.906250000000000081e-06	4.829007528627975165e-02	1.160594541579484940e-01	1.155454292893409729e-01
3.906250000000000081e-06	4.571414338071135008e-02	1.155145177617669106e-01	1.152787879109382629e-01
3.906250000000000081e-06	4.629248484403272051e-02	1.163634182885289192e-01	1.150869037955999374e-01
3.906250000000000081e-06	4.611777754712708538e-02	1.161639560014009476e-01	1.157970074564218521e-01
3.906250000000000081e-06	4.574102950812895113e-02	1.158626656979322433e-01	1.150375101715326309e-01
3.906250000000000081e-06	4.696104746264747470e-02	1.156794540584087372e-01	1.155725969001650810e-01
3.906250000000000081e-06	4.727647595013244330e-02	1.156919430941343307e-01	1.156035494059324265e-01
1.953125000000000041e-06	4.721435333920430411e-02	1.163705028593540192e-01	1.161326095461845398e-01
1.953125000000000041e-06	4.630792221125168417e-02	1.153976442292332649e-01	1.147350976243615150e-01
1.953125000000000041e-06	4.735861355556717639e-02	1.170102544128894806e-01	1.167791970074176788e-01
1.953125000000000041e-06	4.612823764357385642e-02	1.161383939906954765e-01	1.155929528176784515e-01
1.953125000000000041e-06	4.538704808565634935e-02	1.162565862759947777e-01	1.158822989091277122e-01
1.953125000000000041e-06	4.684227044823803532e-02	1.155393207445740700e-01	1.150582591071724892e-01
1.953125000000000041e-06	4.563431352188315748e-02	1.153727639466524124e-01	1.150657329708337784e-01
1.953125000000000041e-06	4.596111701824997370e-02	1.156616676598787308e-01	1.154714757576584816e-01
1.953125000000000041e-06	4.605598054543326436e-02	1.152974627912044525e-01	1.151369251310825348e-01
1.953125000000000041e-06	4.628528682868691957e-02	1.161521123722195625e-01	1.152467019855976105e-01
1.953125000000000041e-06	4.566294497138337349e-02	1.161249540746212006e-01	1.159761650487780571e-01
1.953125000000000041e-06	4.561370927133137632e-02	1.154655562713742256e-01	1.155185308307409286e-01
1.953125000000000041e-06	4.674718882652777879e-02	1.158602433279156685e-01	1.159907551482319832e-01
1.953125000000000041e-06	4.526042480823359859e-02	1.159271020442247391e-01	1.158772343769669533e-01
1.953125000000000041e-06	4.719453790708433294e-02	1.163905411958694458e-01	1.155688613653182983e-01
1.953125000000000041e-06	4.748091483606568103e-02	1.154689211398363113e-01	1.146922307088971138e-01
1.953125000000000041e-06	4.662180022348331315e-02	1.169107304885983467e-01	1.159814726561307907e-01
1.953125000000000041e-06	4.710883802816837745e-02	1.163524752482771873e-01	1.156766330823302269e-01
1.953125000000000041e-06	4.691517225737813074e-02	1.161748645827174187e-01	1.158643560484051704e-01
1.953125000000000041e-06	4.691807727647732962e-02	1.167054735124111176e-01	1.160930832847952843e-01
1.953125000000000041e-06	4.674940292216554771e-02	1.169164422899484634e-01	1.167486878111958504e-01
9.765625000000000203e-07	4.567731954628908436e-02	1.161415176466107368e-01	1.157761998474597931e-01
9.765625000000000203e-07	4.569467402334454614e-02	1.160412440076470375e-01	1.149759981781244278e-01
9.765625000000000203e-07	4.581996180777308386e-02	1.161690074950456619e-01	1.156724486500024796e-01
9.765625000000000203e-07	4.652816759823243803e-02	1.158129107207059860e-01	1.153796650469303131e-01
9.765625000000000203e-07	4.694547772973398786e-02	1.163299260661005974e-01	1.154957311227917671e-01
9.765625000000000203e-07	4.609671480293515283e-02	1.159809837117791176e-01	1.155388811603188515e-01
9.765625000000000203e-07	4.628339749348314713e-02	1.165383700281381607e-01	1.154974196106195450e-01
9.765625000000000203e-07	4.734194608806054777e-02	1.165789598599076271e-01	1.163296839222311974e-01
9.765625000000000203e-07	4.486432586666903866e-02	1.156028890982270241e-01	1.152882017195224762e-01
9.765625000000000203e-07	4.618179538770567083e-02	1.156101301312446594e-01	1.150324502959847450e-01
9.765625000000000203e-07	4.648876270350021933e-02	1.159570058807730675e-01	1.152781732380390167e-01
9.765625000000000203e-07	4.667782924975021064e-02	1.163029121235013008e-01	1.160364849492907524e-01
9.765625000000000203e-07	4.657005179154721786e-02	1.155460644513368607e-01	1.149671738967299461e-01
9.765625000000000203e-07	4.699823580965210856e-02	1.154839862138032913e-01	1.149436822161078453e-01
9.765625000000000203e-07	4.680159077331234874e-02	1.164855575188994408e-01	1.158369639888405800e-01
9.765625000000000203e-07	4.607796334201776783e-02	1.164239365607500076e-01	1.155405081808567047e-01
9.765625000000000203e-07	4.775707664180405682e-02	1.167011409997940063e-01	1.155457301065325737e-01
9.765625000000000203e-07	4.598948996089681496e-02	1.158203957602381706e-01	1.153014712035655975e-01
9.765625000000000203e-07	4.692528123342538243e-02	1.159795401617884636e-01	1.152215795591473579e-01
9.765625000000000203e-07	4.593748962388762708e-02	1.161034433171153069e-01	1.153918104246258736e-01
9.765625000000000203e-07	4.635912519467028092e-02	1.158610014244914055e-01	1.142490645870566368e-01
4.882812500000000102e-07	4.655295506685595136e-02	1.163632795214653015e-01	1.162306182086467743e-01
4.882812500000000102e-07	4.731087542221516090e-02	1.167402248829603195e-01	1.162806246429681778e-01
4.882812500000000102e-07	4.637229753823220169e-02	1.156558236107230186e-01	1.155122043564915657e-01
4.882812500000000102e-07	4.608447335754768670e-02	1.159771140664815903e-01	1.156664341688156128e-01
4.882812500000000102e-07	4.600749221406405520e-02	1.156669314950704575e-01	1.153676807880401611e-01
4.882812500000000102e-07	4.782104581783089281e-02	1.166468318551778793e-01	1.157507756724953651e-01
4.882812500000000102e-07	4.606026915621153767e-02	1.160297542810440063e-01	1.153900520876049995e-01
4.882812500000000102e-07	4.638930466733401370e-02	1.151936808601021767e-01	1.147944722324609756e-01
4.882812500000000102e-07	4.587784753758696044e-02	1.155059160664677620e-01	1.145895943045616150e-01
4.882812500000000102e-07	4.597567851784863102e-02	1.159257572144269943e-01	1.149392826482653618e-01
4.882812500000000102e-07	4.655078812679157990e-02	1.164253512397408485e-01	1.159519953653216362e-01
4.882812500000000102e-07	4.688431275419042282e-02	1.156619330868124962e-01	1.161732804030179977e-01
4.882812500000000102e-07	4.629977627456942357e-02	1.160979624837636948e-01	1.152032930403947830e-01
4.882812500000000102e-07	4.730920342704917486e-02	1.159046748653054237e-01	1.157444389536976814e-01
4.882812500000000102e-07	4.568930479544627832e-02	1.154422992840409279e-01	1.155558228492736816e-01
4.882812500000000102e-07	4.638275504112243652e-02	1.158291585743427277e-01	1.155880484730005264e-01
4.882812500000000102e-07	4.588243723670138580e-02	1.160272248089313507e-01	1.151065547019243240e-01
4.882812500000000102e-07	4.672215086749837570e-02	1.160734705626964569e-01	1.157423695549368858e-01
4.882812500000000102e-07	4.587876527935643572e-02	1.157642370089888573e-01	1.150815701112151146e-01
4.882812500000000102e-07	4.634135306070122362e-02	1.165838986635208130e-01	1.165679525583982468e-01
4.882812500000000102e-07	4.557445720781253679e-02	1.153361685574054718e-01	1.153039438650012016e-01
2.441406250000000051e-07	4.581755923130844538e-02	1.161732561886310577e-01	1.159870577976107597e-01
2.441406250000000051e-07	4.661518905924845468e-02	1.153160352259874344e-01	1.150238784030079842e-01
2.441406250000000051e-07	4.638866872727116786e-02	1.163414064794778824e-01	1.156926685944199562e-01
2.441406250000000051e-07	4.512084629150885789e-02	1.163144344463944435e-01	1.152167627587914467e-01
2.441406250000000051e-07	4.578379645377774615e-02	1.159142088145017624e-01	1.158721065148711205e-01
2.441406250000000051e-07	4.686334196336661845e-02	1.165724042803049088e-01	1.157399909570813179e-01
2.441406250000000051e-07	4.650426236323163681e-02	1.162699386477470398e-01	1.163780568167567253e-01
2.441406250000000051e-07	4.573478163043154937e-02	1.166447857394814491e-01	1.165353963151574135e-01
2.441406250000000051e-07	4.599668509975264608e-02	1.152927633374929428e-01	1.147331176325678825e-01
2.441406250000000051e-07	4.801337920789477270e-02	1.164808385074138641e-01	1.158766727894544601e-01
2.441406250000000051e-07	4.660635069012641907e-02	1.167129511013627052e-01	1.161349834874272346e-01
2.441406250000000051e-07	4.518732834088651229e-02	1.155240349471569061e-01	1.154753733426332474e-01
2.441406250000000051e-07	4.641223849752281611e-02	1.156209195032715797e-01	1.151601932942867279e-01
2.441406250000000051e-07	4.601057378363005573e-02	1.155775450170040131e-01	1.151508148759603500e-01
2.441406250000000051e-07	4.546236421299885977e-02	1.157236117869615555e-01	1.156481569632887840e-01
2.441406250000000051e-07	4.573172345002995270e-02	1.158021250739693642e-01	1.159814987331628799e-01
2.441406250000000051e-07	4.617025259929367215e-02	1.158053278923034668e-01	1.150434073060750961e-01
2.441406250000000051e-07	4.612491114795962133e-02	1.163148358464241028e-01	1.148786088451743126e-01
2.441406250000000051e-07	4.560989457406575132e-02	1.150169381871819496e-01	1.146316686645150185e-01
2.441406250000000051e-07	4.536723279500309153e-02	1.161872930824756622e-01	1.160164223983883858e-01
2.441406250000000051e-07	4.575364739645885331e-02	1.159408343955874443e-01	1.153961010277271271e-01
1.220703125000000025e-07	4.709447014935409098e-02	1.163485003635287285e-01	1.156748579815030098e-01
1.220703125000000025e-07	5.145765058224714000e-02	1.202982552349567413e-01	1.197863370180130005e-01
1.220703125000000025e-07	4.809567483165596430e-02	1.162328962236642838e-01	1.157846068963408470e-01
1.220703125000000025e-07	4.518866232490238027e-02	1.154111567884683609e-01	1.154488790780305862e-01
1.220703125000000025e-07	4.747480059726328500e-02	1.157511677592992783e-01	1.159222377464175224e-01
1.220703125000000025e-07	4.739728329491011555e-02	1.181147182360291481e-01	1.175866601988673210e-01
1.220703125000000025e-07	4.594745072005670256e-02	1.156420400366187096e-01	1.153884092345833778e-01
1.220703125000000025e-07	4.577247737140595352e-02	1.155740795657038689e-01	1.148907197639346123e-01
1.220703125000000025e-07	4.777167044297049581e-02	1.173003008589148521e-01	1.166054960340261459e-01
1.220703125000000025e-07	4.666181205760074752e-02	1.160965505987405777e-01	1.157481549307703972e-01
1.220703125000000025e-07	4.753544554114341736e-02	1.166624007746577263e-01	1.159151671454310417e-01
1.220703125000000025e-07	4.553150795871698658e-02	1.154193095862865448e-01	1.151745775714516640e-01
1.220703125000000025e-07	4.699820817648610316e-02	1.163545083254575729e-01	1.161532793194055557e-01
1.220703125000000025e-07	4.575856676018690700e-02	1.158226402476429939e-01	1.155072757974267006e-01
1.220703125000000025e-07	4.639546705197684223e-02	1.161677120253443718e-01	1.157637080177664757e-01
1.220703125000000025e-07	4.603895658179174566e-02	1.154533848166465759e-01	1.153428964316844940e-01
1.220703125000000025e-07	4.589279406244241993e-02	1.157941836863756180e-01	1.158016687259078026e-01
1.220703125000000025e-07	4.690361885896211780e-02	1.162201417610049248e-01	1.153322895988821983e-01
1.220703125000000025e-07	4.710151849290992315e-02	1.161351557821035385e-01	1.159043340012431145e-01
1.220703125000000025e-07	4.562832698037352919e-02	1.153186857700347900e-01	1.150112384930253029e-01
1.220703125000000025e-07	4.633787015005003118e-02	1.168458545580506325e-01	1.161370305344462395e-01
6.103515625000000127e-08	4.764972702611850602e-02	1.162389768287539482e-01	1.152681382372975349e-01
6.103515625000000127e-08	4.749104432478735982e-02	1.156747387722134590e-01	1.156714828684926033e-01
6.103515625000000127e-08	4.735997781346115709e-02	1.177124734967947006e-01	1.173700634390115738e-01
6.103515625000000127e-08	4.725129303487041188e-02	1.161296153441071510e-01	1.158944796770811081e-01
6.103515625000000127e-08	4.560676712212683587e-02	1.156311463564634323e-01	1.146269822493195534e-01
6.103515625000000127e-08	4.605817596746396292e-02	1.161105642095208168e-01	1.156096700578927994e-01
6.103515625000000127e-08	4.615589457599422740e-02	1.165920542553067207e-01	1.155724423006176949e-01
6.103515625000000127e-08	4.676371826967106599e-02	1.155350944027304649e-01	1.157262595370411873e-01
6.103515625000000127e-08	4.584721546572975009e-02	1.159594673663377762e-01	1.151908319443464279e-01
6.103515625000000127e-08	4.506640810566612393e-02	1.162036070600152016e-01	1.154823731631040573e-01
6.103515625000000127e-08	4.735242641424831228e-02	1.170531278476119041e-01	1.174427773803472519e-01
6.103515625000000127e-08	4.784034942335720075e-02	1.154876472428441048e-01	1.152905048802495003e-01
6.103515625000000127e-08	4.569615654741661370e-02	1.159678613767027855e-01	1.159237381070852280e-01
6.103515625000000127e-08	4.524463702794871700e-02	1.157097686082124710e-01	1.151840025559067726e-01
6.103515625000000127e-08	4.570234562211399065e-02	1.157293757423758507e-01	1.152658602222800255e-01
6.103515625000000127e-08	4.685921943451784588e-02	1.157004525884985924e-01	1.154628125950694084e-01
6.103515625000000127e-08	4.738390195784689812e-02	1.160754701122641563e-01	1.151312533766031265e-01
6.103515625000000127e-08	4.622797300166721357e-02	1.159962210804224014e-01	1.154587334021925926e-01
6.103515625000000127e-08	4.562458971255942131e-02	1.161749176681041718e-01	1.157322898507118225e-01
6.103515625000000127e-08	4.566175599075571190e-02	1.158818546682596207e-01	1.154006645083427429e-01
6.103515625000000127e-08	4.644927858740468402e-02	1.152479751035571098e-01	1.150786513462662697e-01
3.051757812500000064e-08	4.529310187584237313e-02	1.159913307055830956e-01	1.154645476490259171e-01
3.051757812500000064e-08	4.653387144207954407e-02	1.166831534355878830e-01	1.159022189676761627e-01
3.051757812500000064e-08	4.814317506514018130e-02	1.174126509577035904e-01	1.168379373848438263e-01
3.051757812500000064e-08	4.606696274838870120e-02	1.161547088995575905e-01	1.155117405578494072e-01
3.051757812500000064e-08	4.686676319452780931e-02	1.156093114987015724e-01	1.149719553068280220e-01
3.051757812500000064e-08	4.565255226025098645e-02	1.169240167364478111e-01	1.159091647714376450e-01
3.051757812500000064e-08	4.621606079649321491e-02	1.162089267745614052e-01	1.154106464236974716e-01
3.051757812500000064e-08	4.801582243246368259e-02	1.167069934308528900e-01	1.162453563883900642e-01
3.051757812500000064e-08	4.761241527297829096e-02	1.157274404540657997e-01	1.161697264760732651e-01
3.051757812500000064e-08	4.586720603364932702e-02	1.159157846122980118e-01	1.162102371454238892e-01
3.051757812500000064e-08	4.724493038050735921e-02	1.165458373725414276e-01	1.162587758153676987e-01
3.051757812500000064e-08	4.546964875882184703e-02	1.159828687086701393e-01	1.156660467386245728e-01
3.051757812500000064e-08	4.497030495276933826e-02	1.169437794014811516e-01	1.164037017151713371e-01
3.051757812500000064e-08	4.675548778304570996e-02	1.165288090705871582e-01	1.161981951445341110e-01
3.051757812500000064e-08	4.629395732396765495e-02	1.154508134350180626e-01	1.150890430435538292e-01
3.051757812500000064e-08	4.797855509987360156e-02	1.163539085537195206e-01	1.156219309195876122e-01
3.051757812500000064e-08	4.643700573640533596e-02	1.152326660230755806e-01	1.152452519163489342e-01
3.051757812500000064e-08	4.770501137157030086e-02	1.179411737248301506e-01	1.169310407713055611e-01
3.051757812500000064e-08	4.620624607122397060e-02	1.151498602703213692e-01	1.153451111167669296e-01
3.051757812500000064e-08	4.583744883914537410e-02	1.156044742092490196e-01	1.156509937718510628e-01
3.051757812500000064e-08	4.721232852603815533e-02	1.159586599096655846e-01	1.155559066683053970e-01
1.525878906250000032e-08	4.719690761611431556e-02	1.158082894980907440e-01	1.154752513393759727e-01
1.525878906250000032e-08	4.666758677627466656e-02	1.160625293850898743e-01	1.160535560920834541e-01
1.525878906250000032e-08	4.659414494150801445e-02	1.169680124148726463e-01	1.164697902277112007e-01
1.525878906250000032e-08	4.665330901176114459e-02	1.177848177030682564e-01	1.166268382221460342e-01
1.525878906250000032e-08	4.580262265627896984e-02	1.157726617529988289e-01	1.153502967208623886e-01
1.525878906250000032e-08	4.660191679302649881e-02	1.168664768338203430e-01	1.155966063961386681e-01
1.525878906250000032e-08	4.763893146492258202e-02	1.174352839589118958e-01	1.170815164223313332e-01
1.525878906250000032e-08	4.838207925233659751e-02	1.180457444861531258e-01	1.178330723196268082e-01
1.525878906250000032e-08	4.587838511112370121e-02	1.152612883597612381e-01	1.146909464150667191e-01
1.525878906250000032e-08	4.702680520241773326e-02	1.160338521003723145e-01	1.157763870432972908e-01
1.525878906250000032e-08	4.588287762260135488e-02	1.160514149814844131e-01	1.157049443572759628e-01
1.525878906250000032e-08	4.627482781681833274e-02	1.165146892890334129e-01	1.162993004545569420e-01
1.525878906250000032e-08	4.586038488564612298e-02	1.161544537171721458e-01	1.156092090532183647e-01
1.525878906250000032e-08	4.706313069674033372e-02	1.162670329213142395e-01	1.156126419082283974e-01
1.525878906250000032e-08	4.641979178295859571e-02	1.157006537541747093e-01	1.149171460419893265e-01
1.525878906250000032e-08	4.664598320481143368e-02	1.156152989715337753e-01	1.147409742698073387e-01
1.525878906250000032e-08	4.630590173639828611e-02	1.154598016291856766e-01	1.147305555641651154e-01
1.525878906250000032e-08	4.640997752924509029e-02	1.158959260210394859e-01	1.150605464354157448e-01
1.525878906250000032e-08	4.548689440081390978e-02	1.159448465332388878e-01	1.156501583755016327e-01
1.525878906250000032e-08	4.619397736991508185e-02	1.164055047556757927e-01	1.154890581965446472e-01
1.525878906250000032e-08	4.691334625210943216e-02	1.157292183488607407e-01	1.158571746200323105e-01
1.525878906250000032e-08	4.604489535470552425e-02	1.164266848936676979e-01	1.161327483132481575e-01
1.525878906250000032e-08	4.610977765125564426e-02	1.155440835282206535e-01	1.149427443742752075e-01
1.525878906250000032e-08	4.625444675359544761e-02	1.155574657022953033e-01	1.151866372674703598e-01
1.525878906250000032e-08	4.680715086339395231e-02	1.155345113947987556e-01	1.147982757538557053e-01
1.525878906250000032e-08	4.795106146720391066e-02	1.163515830412507057e-01	1.158463396131992340e-01
1.525878906250000032e-08	4.518790071523642177e-02	1.164873996749520302e-01	1.157033136114478111e-01
1.525878906250000032e-08	4.686086572989632548e-02	1.166152562946081161e-01	1.162222772836685181e-01
1.525878906250000032e-08	4.606144997892500786e-02	1.165067804977297783e-01	1.159070692956447601e-01
1.525878906250000032e-08	4.721621174035193352e-02	1.151213236153125763e-01	1.150836395099759102e-01
1.525878906250000032e-08	4.671894787233087099e-02	1.162507953122258186e-01	1.150043848901987076e-01
