2.000000000000000042e-03	3.434343875586232109e-01	2.873196229338645935e-01	2.868770100176334381e-01
2.000000000000000042e-03	2.473690102371988442e-01	3.026620186865329742e-01	3.054160214960575104e-01
2.000000000000000042e-03	2.341826839160315588e-01	2.371662370860576630e-01	2.380911279469728470e-01
2.000000000000000042e-03	2.169124725498730588e-01	2.160610221326351166e-01	2.172001022845506668e-01
2.000000000000000042e-03	2.076458981897257583e-01	2.146156728267669678e-01	2.160151302814483643e-01
2.000000000000000042e-03	2.054345749224288642e-01	2.102958299219608307e-01	2.082026731222867966e-01
2.000000000000000042e-03	1.959967556633526731e-01	2.327124457806348801e-01	2.341058179736137390e-01
2.000000000000000042e-03	1.967125476538380546e-01	1.916878893971443176e-01	1.920303199440240860e-01
2.000000000000000042e-03	1.909006917023960415e-01	1.645236108452081680e-01	1.679855249822139740e-01
2.000000000000000042e-03	1.813951577944091509e-01	1.825921572744846344e-01	1.857993993908166885e-01
2.000000000000000042e-03	1.790656851062291666e-01	1.654970217496156693e-01	1.668274942785501480e-01
2.000000000000000042e-03	1.813812050261074948e-01	1.721991095691919327e-01	1.707544755190610886e-01
2.000000000000000042e-03	1.766220355712914691e-01	1.639275997877120972e-01	1.648873258382081985e-01
2.000000000000000042e-03	1.761267607725119366e-01	1.604415066540241241e-01	1.648344304412603378e-01
2.000000000000000042e-03	1.746331287335745885e-01	1.565819215029478073e-01	1.590121444314718246e-01
2.000000000000000042e-03	1.669957400122775437e-01	1.650676243007183075e-01	1.673611290752887726e-01
2.000000000000000042e-03	1.717069826171367941e-01	1.699369456619024277e-01	1.678364500403404236e-01
2.000000000000000042e-03	1.625506760953348007e-01	1.553409155458211899e-01	1.567301154136657715e-01
2.000000000000000042e-03	1.585946522558791816e-01	1.554084829986095428e-01	1.558147687464952469e-01
2.000000000000000042e-03	1.608389267061330064e-01	1.624867897480726242e-01	1.637470480054616928e-01
2.000000000000000042e-03	1.549153944736794686e-01	1.513585578650236130e-01	1.528242956846952438e-01
2.000000000000000042e-03	1.554017880860763257e-01	1.543761268258094788e-01	1.580545138567686081e-01
2.000000000000000042e-03	1.579993923630895469e-01	1.612766608595848083e-01	1.608638893812894821e-01
2.000000000000000042e-03	1.525193209512324399e-01	1.660337019711732864e-01	1.697594188153743744e-01
2.000000000000000042e-03	1.556933018602902341e-01	1.493216231465339661e-01	1.514503918588161469e-01
2.000000000000000042e-03	1.469294602357888446e-01	1.631753221154212952e-01	1.656220257282257080e-01
2.000000000000000042e-03	1.505937290531170480e-01	1.424835678189992905e-01	1.439353860914707184e-01
2.000000000000000042e-03	1.517163888563083651e-01	1.517060045152902603e-01	1.538355033844709396e-01
2.000000000000000042e-03	1.517373634667336102e-01	1.792565118521451950e-01	1.790401674807071686e-01
2.000000000000000042e-03	1.509197813611996286e-01	1.415966469794511795e-01	1.435872241854667664e-01
2.000000000000000042e-03	1.522127150357523995e-01	1.695080399513244629e-01	1.681476421654224396e-01
2.000000000000000042e-03	1.531278617397139330e-01	1.435533165931701660e-01	1.441406905651092529e-01
2.000000000000000042e-03	1.449475011116341805e-01	1.426667086780071259e-01	1.453373078256845474e-01
2.000000000000000042e-03	1.450467663286607589e-01	1.418913993984460831e-01	1.404181309044361115e-01
2.000000000000000042e-03	1.487729630515545187e-01	1.530273836106061935e-01	1.539790499955415726e-01
2.000000000000000042e-03	1.414041997322553201e-01	1.385086346417665482e-01	1.401504613459110260e-01
2.000000000000000042e-03	1.443569623405420443e-01	1.421865504235029221e-01	1.441239360719919205e-01
2.000000000000000042e-03	1.409108428449570294e-01	1.468180026859045029e-01	1.461509335786104202e-01
2.000000000000000042e-03	1.395859563652473156e-01	1.644048243761062622e-01	1.604859232902526855e-01
2.000000000000000042e-03	1.384435887389545150e-01	1.425320636481046677e-01	1.433564703911542892e-01
2.000000000000000042e-03	1.393734666554233559e-01	1.362791648134589195e-01	1.380420699715614319e-01
2.000000000000000042e-03	1.368853057487101621e-01	1.413439530879259109e-01	1.412847954779863358e-01
2.000000000000000042e-03	1.325585048975823910e-01	1.381600834429264069e-01	1.385273151099681854e-01
2.000000000000000042e-03	1.366887501900709012e-01	1.402313876897096634e-01	1.412038989365100861e-01
2.000000000000000042e-03	1.386764293795899605e-01	1.492435391992330551e-01	1.506270784884691238e-01
2.000000000000000042e-03	1.348304358087008548e-01	1.410671155899763107e-01	1.433507967740297318e-01
2.000000000000000042e-03	1.343480378766603034e-01	1.421505287289619446e-01	1.426624115556478500e-01
2.000000000000000042e-03	1.345249419159527116e-01	1.364866439253091812e-01	1.353414040058851242e-01
2.000000000000000042e-03	1.341449999356571499e-01	1.511752847582101822e-01	1.503528617322444916e-01
2.000000000000000042e-03	1.302189966545829192e-01	1.317761074751615524e-01	1.331490604206919670e-01
2.000000000000000042e-03	1.332020016410682683e-01	1.377816973254084587e-01	1.377729605883359909e-01
2.000000000000000042e-03	1.305587009727200432e-01	1.334158573299646378e-01	1.326047489419579506e-01
2.000000000000000042e-03	1.283360986581331686e-01	1.343929488211870193e-01	1.344918571412563324e-01
2.000000000000000042e-03	1.284936896607845602e-01	1.356933303177356720e-01	1.369228539988398552e-01
2.000000000000000042e-03	1.281913084131252878e-01	1.382194804027676582e-01	1.381281707435846329e-01
2.000000000000000042e-03	1.277624421481844685e-01	1.336111798882484436e-01	1.339845368638634682e-01
2.000000000000000042e-03	1.247442205306849849e-01	1.427702717483043671e-01	1.433994006365537643e-01
2.000000000000000042e-03	1.244909719009942711e-01	1.449762769043445587e-01	1.420120103284716606e-01
2.000000000000000042e-03	1.281365660738341405e-01	1.332516670227050781e-01	1.336968382820487022e-01
2.000000000000000042e-03	1.254522250611570799e-01	1.442150883376598358e-01	1.461005955934524536e-01
2.000000000000000042e-03	1.252269353481787750e-01	1.434095278382301331e-01	1.430910192430019379e-01
2.000000000000000042e-03	1.224170965673048311e-01	1.349869435653090477e-01	1.352945053949952126e-01
2.000000000000000042e-03	1.231741129031664189e-01	1.402499992400407791e-01	1.400768570601940155e-01
2.000000000000000042e-03	1.233361534114125468e-01	1.389013249427080154e-01	1.418368425220251083e-01
2.000000000000000042e-03	1.220786924226374554e-01	1.389810685068368912e-01	1.401452198624610901e-01
2.000000000000000042e-03	1.199832921729812180e-01	1.400807239115238190e-01	1.394918002188205719e-01
2.000000000000000042e-03	1.170513644060002106e-01	1.435131710022687912e-01	1.436161249876022339e-01
2.000000000000000042e-03	1.222844950949089488e-01	1.366524454206228256e-01	1.381140258163213730e-01
2.000000000000000042e-03	1.160634840968289005e-01	1.335758538916707039e-01	1.323650386184453964e-01
2.000000000000000042e-03	1.202414645990238923e-01	1.303541939705610275e-01	1.327037774026393890e-01
2.000000000000000042e-03	1.161275574866729443e-01	1.308066118508577347e-01	1.305023320019245148e-01
2.000000000000000042e-03	1.201443774036214385e-01	1.360928369686007500e-01	1.356668081134557724e-01
2.000000000000000042e-03	1.159230609294734371e-01	1.287294765934348106e-01	1.324065290391445160e-01
2.000000000000000042e-03	1.177120933992953228e-01	1.311138700693845749e-01	1.317549506202340126e-01
2.000000000000000042e-03	1.115183525636226358e-01	1.304911104962229729e-01	1.295640077441930771e-01
2.000000000000000042e-03	1.114473128809204544e-01	1.333502903580665588e-01	1.344684772193431854e-01
2.000000000000000042e-03	1.119207088139992784e-01	1.272894991561770439e-01	1.288636531680822372e-01
2.000000000000000042e-03	1.129395226134529556e-01	1.284872908145189285e-01	1.288843536749482155e-01
2.000000000000000042e-03	1.149004386572898134e-01	1.276698941364884377e-01	1.290670521557331085e-01
2.000000000000000042e-03	1.113716483682016811e-01	1.472543478012084961e-01	1.481643598526716232e-01
2.000000000000000042e-03	1.141999506309062662e-01	1.370205851271748543e-01	1.365717016160488129e-01
2.000000000000000042e-03	1.111733493737027678e-01	1.334807984530925751e-01	1.331695020198822021e-01
2.000000000000000042e-03	1.125361174345016479e-01	1.472790259867906570e-01	1.475091166794300079e-01
2.000000000000000042e-03	1.098742005945761019e-01	1.402683891355991364e-01	1.417759414762258530e-01
2.000000000000000042e-03	1.124256446580343544e-01	1.362489070743322372e-01	1.360691441223025322e-01
2.000000000000000042e-03	1.113155028676684893e-01	1.364524662494659424e-01	1.365552321076393127e-01
2.000000000000000042e-03	1.106405681635760085e-01	1.301108580082654953e-01	1.310635069385170937e-01
2.000000000000000042e-03	1.079402622542803836e-01	1.303585339337587357e-01	1.303539043292403221e-01
2.000000000000000042e-03	1.105622231394429722e-01	1.420007515698671341e-01	1.432722602039575577e-01
2.000000000000000042e-03	1.050604206474521490e-01	1.558161899447441101e-01	1.538414582610130310e-01
2.000000000000000042e-03	1.063738474740257706e-01	1.324749290943145752e-01	1.323592364788055420e-01
2.000000000000000042e-03	1.110109401088726633e-01	1.375781074166297913e-01	1.388788577169179916e-01
2.000000000000000042e-03	1.068969056764735442e-01	1.281951908022165298e-01	1.306531755253672600e-01
2.000000000000000042e-03	1.055259679125834099e-01	1.529653128236532211e-01	1.514523476362228394e-01
2.000000000000000042e-03	1.034315404824063811e-01	1.339345443993806839e-01	1.344696599990129471e-01
2.000000000000000042e-03	1.035461556873744082e-01	1.312088072299957275e-01	1.301246071234345436e-01
2.000000000000000042e-03	1.032022322657742130e-01	1.273748725652694702e-01	1.287801777943968773e-01
2.000000000000000042e-03	9.935502245833602308e-02	1.376477293670177460e-01	1.356380023062229156e-01
1.000000000000000021e-03	9.293309118174299110e-02	1.241149697452783585e-01	1.214646017178893089e-01
1.000000000000000021e-03	8.497489479523670508e-02	1.201810725033283234e-01	1.202214956283569336e-01
1.000000000000000021e-03	8.452904016911229335e-02	1.241143811494112015e-01	1.223609140142798424e-01
1.000000000000000021e-03	8.674536947208115467e-02	1.235504616051912308e-01	1.243535736575722694e-01
1.000000000000000021e-03	9.144269627860829308e-02	1.295680105686187744e-01	1.283430950716137886e-01
1.000000000000000021e-03	8.593021502977685189e-02	1.204200088977813721e-01	1.192857939749956131e-01
1.000000000000000021e-03	8.842076964770691216e-02	1.238723257556557655e-01	1.228588176891207695e-01
1.000000000000000021e-03	8.792009214057197597e-02	1.229481194168329239e-01	1.216263417154550552e-01
1.000000000000000021e-03	8.679930073550984337e-02	1.208573011681437492e-01	1.191173065453767776e-01
1.000000000000000021e-03	8.791846499035629869e-02	1.252184286713600159e-01	1.228557638823986053e-01
1.000000000000000021e-03	8.336059258708471142e-02	1.218859003856778145e-01	1.184081519022583961e-01
1.000000000000000021e-03	8.261038721362247428e-02	1.261879494413733482e-01	1.250679530203342438e-01
1.000000000000000021e-03	8.311433363941651831e-02	1.200538398697972298e-01	1.189075885340571404e-01
1.000000000000000021e-03	8.247411307654803347e-02	1.233141086995601654e-01	1.217031488195061684e-01
1.000000000000000021e-03	8.178371709736087514e-02	1.220150217413902283e-01	1.217523859813809395e-01
1.000000000000000021e-03	8.265127500967134333e-02	1.179345967248082161e-01	1.188069442287087440e-01
1.000000000000000021e-03	8.685382700796369371e-02	1.231472063809633255e-01	1.228389451280236244e-01
1.000000000000000021e-03	8.176612655950497854e-02	1.248902846127748489e-01	1.236845394596457481e-01
1.000000000000000021e-03	8.211726968801474902e-02	1.204083738848567009e-01	1.207071971148252487e-01
1.000000000000000021e-03	7.975989985692349959e-02	1.201995620504021645e-01	1.187794348224997520e-01
1.000000000000000021e-03	8.145413236527503098e-02	1.218728292733430862e-01	1.201665895059704781e-01
1.000000000000000021e-03	8.081479644096351000e-02	1.275652265176177025e-01	1.245014807209372520e-01
1.000000000000000021e-03	7.877396532817732000e-02	1.241328231990337372e-01	1.237640799954533577e-01
1.000000000000000021e-03	7.948710024356842041e-02	1.254608016461133957e-01	1.242810897529125214e-01
1.000000000000000021e-03	7.772826728752896264e-02	1.263965535908937454e-01	1.238021664321422577e-01
1.000000000000000021e-03	8.148834264919727066e-02	1.230763485655188560e-01	1.208710074424743652e-01
1.000000000000000021e-03	7.744753959624073314e-02	1.204365231096744537e-01	1.199945760890841484e-01
1.000000000000000021e-03	7.675059535835362934e-02	1.215291153639554977e-01	1.195222381502389908e-01
1.000000000000000021e-03	7.667069401167615761e-02	1.280110403895378113e-01	1.258766604587435722e-01
1.000000000000000021e-03	7.661032478643368948e-02	1.267170067876577377e-01	1.242423402145504951e-01
1.000000000000000021e-03	7.578227287040481541e-02	1.196245122700929642e-01	1.192001402378082275e-01
1.000000000000000021e-03	7.495024375900437297e-02	1.291527850553393364e-01	1.271347953006625175e-01
1.000000000000000021e-03	7.716647365802450920e-02	1.202483698725700378e-01	1.197916809469461441e-01
1.000000000000000021e-03	7.752651730670204189e-02	1.238805791363120079e-01	1.230226159095764160e-01
1.000000000000000021e-03	7.659313502379611061e-02	1.311986315995454788e-01	1.300605749711394310e-01
1.000000000000000021e-03	7.398415092803255211e-02	1.239712275564670563e-01	1.207707114517688751e-01
1.000000000000000021e-03	7.510203872866268171e-02	1.211105212569236755e-01	1.197418775409460068e-01
5.000000000000000104e-04	6.832084502977660290e-02	1.185487546026706696e-01	1.153402738273143768e-01
5.000000000000000104e-04	6.786778375883645298e-02	1.207753717899322510e-01	1.170985968783497810e-01
5.000000000000000104e-04	6.545388293039949845e-02	1.171993967145681381e-01	1.150625376030802727e-01
5.000000000000000104e-04	6.454731769199613389e-02	1.170739307999610901e-01	1.150617506355047226e-01
5.000000000000000104e-04	6.579943010701408412e-02	1.189999189227819443e-01	1.153875477612018585e-01
5.000000000000000104e-04	6.432936015196993873e-02	1.244947528466582298e-01	1.212452314794063568e-01
5.000000000000000104e-04	6.252206390417075488e-02	1.197089981287717819e-01	1.164638279005885124e-01
5.000000000000000104e-04	6.515540300479417957e-02	1.228201668709516525e-01	1.211128849536180496e-01
5.000000000000000104e-04	6.727504216228859246e-02	1.236655339598655701e-01	1.197858210653066635e-01
5.000000000000000104e-04	6.393313040084476484e-02	1.204357994720339775e-01	1.169444201514124870e-01
5.000000000000000104e-04	6.474948037840143333e-02	1.182166673243045807e-01	1.167485713958740234e-01
5.000000000000000104e-04	6.354886175522321545e-02	1.213485542684793472e-01	1.173561979085206985e-01
5.000000000000000104e-04	6.185595695919628156e-02	1.203578663989901543e-01	1.186572164297103882e-01
5.000000000000000104e-04	6.258188480440574075e-02	1.216751877218484879e-01	1.176817826926708221e-01
5.000000000000000104e-04	6.320627594861803755e-02	1.189614543691277504e-01	1.159805888310074806e-01
5.000000000000000104e-04	6.210925571526153266e-02	1.210366189479827881e-01	1.179047571495175362e-01
5.000000000000000104e-04	6.133030128629901601e-02	1.202044449746608734e-01	1.171255623921751976e-01
5.000000000000000104e-04	6.445814612545544553e-02	1.186532313004136086e-01	1.167042292654514313e-01
5.000000000000000104e-04	6.159978600431092327e-02	1.180819338187575340e-01	1.156953405588865280e-01
5.000000000000000104e-04	6.170738856249217974e-02	1.177775748074054718e-01	1.162366401404142380e-01
5.000000000000000104e-04	6.217397244859345501e-02	1.190896863117814064e-01	1.165576996281743050e-01
5.000000000000000104e-04	6.103117735702780211e-02	1.188225168734788895e-01	1.155713684856891632e-01
5.000000000000000104e-04	6.110359860371939594e-02	1.198580032214522362e-01	1.167356874793767929e-01
5.000000000000000104e-04	6.095998899280270777e-02	1.205878332257270813e-01	1.179082505404949188e-01
5.000000000000000104e-04	6.113265501924707718e-02	1.193024171516299248e-01	1.164685394614934921e-01
2.500000000000000052e-04	5.575781546627418817e-02	1.176735814660787582e-01	1.142514795064926147e-01
2.500000000000000052e-04	5.611123474715631193e-02	1.191695509478449821e-01	1.144112600013613701e-01
2.500000000000000052e-04	5.524936101481884437e-02	1.179581861943006516e-01	1.146441139280796051e-01
2.500000000000000052e-04	5.679628521769861799e-02	1.199209894984960556e-01	1.157444687560200691e-01
2.500000000000000052e-04	5.463044472698923987e-02	1.182011282071471214e-01	1.141880704089999199e-01
2.500000000000000052e-04	5.703336137193668054e-02	1.204551616683602333e-01	1.164637459442019463e-01
2.500000000000000052e-04	5.503669230243827398e-02	1.182859549298882484e-01	1.140948226675391197e-01
2.500000000000000052e-04	5.419004350146160859e-02	1.183025948703289032e-01	1.147984750568866730e-01
2.500000000000000052e-04	5.334279898412620097e-02	1.177118765190243721e-01	1.143632968887686729e-01
2.500000000000000052e-04	5.485817898489252220e-02	1.190009322017431259e-01	1.155662070959806442e-01
2.500000000000000052e-04	5.350044204653063573e-02	1.179322600364685059e-01	1.140604587271809578e-01
2.500000000000000052e-04	5.435291281606577374e-02	1.192601732909679413e-01	1.156228333711624146e-01
2.500000000000000052e-04	5.446761228804346960e-02	1.180652398616075516e-01	1.144409431144595146e-01
2.500000000000000052e-04	5.542599145747438560e-02	1.194111499935388565e-01	1.150114694610238075e-01
2.500000000000000052e-04	5.446561727719970852e-02	1.191093865782022476e-01	1.146393446251749992e-01
2.500000000000000052e-04	5.493305562229096328e-02	1.182425534352660179e-01	1.158512225374579430e-01
2.500000000000000052e-04	5.400530343191533439e-02	1.195126501843333244e-01	1.152473380789160728e-01
2.500000000000000052e-04	5.369719608297830737e-02	1.186165483668446541e-01	1.163367740809917450e-01
2.500000000000000052e-04	5.382721074208428325e-02	1.191965173929929733e-01	1.154636954888701439e-01
2.500000000000000052e-04	5.295423540887953667e-02	1.176274409517645836e-01	1.142258737236261368e-01
2.500000000000000052e-04	5.483523246985447241e-02	1.200930560007691383e-01	1.168986111879348755e-01
1.250000000000000026e-04	5.212985917548589726e-02	1.168378572911024094e-01	1.138600148260593414e-01
1.250000000000000026e-04	5.081136812326274288e-02	1.174590084701776505e-01	1.144137568771839142e-01
1.250000000000000026e-04	5.291965570819529008e-02	1.191143942996859550e-01	1.161679001525044441e-01
1.250000000000000026e-04	5.138629660764826995e-02	1.174301952123641968e-01	1.141048036515712738e-01
1.250000000000000026e-04	5.101025637380684347e-02	1.184161556884646416e-01	1.146804420277476311e-01
1.250000000000000026e-04	5.000225610182255226e-02	1.177770104259252548e-01	1.138720847666263580e-01
1.250000000000000026e-04	5.037891737456563074e-02	1.187108764424920082e-01	1.146927615627646446e-01
1.250000000000000026e-04	5.101556236608118661e-02	1.187898376956582069e-01	1.151830246672034264e-01
1.250000000000000026e-04	5.091731632246247058e-02	1.177031770348548889e-01	1.137821860611438751e-01
1.250000000000000026e-04	5.148244922674154872e-02	1.178422309458255768e-01	1.140306890010833740e-01
1.250000000000000026e-04	5.020919017776658000e-02	1.176064880564808846e-01	1.147567722946405411e-01
1.250000000000000026e-04	5.103391984218283439e-02	1.207152176648378372e-01	1.165839936584234238e-01
1.250000000000000026e-04	4.830512291268457270e-02	1.174182929098606110e-01	1.141961207613348961e-01
1.250000000000000026e-04	4.944557083558432514e-02	1.173424879088997841e-01	1.134459292516112328e-01
1.250000000000000026e-04	4.980805459656292844e-02	1.171656949445605278e-01	1.132966531440615654e-01
1.250000000000000026e-04	4.905178798716279542e-02	1.174746081233024597e-01	1.137576373293995857e-01
1.250000000000000026e-04	4.952338064395928746e-02	1.180961700156331062e-01	1.146667012944817543e-01
1.250000000000000026e-04	4.914512216478963275e-02	1.184218740090727806e-01	1.144981998950242996e-01
1.250000000000000026e-04	4.967437307291393267e-02	1.180738564580678940e-01	1.144748041406273842e-01
1.250000000000000026e-04	4.807859989283960050e-02	1.181643912568688393e-01	1.141959754750132561e-01
1.250000000000000026e-04	4.972543152450006193e-02	1.183502748608589172e-01	1.143506746739149094e-01
1.250000000000000026e-04	5.026834684459469127e-02	1.177035858854651451e-01	1.143812341615557671e-01
6.250000000000000130e-05	4.795017673433581151e-02	1.178757334128022194e-01	1.143281422555446625e-01
6.250000000000000130e-05	4.683222079390211845e-02	1.183455204591155052e-01	1.143823266029357910e-01
6.250000000000000130e-05	4.939502024952369119e-02	1.184076117351651192e-01	1.150983739644289017e-01
6.250000000000000130e-05	4.793065758068350279e-02	1.183383129537105560e-01	1.145153185352683067e-01
6.250000000000000130e-05	4.866816103458404541e-02	1.179734421893954277e-01	1.137493290007114410e-01
6.250000000000000130e-05	4.887341024189055527e-02	1.179224997758865356e-01	1.138943899422883987e-01
6.250000000000000130e-05	4.848683139757264948e-02	1.180473538115620613e-01	1.138160750269889832e-01
6.250000000000000130e-05	4.554722910817665671e-02	1.182673089206218719e-01	1.135376943275332451e-01
6.250000000000000130e-05	4.879435661095607446e-02	1.184119191020727158e-01	1.151991579681634903e-01
6.250000000000000130e-05	4.797040081665485817e-02	1.178137632086873055e-01	1.138307237997651100e-01
6.250000000000000130e-05	4.889384902353528101e-02	1.179167404770851135e-01	1.142916018143296242e-01
6.250000000000000130e-05	4.681500542578818230e-02	1.174916885793209076e-01	1.145238634198904037e-01
6.250000000000000130e-05	4.846446315133118993e-02	1.173667628318071365e-01	1.135866176337003708e-01
6.250000000000000130e-05	4.723991260309762935e-02	1.183022400364279747e-01	1.149439085274934769e-01
6.250000000000000130e-05	4.790954782238489307e-02	1.190921543166041374e-01	1.158976703882217407e-01
6.250000000000000130e-05	4.825810281724869644e-02	1.176662659272551537e-01	1.144031798467040062e-01
6.250000000000000130e-05	4.740109893528721141e-02	1.177289672195911407e-01	1.147152101621031761e-01
6.250000000000000130e-05	4.693481538303290873e-02	1.186381513252854347e-01	1.142111159861087799e-01
6.250000000000000130e-05	4.730521764936326118e-02	1.178347030654549599e-01	1.145447753369808197e-01
6.250000000000000130e-05	4.749274338725247013e-02	1.178336655721068382e-01	1.147902375087141991e-01
6.250000000000000130e-05	4.840711688127698892e-02	1.183506762608885765e-01	1.153682712465524673e-01
3.125000000000000065e-05	4.707214915299717112e-02	1.175139080733060837e-01	1.143639758229255676e-01
3.125000000000000065e-05	4.936133353393289125e-02	1.182382078841328621e-01	1.157035259529948235e-01
3.125000000000000065e-05	4.703450910275495250e-02	1.185630485415458679e-01	1.150856949388980865e-01
3.125000000000000065e-05	4.780163771555393654e-02	1.180546442046761513e-01	1.147155361250042915e-01
3.125000000000000065e-05	4.748094770350033689e-02	1.179808760061860085e-01	1.149762040004134178e-01
3.125000000000000065e-05	4.742394279264196266e-02	1.178157459944486618e-01	1.140660997480154037e-01
3.125000000000000065e-05	4.691335700358016669e-02	1.196807287633419037e-01	1.155734574422240257e-01
3.125000000000000065e-05	4.788085191121584094e-02	1.173140881583094597e-01	1.141274804249405861e-01
3.125000000000000065e-05	4.599291515312617373e-02	1.190782235935330391e-01	1.153544904664158821e-01
3.125000000000000065e-05	4.632272750516481380e-02	1.182064116001129150e-01	1.146550830453634262e-01
3.125000000000000065e-05	4.682409966105147148e-02	1.187277305871248245e-01	1.148325419053435326e-01
3.125000000000000065e-05	4.667469151789629261e-02	1.181531408801674843e-01	1.140383835881948471e-01
3.125000000000000065e-05	4.580236900644966275e-02	1.181250782683491707e-01	1.142504066228866577e-01
3.125000000000000065e-05	4.587365663315676190e-02	1.175113543868064880e-01	1.140679940581321716e-01
3.125000000000000065e-05	4.708372928862330359e-02	1.181830568239092827e-01	1.139035616070032120e-01
3.125000000000000065e-05	4.752901804786693885e-02	1.178756440058350563e-01	1.151353167369961739e-01
3.125000000000000065e-05	4.655673717962035413e-02	1.184695493429899216e-01	1.149278534576296806e-01
3.125000000000000065e-05	4.891758049024811511e-02	1.185896815732121468e-01	1.163708716630935669e-01
3.125000000000000065e-05	4.594795287975782239e-02	1.179553093388676643e-01	1.138461846858263016e-01
3.125000000000000065e-05	4.686782164852830446e-02	1.183379394933581352e-01	1.146423341706395149e-01
3.125000000000000065e-05	4.713914335905751429e-02	1.181066818535327911e-01	1.139122936874628067e-01
1.562500000000000033e-05	4.507839335482331788e-02	1.180533161386847496e-01	1.142796147614717484e-01
1.562500000000000033e-05	4.743352923778038771e-02	1.175800347700715065e-01	1.147546488791704178e-01
1.562500000000000033e-05	4.625136013838309496e-02	1.185185294598340988e-01	1.143045350909233093e-01
1.562500000000000033e-05	4.637329270945319409e-02	1.182007296010851860e-01	1.146355895325541496e-01
1.562500000000000033e-05	4.664156383162812447e-02	1.182297756895422935e-01	1.142882006242871284e-01
1.562500000000000033e-05	4.674547604179080801e-02	1.181004624813795090e-01	1.140954075381159782e-01
1.562500000000000033e-05	4.537315647813338487e-02	1.178928101435303688e-01	1.138616260141134262e-01
1.562500000000000033e-05	4.662010549933095355e-02	1.177078345790505409e-01	1.140634249895811081e-01
1.562500000000000033e-05	4.732423836860475547e-02	1.182494899258017540e-01	1.139680817723274231e-01
1.562500000000000033e-05	4.670133611446694588e-02	1.181701850146055222e-01	1.143893338739871979e-01
1.562500000000000033e-05	4.634230352843864142e-02	1.192527972161769867e-01	1.161688119173049927e-01
1.562500000000000033e-05	4.661980889077427942e-02	1.193603491410613060e-01	1.152072837576270103e-01
1.562500000000000033e-05	4.709855900912345017e-02	1.181382294744253159e-01	1.145468698814511299e-01
1.562500000000000033e-05	4.732883377354356325e-02	1.178687587380409241e-01	1.146135227754712105e-01
1.562500000000000033e-05	4.631022816594643210e-02	1.179926944896578789e-01	1.144357044249773026e-01
1.562500000000000033e-05	4.625618061687372662e-02	1.174844298511743546e-01	1.146055646240711212e-01
1.562500000000000033e-05	4.699629483909546768e-02	1.184641607105731964e-01	1.155772041529417038e-01
1.562500000000000033e-05	4.580819984025592817e-02	1.175769343972206116e-01	1.141610080376267433e-01
1.562500000000000033e-05	4.761396805885471928e-02	1.181786879897117615e-01	1.145305903628468513e-01
1.562500000000000033e-05	4.664320347807075079e-02	1.186854057013988495e-01	1.157644204795360565e-01
1.562500000000000033e-05	4.777782797058926362e-02	1.217116611078381538e-01	1.179791986942291260e-01
7.812500000000000163e-06	4.498382563455195077e-02	1.183390161022543907e-01	1.145700262859463692e-01
7.812500000000000163e-06	4.626220445844191759e-02	1.186736524105072021e-01	1.150750610977411270e-01
7.812500000000000163e-06	4.572665804549108648e-02	1.190669080242514610e-01	1.154153067618608475e-01
7.812500000000000163e-06	4.580141056942034494e-02	1.180739933624863625e-01	1.142889130860567093e-01
7.812500000000000163e-06	4.650642293729359555e-02	1.180540453642606735e-01	1.145727392286062241e-01
7.812500000000000163e-06	4.600263867951646934e-02	1.193124074488878250e-01	1.155222086235880852e-01
7.812500000000000163e-06	4.625480673924277364e-02	1.184594333171844482e-01	1.148202009499073029e-01
7.812500000000000163e-06	4.654201398356051095e-02	1.192491110414266586e-01	1.149126905947923660e-01
7.812500000000000163e-06	4.529391281023810445e-02	1.183699108660221100e-01	1.142520857974886894e-01
7.812500000000000163e-06	4.572351347607902378e-02	1.180848209187388420e-01	1.142507111653685570e-01
7.812500000000000163e-06	4.595229751135729290e-02	1.183011392131447792e-01	1.144867837429046631e-01
7.812500000000000163e-06	4.532941826913930439e-02	1.177061423659324646e-01	1.142372470349073410e-01
7.812500000000000163e-06	4.545651701620862656e-02	1.183771956712007523e-01	1.147247860208153725e-01
7.812500000000000163e-06	4.677020984737179088e-02	1.181913483887910843e-01	1.143931951373815536e-01
7.812500000000000163e-06	4.506185598954369487e-02	1.181348199024796486e-01	1.139824585989117622e-01
7.812500000000000163e-06	4.412351171427135454e-02	1.180805899202823639e-01	1.141209406778216362e-01
7.812500000000000163e-06	4.643328322828570165e-02	1.189973810687661171e-01	1.155415670946240425e-01
7.812500000000000163e-06	4.674834814629977298e-02	1.203684760257601738e-01	1.170231970027089119e-01
7.812500000000000163e-06	4.688531792239297724e-02	1.183094838634133339e-01	1.149262208491563797e-01
7.812500000000000163e-06	4.580812283520457190e-02	1.179687902331352234e-01	1.143212458118796349e-01
7.812500000000000163e-06	4.598097767256482948e-02	1.175086647272109985e-01	1.142919594421982765e-01
3.906250000000000081e-06	4.614451607759995078e-02	1.178870070725679398e-01	1.145484270527958870e-01
3.906250000000000081e-06	4.624321684241294861e-02	1.185608049854636192e-01	1.154389102011919022e-01
3.906250000000000081e-06	4.523943383482437880e-02	1.182713648304343224e-01	1.145322034135460854e-01
3.906250000000000081e-06	4.670543341508394397e-02	1.179102528840303421e-01	1.153848571702837944e-01
3.906250000000000081e-06	4.634757184340983910e-02	1.182858096435666084e-01	1.142184240743517876e-01
3.906250000000000081e-06	4.686461346624772734e-02	1.182308197021484375e-01	1.139709595590829849e-01
3.906250000000000081e-06	4.601415746574160498e-02	1.187694184482097626e-01	1.151030687615275383e-01
3.906250000000000081e-06	4.549476178952410049e-02	1.185858743265271187e-01	1.149907326325774193e-01
3.906250000000000081e-06	4.494677509971057444e-02	1.180923040956258774e-01	1.146507896482944489e-01
3.906250000000000081e-06	4.543428764313082319e-02	1.180572872981429100e-01	1.141686029732227325e-01
3.906250000000000081e-06	4.621506583747229946e-02	1.187272034585475922e-01	1.146941194310784340e-01
3.906250000000000081e-06	4.618735342651982684e-02	1.180648608133196831e-01	1.145246308296918869e-01
3.906250000000000081e-06	4.539366354104838741e-02	1.175517914816737175e-01	1.139480685815215111e-01
3.906250000000000081e-06	4.509293976463848996e-02	1.179165635257959366e-01	1.147396974265575409e-01
3.906250000000000081e-06	4.731970157804368110e-02	1.192609071731567383e-01	1.146857738494873047e-01
3.906250000000000081e-06	4.647050750783727341e-02	1.185427103191614151e-01	1.153856823220849037e-01
3.906250000000000081e-06	4.493481048111674231e-02	1.182924974709749222e-01	1.155039230361580849e-01
3.906250000000000081e-06	4.667804663694357509e-02	1.181438602507114410e-01	1.139560425654053688e-01
3.906250000000000081e-06	4.563417457798613769e-02	1.179108489304780960e-01	1.139009287580847740e-01
3.906250000000000081e-06	4.645658100518999106e-02	1.184176811948418617e-01	1.142502576112747192e-01
3.906250000000000081e-06	4.576113768204857768e-02	1.183622051030397415e-01	1.147559359669685364e-01
1.953125000000000041e-06	4.588558472975899638e-02	1.179191516712307930e-01	1.139314724132418633e-01
1.953125000000000041e-06	4.440806480714037247e-02	1.179399564862251282e-01	1.139602866023778915e-01
1.953125000000000041e-06	4.524629020804091240e-02	1.179245496168732643e-01	1.137821702286601067e-01
1.953125000000000041e-06	4.601714557296113228e-02	1.193175027146935463e-01	1.145417215302586555e-01
1.953125000000000041e-06	4.541908195124396558e-02	1.179763516411185265e-01	1.143359737470746040e-01
1.953125000000000041e-06	4.632955794281597151e-02	1.186194056645035744e-01	1.142086833715438843e-01
1.953125000000000041e-06	4.575919807900356157e-02	1.185851348564028740e-01	1.143192294985055923e-01
1.953125000000000041e-06	4.550567288187485487e-02	1.187404738739132881e-01	1.148637272417545319e-01
1.953125000000000041e-06	4.534111615223220676e-02	1.179823800921440125e-01	1.140642063692212105e-01
1.953125000000000041e-06	4.572852920222131301e-02	1.193932946771383286e-01	1.154271615669131279e-01
1.953125000000000041e-06	4.594646149043795508e-02	1.184648079797625542e-01	1.150098573416471481e-01
1.953125000000000041e-06	4.512850449809545361e-02	1.182499965652823448e-01	1.148841260001063347e-01
1.953125000000000041e-06	4.518291207997104930e-02	1.180295990779995918e-01	1.139725986868143082e-01
1.953125000000000041e-06	4.640293126053447736e-02	1.188919078558683395e-01	1.149552157148718834e-01
1.953125000000000041e-06	4.712671366862104111e-02	1.185364881530404091e-01	1.155398981645703316e-01
1.953125000000000041e-06	4.637455350801914650e-02	1.182777611538767815e-01	1.138085834681987762e-01
1.953125000000000041e-06	4.557222481581229417e-02	1.179241500794887543e-01	1.146856239065527916e-01
1.953125000000000041e-06	4.628502622341053307e-02	1.180495442822575569e-01	1.139843473210930824e-01
1.953125000000000041e-06	4.608368001218083460e-02	1.191510930657386780e-01	1.153392614796757698e-01
1.953125000000000041e-06	4.564363528278809340e-02	1.209054728969931602e-01	1.163502372801303864e-01
1.953125000000000041e-06	4.468818518179881738e-02	1.183271137997508049e-01	1.145682344213128090e-01
9.765625000000000203e-07	4.639897566241554111e-02	1.179681811481714249e-01	1.140094269067049026e-01
9.765625000000000203e-07	4.427339645880687402e-02	1.183931054547429085e-01	1.148801529780030251e-01
9.765625000000000203e-07	4.370946767209451383e-02	1.181785240769386292e-01	1.145441625267267227e-01
9.765625000000000203e-07	4.762261313728139572e-02	1.191470976918935776e-01	1.154490038752555847e-01
9.765625000000000203e-07	4.629674652897858983e-02	1.185254091396927834e-01	1.144800735637545586e-01
9.765625000000000203e-07	4.536724510260774917e-02	1.176761649549007416e-01	1.138493949547410011e-01
9.765625000000000203e-07	4.488889854165572374e-02	1.176286134868860245e-01	1.138058323413133621e-01
9.765625000000000203e-07	4.441958354620993699e-02	1.176452571526169777e-01	1.140389600768685341e-01
9.765625000000000203e-07	4.527310197111926449e-02	1.181415366008877754e-01	1.138317780569195747e-01
9.765625000000000203e-07	4.678211191409750724e-02	1.184632657095789909e-01	1.147777205333113670e-01
9.765625000000000203e-07	4.599337232641027146e-02	1.181876724585890770e-01	1.141051799058914185e-01
9.765625000000000203e-07	4.493313381754899388e-02	1.179591612890362740e-01	1.146096335723996162e-01
9.765625000000000203e-07	4.686299980252604108e-02	1.194025836884975433e-01	1.156677398830652237e-01
9.765625000000000203e-07	4.575181573252134343e-02	1.185707272961735725e-01	1.153503078967332840e-01
9.765625000000000203e-07	4.725002322958994638e-02	1.195386182516813278e-01	1.157924318686127663e-01
9.765625000000000203e-07	4.401271714817119735e-02	1.179078202694654465e-01	1.142868781462311745e-01
9.765625000000000203e-07	4.610181500828718776e-02	1.180044356733560562e-01	1.154812620952725410e-01
9.765625000000000203e-07	4.597156325095816398e-02	1.176422648131847382e-01	1.144421305507421494e-01
9.765625000000000203e-07	4.451598010108440834e-02	1.184158315882086754e-01	1.146288299933075905e-01
9.765625000000000203e-07	4.578781462734258373e-02	1.183487391099333763e-01	1.143839517608284950e-01
9.765625000000000203e-07	4.537302713039555180e-02	1.184178469702601433e-01	1.142069259658455849e-01
4.882812500000000102e-07	4.692884595899642075e-02	1.186828305944800377e-01	1.152937840670347214e-01
4.882812500000000102e-07	4.563253552098817806e-02	1.191346533596515656e-01	1.157129472121596336e-01
4.882812500000000102e-07	4.582632040675682639e-02	1.188741847872734070e-01	1.142222946509718895e-01
4.882812500000000102e-07	4.616497098645077485e-02	1.180072538554668427e-01	1.146104186773300171e-01
4.882812500000000102e-07	4.549749440784695703e-02	1.184543566778302193e-01	1.151374289765954018e-01
4.882812500000000102e-07	4.607659040749827184e-02	1.185984238982200623e-01	1.146569587290287018e-01
4.882812500000000102e-07	4.663851362051842780e-02	1.194813298061490059e-01	1.151835760101675987e-01
4.882812500000000102e-07	4.565024517382247626e-02	1.183674382045865059e-01	1.142889969050884247e-01
4.882812500000000102e-07	4.686494827081885695e-02	1.180994966998696327e-01	1.145721897482872009e-01
4.882812500000000102e-07	4.652328845820849490e-02	1.194932283833622932e-01	1.153817251324653625e-01
4.882812500000000102e-07	4.582197525644603892e-02	1.181900054216384888e-01	1.145375836640596390e-01
4.882812500000000102e-07	4.586677729517598529e-02	1.180394301190972328e-01	1.144785368815064430e-01
4.882812500000000102e-07	4.643645033806185346e-02	1.178297949954867363e-01	1.145551661029458046e-01
4.882812500000000102e-07	4.713789288756213558e-02	1.178090851753950119e-01	1.143272165209054947e-01
4.882812500000000102e-07	4.550803641352472312e-02	1.179078109562397003e-01	1.141470288857817650e-01
4.882812500000000102e-07	4.615000347736515629e-02	1.191369974985718727e-01	1.146459393203258514e-01
4.882812500000000102e-07	4.584644324605977733e-02	1.175436098128557205e-01	1.142987096682190895e-01
4.882812500000000102e-07	4.611597455377820093e-02	1.178346546366810799e-01	1.136303581297397614e-01
4.882812500000000102e-07	4.529892219395577346e-02	1.189850894734263420e-01	1.158336354419589043e-01
4.882812500000000102e-07	4.648025239570231087e-02	1.187297897413372993e-01	1.141565609723329544e-01
4.882812500000000102e-07	4.456148867177057993e-02	1.185571309179067612e-01	1.147873904556035995e-01
2.441406250000000051e-07	4.500631238274936663e-02	1.183242648839950562e-01	1.155532160773873329e-01
2.441406250000000051e-07	4.597417472661295690e-02	1.192106520757079124e-01	1.144735971465706825e-01
2.441406250000000051e-07	4.565554102764853711e-02	1.179919894784688950e-01	1.138981245458126068e-01
2.441406250000000051e-07	4.601238278931454873e-02	1.196290468797087669e-01	1.148311644792556763e-01
2.441406250000000051e-07	4.610101581562923295e-02	1.185875162482261658e-01	1.144787482917308807e-01
2.441406250000000051e-07	4.689171283116823352e-02	1.187780806794762611e-01	1.149749895557761192e-01
2.441406250000000051e-07	4.647996163443673945e-02	1.178919393569231033e-01	1.148825082927942276e-01
2.441406250000000051e-07	4.518687234649175488e-02	1.188975032418966293e-01	1.150849042460322380e-01
2.441406250000000051e-07	4.500780146144613136e-02	1.181934317573904991e-01	1.140762176364660263e-01
2.441406250000000051e-07	4.527754275293290054e-02	1.179160522297024727e-01	1.144678480923175812e-01
2.441406250000000051e-07	4.552375058395952828e-02	1.186231225728988647e-01	1.140989931300282478e-01
2.441406250000000051e-07	4.544795526168014105e-02	1.174225406721234322e-01	1.136815920472145081e-01
2.441406250000000051e-07	4.589400331996663918e-02	1.182292364537715912e-01	1.139911273494362831e-01
2.441406250000000051e-07	4.566009983986239057e-02	1.183157647028565407e-01	1.145162656903266907e-01
2.441406250000000051e-07	4.633050473241866196e-02	1.179813556373119354e-01	1.134024513885378838e-01
2.441406250000000051e-07	4.601611956199513215e-02	1.181364255025982857e-01	1.152370218187570572e-01
2.441406250000000051e-07	4.631742919924893009e-02	1.188170863315463066e-01	1.150210173800587654e-01
2.441406250000000051e-07	4.522758231887334668e-02	1.183118885383009911e-01	1.145027279853820801e-01
2.441406250000000051e-07	4.682521908720837372e-02	1.192751592025160789e-01	1.149384332820773125e-01
2.441406250000000051e-07	4.710118510300600331e-02	1.181375551968812943e-01	1.144727412611246109e-01
2.441406250000000051e-07	4.519583148103725745e-02	1.179825784638524055e-01	1.138853952288627625e-01
1.220703125000000025e-07	4.683909301139131676e-02	1.188630871474742889e-01	1.146819842979311943e-01
1.220703125000000025e-07	4.622110111426703388e-02	1.187265058979392052e-01	1.148727722465991974e-01
1.220703125000000025e-07	4.522808900550950861e-02	1.186158051714301109e-01	1.145984884351491928e-01
1.220703125000000025e-07	4.462520028405551897e-02	1.179567528888583183e-01	1.142512932419776917e-01
1.220703125000000025e-07	4.614813314585745896e-02	1.189465057104825974e-01	1.149703394621610641e-01
1.220703125000000025e-07	4.578416902996317039e-02	1.180191803723573685e-01	1.138785388320684433e-01
1.220703125000000025e-07	4.582585851791538822e-02	1.183650316670536995e-01	1.143144750967621803e-01
1.220703125000000025e-07	4.508296786984310883e-02	1.180086694657802582e-01	1.142443129792809486e-01
1.220703125000000025e-07	4.527680038274088659e-02	1.180259240791201591e-01	1.141836252063512802e-01
1.220703125000000025e-07	4.650225513909436725e-02	1.176255121827125549e-01	1.137028578668832779e-01
1.220703125000000025e-07	4.635562700561330490e-02	1.194940693676471710e-01	1.149779753759503365e-01
1.220703125000000025e-07	4.541419229552715736e-02	1.176061183214187622e-01	1.148625360801815987e-01
1.220703125000000025e-07	4.521681019399739765e-02	1.184150185436010361e-01	1.149110002443194389e-01
1.220703125000000025e-07	4.663695630770695044e-02	1.180490981787443161e-01	1.144532868638634682e-01
1.220703125000000025e-07	4.604735503656954415e-02	1.181299043819308281e-01	1.142243975773453712e-01
1.220703125000000025e-07	4.661924415562726520e-02	1.181898387148976326e-01	1.138407411053776741e-01
1.220703125000000025e-07	4.559798708444909310e-02	1.177588785067200661e-01	1.140501946210861206e-01
1.220703125000000025e-07	4.544180452446393986e-02	1.179273612797260284e-01	1.147964363917708397e-01
1.220703125000000025e-07	4.596288021229490151e-02	1.186148002743721008e-01	1.149295065551996231e-01
1.220703125000000025e-07	4.718419838743873745e-02	1.176515771076083183e-01	1.139013385400176048e-01
1.220703125000000025e-07	4.534537731846676606e-02	1.179211642593145370e-01	1.145527651533484459e-01
6.103515625000000127e-08	4.511805883125413752e-02	1.173171484842896461e-01	1.139049595221877098e-01
6.103515625000000127e-08	4.434242094807987200e-02	1.175814606249332428e-01	1.141053941100835800e-01
6.103515625000000127e-08	4.595698279481899573e-02	1.176971625536680222e-01	1.140163168311119080e-01
6.103515625000000127e-08	4.464363537823097527e-02	1.173314545303583145e-01	1.142448689788579941e-01
6.103515625000000127e-08	4.469710951553115125e-02	1.182153550907969475e-01	1.141027919948101044e-01
6.103515625000000127e-08	4.557994163677662330e-02	1.183328395709395409e-01	1.153932735323905945e-01
6.103515625000000127e-08	4.533127879228773111e-02	1.178892841562628746e-01	1.136825531721115112e-01
6.103515625000000127e-08	4.640599439227128392e-02	1.193235106766223907e-01	1.145305316895246506e-01
6.103515625000000127e-08	4.792117096389396369e-02	1.187959956005215645e-01	1.153703052550554276e-01
6.103515625000000127e-08	4.491959606544881217e-02	1.181201450526714325e-01	1.138200564309954643e-01
6.103515625000000127e-08	4.616986929521530586e-02	1.184921236708760262e-01	1.148475483059883118e-01
6.103515625000000127e-08	4.703307724734650391e-02	1.184999756515026093e-01	1.146269394084811211e-01
6.103515625000000127e-08	4.498093716705901801e-02	1.182627966627478600e-01	1.144592138007283211e-01
6.103515625000000127e-08	4.543652691984478159e-02	1.194505589082837105e-01	1.160345170646905899e-01
6.103515625000000127e-08	4.447642581749566143e-02	1.176611855626106262e-01	1.140527566894888878e-01
6.103515625000000127e-08	4.693681958921348124e-02	1.181529788300395012e-01	1.148794833570718765e-01
6.103515625000000127e-08	4.645813869524605816e-02	1.188961090520024300e-01	1.158918589353561401e-01
6.103515625000000127e-08	4.572155769867233127e-02	1.182377412915229797e-01	1.145845586434006691e-01
6.103515625000000127e-08	4.501330362090581738e-02	1.180664841085672379e-01	1.150578893721103668e-01
6.103515625000000127e-08	4.714166627654546582e-02	1.197819905355572701e-01	1.167224915698170662e-01
6.103515625000000127e-08	4.507872108605843336e-02	1.185903819277882576e-01	1.147650070488452911e-01
3.051757812500000064e-08	4.493803507353685833e-02	1.175731876865029335e-01	1.136072995141148567e-01
3.051757812500000064e-08	4.458416880497449719e-02	1.203264864161610603e-01	1.161009855568408966e-01
3.051757812500000064e-08	4.593174781980393501e-02	1.183224180713295937e-01	1.150582730770111084e-01
3.051757812500000064e-08	4.429580813533143258e-02	1.177570261061191559e-01	1.144133601337671280e-01
3.051757812500000064e-08	4.596645026644573945e-02	1.180663937702775002e-01	1.137213008478283882e-01
3.051757812500000064e-08	4.591969674146628017e-02	1.187228159978985786e-01	1.152075082063674927e-01
3.051757812500000064e-08	4.451097005718870903e-02	1.176826553419232368e-01	1.140546668320894241e-01
3.051757812500000064e-08	4.716297102314007117e-02	1.189539171755313873e-01	1.148945316672325134e-01
3.051757812500000064e-08	4.559930225339117044e-02	1.184277748689055443e-01	1.145936967805027962e-01
3.051757812500000064e-08	4.530968436900573160e-02	1.183360684663057327e-01	1.141801057383418083e-01
3.051757812500000064e-08	4.596702881817576331e-02	1.176575729623436928e-01	1.148774018511176109e-01
3.051757812500000064e-08	4.631349694313881965e-02	1.185627644881606102e-01	1.150104403495788574e-01
3.051757812500000064e-08	4.584670849616014759e-02	1.190413963049650192e-01	1.147495675832033157e-01
3.051757812500000064e-08	4.684820790079575331e-02	1.194920372217893600e-01	1.156455203890800476e-01
3.051757812500000064e-08	4.520185999100721080e-02	1.193025894463062286e-01	1.160959489643573761e-01
3.051757812500000064e-08	4.565628834917575402e-02	1.181821711361408234e-01	1.141750244423747063e-01
3.051757812500000064e-08	4.612292608694185114e-02	1.185644967481493950e-01	1.147874230518937111e-01
3.051757812500000064e-08	4.584664224257951892e-02	1.188490502536296844e-01	1.154783088713884354e-01
3.051757812500000064e-08	4.475840152818945372e-02	1.178198279812932014e-01	1.142290709540247917e-01
3.051757812500000064e-08	4.416217928445791835e-02	1.185832610353827477e-01	1.143019357696175575e-01
3.051757812500000064e-08	4.572736971740481299e-02	1.177096720784902573e-01	1.136744208633899689e-01
1.525878906250000032e-08	4.547755368336846293e-02	1.179992295801639557e-01	1.140816910192370415e-01
1.525878906250000032e-08	4.527323009281218613e-02	1.182896411046385765e-01	1.142909144982695580e-01
1.525878906250000032e-08	4.653653823122193278e-02	1.184124676510691643e-01	1.152578685432672501e-01
1.525878906250000032e-08	4.580329594355594947e-02	1.178827723488211632e-01	1.136699542403221130e-01
1.525878906250000032e-08	4.643213682914081736e-02	1.194807030260562897e-01	1.160991601645946503e-01
1.525878906250000032e-08	4.571988711817354806e-02	1.183672519400715828e-01	1.140992110595107079e-01
1.525878906250000032e-08	4.683670708084407969e-02	1.178120616823434830e-01	1.137729417532682419e-01
1.525878906250000032e-08	4.535463697548153955e-02	1.181222302839159966e-01	1.138229137286543846e-01
1.525878906250000032e-08	4.466989961794660263e-02	1.188260642811655998e-01	1.145205684006214142e-01
1.525878906250000032e-08	4.501924286537532793e-02	1.180351087823510170e-01	1.147481156513094902e-01
1.525878906250000032e-08	4.496104689904405899e-02	1.177474614232778549e-01	1.148473648354411125e-01
1.525878906250000032e-08	4.509052954897095622e-02	1.191127644851803780e-01	1.155116353183984756e-01
1.525878906250000032e-08	4.513220903994161898e-02	1.179689541459083557e-01	1.148609416559338570e-01
1.525878906250000032e-08	4.477374548021750833e-02	1.179167926311492920e-01	1.139408992603421211e-01
1.525878906250000032e-08	4.627666492722457003e-02	1.178459841758012772e-01	1.142054395750164986e-01
1.525878906250000032e-08	4.593085408022132277e-02	1.181150553748011589e-01	1.139803975820541382e-01
1.525878906250000032e-08	4.454050510178638594e-02	1.177476756274700165e-01	1.137662222608923912e-01
1.525878906250000032e-08	4.589030226763290976e-02	1.180188124999403954e-01	1.143849864602088928e-01
1.525878906250000032e-08	4.588116672408731889e-02	1.179360309615731239e-01	1.153832534328103065e-01
1.525878906250000032e-08	4.536393685620042360e-02	1.174852913245558739e-01	1.135724848136305809e-01
1.525878906250000032e-08	4.698618029869055385e-02	1.187136964872479439e-01	1.153504671528935432e-01
1.525878906250000032e-08	4.528497640467897545e-02	1.177552528679370880e-01	1.142667718231678009e-01
1.525878906250000032e-08	4.583057421672193099e-02	1.180408662185072899e-01	1.148683894425630569e-01
1.525878906250000032e-08	4.539210321028021300e-02	1.177004445344209671e-01	1.138761071488261223e-01
1.525878906250000032e-08	4.635427307478989095e-02	1.177451089024543762e-01	1.148222927004098892e-01
1.525878906250000032e-08	4.732386536801917731e-02	1.187597336247563362e-01	1.152594136074185371e-01
1.525878906250000032e-08	4.558729253049138147e-02	1.183327613398432732e-01	1.143289655447006226e-01
1.525878906250000032e-08	4.586576807159412073e-02	1.181930275633931160e-01	1.143376389518380165e-01
1.525878906250000032e-08	4.551275682788860633e-02	1.190652977675199509e-01	1.148364329710602760e-01
1.525878906250000032e-08	4.486571954964082426e-02	1.177483908832073212e-01	1.143762636929750443e-01
1.525878906250000032e-08	4.503358433706850655e-02	1.192052466794848442e-01	1.144282687455415726e-01
1.525878906250000032e-08	4.525351005641720104e-02	1.180967949330806732e-01	1.145203402265906334e-01
1.525878906250000032e-08	4.668675061268142551e-02	1.197879705578088760e-01	1.159683773294091225e-01
1.525878906250000032e-08	4.741484761426720262e-02	1.197445243597030640e-01	1.165177216753363609e-01
1.525878906250000032e-08	4.603111989135983545e-02	1.180676016956567764e-01	1.147947516292333603e-01
1.525878906250000032e-08	4.628205525724193858e-02	1.180685646831989288e-01	1.141439219936728477e-01
1.525878906250000032e-08	4.602317040479635829e-02	1.178100891411304474e-01	1.139654610306024551e-01
1.525878906250000032e-08	4.544168253299556148e-02	1.183144189417362213e-01	1.142080174759030342e-01
1.525878906250000032e-08	4.555649744181693162e-02	1.200669473037123680e-01	1.164476573467254639e-01
1.525878906250000032e-08	4.613474714039247221e-02	1.181727843359112740e-01	1.142859086394309998e-01
1.525878906250000032e-08	4.553053787426103449e-02	1.185291064903140068e-01	1.145497001707553864e-01
1.525878906250000032e-08	4.623268506949460704e-02	1.190878227353096008e-01	1.148052420467138290e-01
1.525878906250000032e-08	4.558248341649393659e-02	1.180439554154872894e-01	1.149473320692777634e-01
1.525878906250000032e-08	4.544236435543132918e-02	1.185692921280860901e-01	1.150363897904753685e-01
1.525878906250000032e-08	4.641738411369202705e-02	1.178106656298041344e-01	1.139945518225431442e-01
