2.000000000000000042e-03	3.482439053964011544e-01	2.939078882336616516e-01	2.939200624823570251e-01
2.000000000000000042e-03	2.564096937451181279e-01	2.330772709101438522e-01	2.352702524513006210e-01
2.000000000000000042e-03	2.278525963237013896e-01	2.527072522789239883e-01	2.539019435644149780e-01
2.000000000000000042e-03	2.201052145867408161e-01	2.235423754900693893e-01	2.199859060347080231e-01
2.000000000000000042e-03	2.111031716760200794e-01	2.550713177770376205e-01	2.504098806530237198e-01
2.000000000000000042e-03	1.999899192324167685e-01	2.367184124886989594e-01	2.331924214959144592e-01
2.000000000000000042e-03	1.932485814713224559e-01	1.972806956619024277e-01	1.959493644535541534e-01
2.000000000000000042e-03	1.942131432551371939e-01	1.806085575371980667e-01	1.820170693099498749e-01
2.000000000000000042e-03	1.946592287549489542e-01	1.887516640126705170e-01	1.911451220512390137e-01
2.000000000000000042e-03	1.874604127075098770e-01	1.801708210259675980e-01	1.804303079843521118e-01
2.000000000000000042e-03	1.825187145909176467e-01	2.016471419483423233e-01	2.031340431421995163e-01
2.000000000000000042e-03	1.832570584514472967e-01	1.576062720268964767e-01	1.560506653040647507e-01
2.000000000000000042e-03	1.821619230735151140e-01	2.125518657267093658e-01	2.126388009637594223e-01
2.000000000000000042e-03	1.817343189746518650e-01	1.731242053210735321e-01	1.710050217807292938e-01
2.000000000000000042e-03	1.733867346863203485e-01	1.637616325169801712e-01	1.640973612666130066e-01
2.000000000000000042e-03	1.693721954958348208e-01	1.870303601026535034e-01	1.879144776612520218e-01
2.000000000000000042e-03	1.734410835595070477e-01	1.713115870952606201e-01	1.689632125198841095e-01
2.000000000000000042e-03	1.696057762903503130e-01	1.565487720072269440e-01	1.570829711854457855e-01
2.000000000000000042e-03	1.657447079314461336e-01	1.678854208439588547e-01	1.648694854229688644e-01
2.000000000000000042e-03	1.606865464886532424e-01	1.599314101040363312e-01	1.584849059581756592e-01
2.000000000000000042e-03	1.596770939193194461e-01	1.509923376142978668e-01	1.496168840676546097e-01
2.000000000000000042e-03	1.564787074546270806e-01	1.490774676203727722e-01	1.502523794770240784e-01
2.000000000000000042e-03	1.547071233957628689e-01	1.477523222565650940e-01	1.473498456180095673e-01
2.000000000000000042e-03	1.581615711314768857e-01	1.497510690242052078e-01	1.505275852978229523e-01
2.000000000000000042e-03	1.564592764347414455e-01	1.830969434231519699e-01	1.814916785806417465e-01
2.000000000000000042e-03	1.577819155741341517e-01	1.639715991914272308e-01	1.637720279395580292e-01
2.000000000000000042e-03	1.464024500190457267e-01	1.404000725597143173e-01	1.416623145341873169e-01
2.000000000000000042e-03	1.509996919503694968e-01	1.714104618877172470e-01	1.690522842109203339e-01
2.000000000000000042e-03	1.489579741713366878e-01	1.529333125799894333e-01	1.515213456004858017e-01
2.000000000000000042e-03	1.494882249190837564e-01	1.593319959938526154e-01	1.590847205370664597e-01
2.000000000000000042e-03	1.444121016354500409e-01	1.578660737723112106e-01	1.621169652789831161e-01
2.000000000000000042e-03	1.478108284594137345e-01	1.507463697344064713e-01	1.526505649089813232e-01
2.000000000000000042e-03	1.462723387381698603e-01	1.725660096853971481e-01	1.722011566162109375e-01
2.000000000000000042e-03	1.444449575641487127e-01	1.613450404256582260e-01	1.601167060434818268e-01
2.000000000000000042e-03	1.421181629352931686e-01	1.568249389529228210e-01	1.551165003329515457e-01
2.000000000000000042e-03	1.472350546642194891e-01	1.547462176531553268e-01	1.588144768029451370e-01
2.000000000000000042e-03	1.473637130818789553e-01	1.516016740351915359e-01	1.530482992529869080e-01
2.000000000000000042e-03	1.430327824399441061e-01	1.590056363493204117e-01	1.551330871880054474e-01
2.000000000000000042e-03	1.434557056879695591e-01	1.860171929001808167e-01	1.847067754715681076e-01
2.000000000000000042e-03	1.448205512347100765e-01	1.553070787340402603e-01	1.533021535724401474e-01
2.000000000000000042e-03	1.376501894261263625e-01	1.492790989577770233e-01	1.478635258972644806e-01
2.000000000000000042e-03	1.440309391746038004e-01	1.554841455072164536e-01	1.572937667369842529e-01
2.000000000000000042e-03	1.408082370327997934e-01	1.405187845230102539e-01	1.403411179780960083e-01
2.000000000000000042e-03	1.350441567505462348e-01	1.454566195607185364e-01	1.466196011751890182e-01
2.000000000000000042e-03	1.368707069490529282e-01	1.397783141583204269e-01	1.413482800126075745e-01
2.000000000000000042e-03	1.310111112609694262e-01	1.415559388697147369e-01	1.427221838384866714e-01
2.000000000000000042e-03	1.319634260821946070e-01	1.543355081230401993e-01	1.561570204794406891e-01
2.000000000000000042e-03	1.309225999667674722e-01	1.350435167551040649e-01	1.349050048738718033e-01
2.000000000000000042e-03	1.286760456388509610e-01	1.364679299294948578e-01	1.339447963982820511e-01
2.000000000000000042e-03	1.319812655071669061e-01	1.300936173647642136e-01	1.311347503215074539e-01
2.000000000000000042e-03	1.282962334306934349e-01	1.423747297376394272e-01	1.400703508406877518e-01
2.000000000000000042e-03	1.300338918838319924e-01	1.407600920647382736e-01	1.398112857714295387e-01
2.000000000000000042e-03	1.323656861352015268e-01	1.404247041791677475e-01	1.390386791899800301e-01
2.000000000000000042e-03	1.261487287245219302e-01	1.550806742161512375e-01	1.526767965406179428e-01
2.000000000000000042e-03	1.286128776360161707e-01	1.597341783344745636e-01	1.590407509356737137e-01
2.000000000000000042e-03	1.297396278079551990e-01	1.462616771459579468e-01	1.427589766681194305e-01
2.000000000000000042e-03	1.270930268153359632e-01	1.413333639502525330e-01	1.418078448623418808e-01
2.000000000000000042e-03	1.287312558557413833e-01	1.342749912291765213e-01	1.350914146751165390e-01
2.000000000000000042e-03	1.241138640649711022e-01	1.306649670004844666e-01	1.328520132228732109e-01
2.000000000000000042e-03	1.225764220462569748e-01	1.325527690351009369e-01	1.330293705686926842e-01
2.000000000000000042e-03	1.231887863972519065e-01	1.595451328903436661e-01	1.578762661665678024e-01
2.000000000000000042e-03	1.237175338253190260e-01	1.370930038392543793e-01	1.362313237041234970e-01
2.000000000000000042e-03	1.221527841083611121e-01	1.328309690579771996e-01	1.320913108065724373e-01
2.000000000000000042e-03	1.184993973827060260e-01	1.430449429899454117e-01	1.441246829926967621e-01
2.000000000000000042e-03	1.198323793426344652e-01	1.481846868991851807e-01	1.464897487312555313e-01
2.000000000000000042e-03	1.206318259805063686e-01	1.312576476484537125e-01	1.319726016372442245e-01
2.000000000000000042e-03	1.166790657782856427e-01	1.346230823546648026e-01	1.348482016474008560e-01
2.000000000000000042e-03	1.164927993771396053e-01	1.456063054502010345e-01	1.424040365964174271e-01
2.000000000000000042e-03	1.174776989825164208e-01	1.291018370538949966e-01	1.311724279075860977e-01
2.000000000000000042e-03	1.254873063556755652e-01	1.442814487963914871e-01	1.411631088703870773e-01
2.000000000000000042e-03	1.192445128778868019e-01	1.329878615215420723e-01	1.297189360484480858e-01
2.000000000000000042e-03	1.203030883511410493e-01	1.517049241811037064e-01	1.463993638753890991e-01
2.000000000000000042e-03	1.151442139209071236e-01	1.509881075471639633e-01	1.471193935722112656e-01
2.000000000000000042e-03	1.128271987921074943e-01	1.321383630856871605e-01	1.328675597906112671e-01
2.000000000000000042e-03	1.113104938140398320e-01	1.375110615044832230e-01	1.348660513758659363e-01
2.000000000000000042e-03	1.149480081623113631e-01	1.439642664045095444e-01	1.426178775727748871e-01
2.000000000000000042e-03	1.161674478008777323e-01	1.373069137334823608e-01	1.366817280650138855e-01
2.000000000000000042e-03	1.136203049858914155e-01	1.310312282294034958e-01	1.324863079935312271e-01
2.000000000000000042e-03	1.139603670262083202e-01	1.423611659556627274e-01	1.406952645629644394e-01
2.000000000000000042e-03	1.089111319448374526e-01	1.344840303063392639e-01	1.306943045929074287e-01
2.000000000000000042e-03	1.088521583359452760e-01	1.343356184661388397e-01	1.300787590444087982e-01
2.000000000000000042e-03	1.121109926813765451e-01	1.365450490266084671e-01	1.333703901618719101e-01
2.000000000000000042e-03	1.094641715665406884e-01	1.524870060384273529e-01	1.514822933822870255e-01
2.000000000000000042e-03	1.080875779631771672e-01	1.396228345111012459e-01	1.390366461127996445e-01
2.000000000000000042e-03	1.124853824701490257e-01	1.456048078835010529e-01	1.409615557640790939e-01
2.000000000000000042e-03	1.070921635137328659e-01	1.314667696133255959e-01	1.296653682366013527e-01
2.000000000000000042e-03	1.053527255978765342e-01	1.372441221028566360e-01	1.376558337360620499e-01
2.000000000000000042e-03	1.052032933582233432e-01	1.360751884058117867e-01	1.356586888432502747e-01
2.000000000000000042e-03	1.042237734492821033e-01	1.283353418111801147e-01	1.259675994515419006e-01
2.000000000000000042e-03	1.033098540162738360e-01	1.412440482527017593e-01	1.400001449510455132e-01
2.000000000000000042e-03	1.062741278658939359e-01	1.452406067401170731e-01	1.405347995460033417e-01
2.000000000000000042e-03	1.107425334144242213e-01	1.291033774614334106e-01	1.266182167455554008e-01
2.000000000000000042e-03	1.040028324232825790e-01	1.426820568740367889e-01	1.422854270786046982e-01
2.000000000000000042e-03	1.089103250186654603e-01	1.329275192692875862e-01	1.305433409288525581e-01
2.000000000000000042e-03	1.012254565765586117e-01	1.342318756505846977e-01	1.295917276293039322e-01
2.000000000000000042e-03	1.035318501953837178e-01	1.495834346860647202e-01	1.493154726922512054e-01
2.000000000000000042e-03	1.033128561286986574e-01	1.364006139338016510e-01	1.363151296973228455e-01
2.000000000000000042e-03	1.001195530348186202e-01	1.424531750380992889e-01	1.395275611430406570e-01
2.000000000000000042e-03	1.039158335026306446e-01	1.407928206026554108e-01	1.400192026048898697e-01
2.000000000000000042e-03	9.811847364600700949e-02	1.317178467288613319e-01	1.306406538933515549e-01
2.000000000000000042e-03	9.715189539556261245e-02	1.246494241058826447e-01	1.258544176816940308e-01
2.000000000000000042e-03	9.921340653790702846e-02	1.305886628106236458e-01	1.287514157593250275e-01
2.000000000000000042e-03	9.652474777230733716e-02	1.392064457759261131e-01	1.376149421557784081e-01
2.000000000000000042e-03	9.728163226118570484e-02	1.537468414753675461e-01	1.496701557189226151e-01
2.000000000000000042e-03	9.488359046510502770e-02	1.357946731150150299e-01	1.334093362092971802e-01
2.000000000000000042e-03	9.477622665559189141e-02	1.326162563636898994e-01	1.284971637651324272e-01
2.000000000000000042e-03	9.287371382683137777e-02	1.461673974990844727e-01	1.422608438879251480e-01
2.000000000000000042e-03	9.574988003395780434e-02	1.250037504360079765e-01	1.210294375196099281e-01
2.000000000000000042e-03	9.240008862335470641e-02	1.280755810439586639e-01	1.278809038922190666e-01
2.000000000000000042e-03	9.428225033268143596e-02	1.372337806969881058e-01	1.365675386041402817e-01
2.000000000000000042e-03	9.594980334933800314e-02	1.310624051839113235e-01	1.281352499499917030e-01
2.000000000000000042e-03	9.283117421820194504e-02	1.263329405337572098e-01	1.240105712786316872e-01
2.000000000000000042e-03	9.224307753994495651e-02	1.317665427923202515e-01	1.328483521938323975e-01
2.000000000000000042e-03	9.194424635247339106e-02	1.321266284212470055e-01	1.298696044832468033e-01
2.000000000000000042e-03	9.307749541122702086e-02	1.277326187118887901e-01	1.253457386046648026e-01
2.000000000000000042e-03	9.249400922769232536e-02	1.313727591186761856e-01	1.307242950424551964e-01
2.000000000000000042e-03	9.178497132998478247e-02	1.274917945265769958e-01	1.277693584561347961e-01
2.000000000000000042e-03	9.346207448198826095e-02	1.373689621686935425e-01	1.348671987652778625e-01
2.000000000000000042e-03	9.336328317847432390e-02	1.328313155099749565e-01	1.295854104682803154e-01
2.000000000000000042e-03	8.882351379983033368e-02	1.322041647508740425e-01	1.281969547271728516e-01
2.000000000000000042e-03	9.293808523989931236e-02	1.295920554548501968e-01	1.294061299413442612e-01
2.000000000000000042e-03	8.810096271807633939e-02	1.410950012505054474e-01	1.366150761023163795e-01
1.000000000000000021e-03	7.958163052231451151e-02	1.197515837848186493e-01	1.173999095335602760e-01
1.000000000000000021e-03	7.702065278080445776e-02	1.231092968955636024e-01	1.218271180987358093e-01
1.000000000000000021e-03	7.447236073733884409e-02	1.235973592847585678e-01	1.215089000761508942e-01
1.000000000000000021e-03	7.312082348367836271e-02	1.193301007151603699e-01	1.178952660411596298e-01
1.000000000000000021e-03	7.325853954387616385e-02	1.203521117568016052e-01	1.199083831161260605e-01
1.000000000000000021e-03	7.237485805644264247e-02	1.199644822627305984e-01	1.190784359350800514e-01
1.000000000000000021e-03	7.279954572455792083e-02	1.207992769777774811e-01	1.175765786319971085e-01
1.000000000000000021e-03	6.834983797390249693e-02	1.196508305147290230e-01	1.207873737439513206e-01
1.000000000000000021e-03	7.060662147742283179e-02	1.229209247976541519e-01	1.239220388233661652e-01
1.000000000000000021e-03	6.918580301954777023e-02	1.295348638668656349e-01	1.286376770585775375e-01
1.000000000000000021e-03	7.224430879460105870e-02	1.205814816057682037e-01	1.184505131095647812e-01
1.000000000000000021e-03	7.069399929310701824e-02	1.206545382738113403e-01	1.193041857331991196e-01
1.000000000000000021e-03	7.175330742250514426e-02	1.228292398154735565e-01	1.213746452704071999e-01
1.000000000000000021e-03	6.872138890284526513e-02	1.232719849795103073e-01	1.195965763181447983e-01
1.000000000000000021e-03	6.748946779702283405e-02	1.205317350104451180e-01	1.176575170829892159e-01
1.000000000000000021e-03	7.117307695406902002e-02	1.249546455219388008e-01	1.229377640411257744e-01
1.000000000000000021e-03	6.845153637136085212e-02	1.191523894667625427e-01	1.165904048830270767e-01
1.000000000000000021e-03	6.838642239947861912e-02	1.240019891411066055e-01	1.227964898571372032e-01
1.000000000000000021e-03	6.836290497191344073e-02	1.282654432579874992e-01	1.256636632606387138e-01
1.000000000000000021e-03	6.680292310782626197e-02	1.227822117507457733e-01	1.215211255475878716e-01
1.000000000000000021e-03	6.752236970240556302e-02	1.196618350222706795e-01	1.167690511792898178e-01
1.000000000000000021e-03	6.775483173094218325e-02	1.209285100921988487e-01	1.190172834321856499e-01
1.000000000000000021e-03	6.716991904415661740e-02	1.206890987232327461e-01	1.200830396264791489e-01
1.000000000000000021e-03	6.787184616432914708e-02	1.270800959318876266e-01	1.248176135122776031e-01
1.000000000000000021e-03	6.667741322064701937e-02	1.230004131793975830e-01	1.206630012020468712e-01
1.000000000000000021e-03	6.671782455678228196e-02	1.228144494816660881e-01	1.184880612418055534e-01
1.000000000000000021e-03	6.366175927127463996e-02	1.207660045474767685e-01	1.184587497264146805e-01
1.000000000000000021e-03	6.675627294786368182e-02	1.243127593770623207e-01	1.221920670941472054e-01
1.000000000000000021e-03	6.596492372358901679e-02	1.231777453795075417e-01	1.205746661871671677e-01
1.000000000000000021e-03	6.452553228864187085e-02	1.207096735015511513e-01	1.197776487097144127e-01
1.000000000000000021e-03	6.284305005322528281e-02	1.205123597756028175e-01	1.175927575677633286e-01
1.000000000000000021e-03	6.377546772172179579e-02	1.255933176726102829e-01	1.226708255708217621e-01
1.000000000000000021e-03	6.244688108563423157e-02	1.189714754000306129e-01	1.184856761246919632e-01
1.000000000000000021e-03	6.393439313278923009e-02	1.263606473803520203e-01	1.254378631711006165e-01
1.000000000000000021e-03	6.277321514826786353e-02	1.238035466521978378e-01	1.213593585416674614e-01
1.000000000000000021e-03	6.331265614002565267e-02	1.207943446934223175e-01	1.190202264115214348e-01
1.000000000000000021e-03	6.043429540682442730e-02	1.217460306361317635e-01	1.187037164345383644e-01
1.000000000000000021e-03	6.283261565656601821e-02	1.237046290189027786e-01	1.219233255833387375e-01
1.000000000000000021e-03	6.320461064954346897e-02	1.270700879395008087e-01	1.246745651587843895e-01
1.000000000000000021e-03	6.299343686315077295e-02	1.199720604345202446e-01	1.177286487072706223e-01
1.000000000000000021e-03	6.226026714791225297e-02	1.258751852437853813e-01	1.220189454033970833e-01
1.000000000000000021e-03	6.294559946731675959e-02	1.269868900999426842e-01	1.236987039446830750e-01
1.000000000000000021e-03	6.425113400703744149e-02	1.220226911827921867e-01	1.193833984434604645e-01
1.000000000000000021e-03	6.031356761349907641e-02	1.239702459424734116e-01	1.213355399668216705e-01
1.000000000000000021e-03	5.944511388676076286e-02	1.245248205959796906e-01	1.220780722796916962e-01
1.000000000000000021e-03	5.920569655261462283e-02	1.213940912857651711e-01	1.197630027309060097e-01
1.000000000000000021e-03	6.074045296711257785e-02	1.206804346293210983e-01	1.189314508810639381e-01
1.000000000000000021e-03	6.274709775100779929e-02	1.239544032141566277e-01	1.203297786414623260e-01
1.000000000000000021e-03	6.301066090789021745e-02	1.254774117842316628e-01	1.227943645790219307e-01
1.000000000000000021e-03	5.917592200485966014e-02	1.247095419093966484e-01	1.208883393555879593e-01
1.000000000000000021e-03	5.972062060727349048e-02	1.214045090600848198e-01	1.185959195718169212e-01
1.000000000000000021e-03	6.023993522306032161e-02	1.205169027671217918e-01	1.177951153367757797e-01
1.000000000000000021e-03	6.072662761317023511e-02	1.250434527173638344e-01	1.237512556836009026e-01
1.000000000000000021e-03	5.812576116074489457e-02	1.215003989636898041e-01	1.190647827461361885e-01
5.000000000000000104e-04	5.479040425978129458e-02	1.166809378191828728e-01	1.146852085366845131e-01
5.000000000000000104e-04	5.227663622626775586e-02	1.176919071003794670e-01	1.157344030216336250e-01
5.000000000000000104e-04	4.941249237973478758e-02	1.177983311936259270e-01	1.151974210515618324e-01
5.000000000000000104e-04	5.085507535104510229e-02	1.197090353816747665e-01	1.171353235840797424e-01
5.000000000000000104e-04	5.362894258733037073e-02	1.187143875285983086e-01	1.159420488402247429e-01
5.000000000000000104e-04	5.128956123997893690e-02	1.199484057724475861e-01	1.165805570781230927e-01
5.000000000000000104e-04	5.235257914549187874e-02	1.199296079576015472e-01	1.162056112661957741e-01
5.000000000000000104e-04	5.048373110498054206e-02	1.186186810955405235e-01	1.142774112522602081e-01
5.000000000000000104e-04	5.073929733679264503e-02	1.180113283917307854e-01	1.144737638533115387e-01
5.000000000000000104e-04	5.172878753723977180e-02	1.212826976552605629e-01	1.179254595190286636e-01
5.000000000000000104e-04	5.032414862815337564e-02	1.182554857805371284e-01	1.144650978967547417e-01
5.000000000000000104e-04	5.033781219132339030e-02	1.190926022827625275e-01	1.154757244512438774e-01
5.000000000000000104e-04	5.181791006198412097e-02	1.175860539078712463e-01	1.145570706576108932e-01
5.000000000000000104e-04	5.053687972735754902e-02	1.198443630710244179e-01	1.160936886444687843e-01
5.000000000000000104e-04	5.051728371012059737e-02	1.196458553895354271e-01	1.164675224572420120e-01
5.000000000000000104e-04	4.786798131616809560e-02	1.188810653984546661e-01	1.149466605857014656e-01
5.000000000000000104e-04	4.920618344522730003e-02	1.191861052066087723e-01	1.162230223417282104e-01
5.000000000000000104e-04	4.740925345428382426e-02	1.187179675325751305e-01	1.154214013367891312e-01
5.000000000000000104e-04	4.913702776914910531e-02	1.194111285731196404e-01	1.164061939343810081e-01
5.000000000000000104e-04	4.836047181411634588e-02	1.183146536350250244e-01	1.150515265762805939e-01
5.000000000000000104e-04	4.775064198088042194e-02	1.183473076671361923e-01	1.160441497340798378e-01
5.000000000000000104e-04	4.967883021771153651e-02	1.203273003920912743e-01	1.166947362944483757e-01
2.500000000000000052e-04	4.523488450088078427e-02	1.169360196217894554e-01	1.142433881759643555e-01
2.500000000000000052e-04	4.530781479198721373e-02	1.181394597515463829e-01	1.158298151567578316e-01
2.500000000000000052e-04	4.660527002585085343e-02	1.167206568643450737e-01	1.139511540532112122e-01
2.500000000000000052e-04	4.424570142468319672e-02	1.169929476454854012e-01	1.141987284645438194e-01
2.500000000000000052e-04	4.686063216834128464e-02	1.180503405630588531e-01	1.156355347484350204e-01
2.500000000000000052e-04	4.420416090118733932e-02	1.172922719269990921e-01	1.141258217394351959e-01
2.500000000000000052e-04	4.505111347836784214e-02	1.177381379529833794e-01	1.145168030634522438e-01
2.500000000000000052e-04	4.365371327988708944e-02	1.183532327413558960e-01	1.147359637543559074e-01
2.500000000000000052e-04	4.340046806897543408e-02	1.169992834329605103e-01	1.139910370111465454e-01
2.500000000000000052e-04	4.382729619930061937e-02	1.174372881650924683e-01	1.141978651285171509e-01
2.500000000000000052e-04	4.465000369126283924e-02	1.174420751631259918e-01	1.141059491783380508e-01
2.500000000000000052e-04	4.342976269088213992e-02	1.167855672538280487e-01	1.141239004209637642e-01
2.500000000000000052e-04	4.313700919664358729e-02	1.162867154926061630e-01	1.140350745990872383e-01
2.500000000000000052e-04	4.401662559071673614e-02	1.169850146397948265e-01	1.148873819038271904e-01
2.500000000000000052e-04	4.446466092633295786e-02	1.176593508571386337e-01	1.147592477500438690e-01
2.500000000000000052e-04	4.322647605138488919e-02	1.170814698562026024e-01	1.147639276459813118e-01
2.500000000000000052e-04	4.424502964638456215e-02	1.169566446915268898e-01	1.145588876679539680e-01
2.500000000000000052e-04	4.348953558674341358e-02	1.168938111513853073e-01	1.133417887613177299e-01
2.500000000000000052e-04	4.306733707272553807e-02	1.170258009806275368e-01	1.137373298406600952e-01
2.500000000000000052e-04	4.333138027334514780e-02	1.170363165438175201e-01	1.137776207178831100e-01
2.500000000000000052e-04	4.486982911070690888e-02	1.177738998085260391e-01	1.150619378313422203e-01
2.500000000000000052e-04	4.388033325159097081e-02	1.169377313926815987e-01	1.147193508222699165e-01
2.500000000000000052e-04	4.427543244784391124e-02	1.180631918832659721e-01	1.149722468107938766e-01
2.500000000000000052e-04	4.310758930595615102e-02	1.175041543319821358e-01	1.141607714816927910e-01
2.500000000000000052e-04	4.401236197239236092e-02	1.179839195683598518e-01	1.148200612515211105e-01
2.500000000000000052e-04	4.359229870989352745e-02	1.176145095378160477e-01	1.147095710039138794e-01
2.500000000000000052e-04	4.214377871042565560e-02	1.170142004266381264e-01	1.139136664569377899e-01
2.500000000000000052e-04	4.273212271966511655e-02	1.193474000319838524e-01	1.159674199298024178e-01
2.500000000000000052e-04	4.164099924360649407e-02	1.177720492705702782e-01	1.142943762242794037e-01
2.500000000000000052e-04	4.262572715554056174e-02	1.186773050576448441e-01	1.148400651291012764e-01
2.500000000000000052e-04	4.283575029878676499e-02	1.165656624361872673e-01	1.139420298859477043e-01
2.500000000000000052e-04	4.491697626683530814e-02	1.185904247686266899e-01	1.155873993411660194e-01
2.500000000000000052e-04	4.304110985013503282e-02	1.169356917962431908e-01	1.143381213769316673e-01
2.500000000000000052e-04	4.192785258534588444e-02	1.172957327216863632e-01	1.140314666554331779e-01
1.250000000000000026e-04	4.210985701861260505e-02	1.172014940530061722e-01	1.146816071122884750e-01
1.250000000000000026e-04	4.100443385069883068e-02	1.167308967560529709e-01	1.142979627475142479e-01
1.250000000000000026e-04	4.077597360916530161e-02	1.168843954801559448e-01	1.139187589287757874e-01
1.250000000000000026e-04	3.859171570762048864e-02	1.168512655422091484e-01	1.135880239307880402e-01
1.250000000000000026e-04	4.050913460175447484e-02	1.160533605143427849e-01	1.135337855666875839e-01
1.250000000000000026e-04	3.983577307832392167e-02	1.160624539479613304e-01	1.133631747215986252e-01
1.250000000000000026e-04	3.970577301386790658e-02	1.170998793095350266e-01	1.138472938910126686e-01
1.250000000000000026e-04	3.983038385646252982e-02	1.174992779269814491e-01	1.149418614804744720e-01
1.250000000000000026e-04	4.066139197896553176e-02	1.175370942801237106e-01	1.143642570823431015e-01
1.250000000000000026e-04	3.996069892014883496e-02	1.170436143875122070e-01	1.138805383816361427e-01
1.250000000000000026e-04	3.870049241600157647e-02	1.169537911191582680e-01	1.139352452009916306e-01
1.250000000000000026e-04	4.033642750280567318e-02	1.166600892320275307e-01	1.137972921133041382e-01
1.250000000000000026e-04	3.975473655552803909e-02	1.160646425560116768e-01	1.134057845920324326e-01
1.250000000000000026e-04	4.076594675454912192e-02	1.169899208471179008e-01	1.137779690325260162e-01
1.250000000000000026e-04	3.867879936683781689e-02	1.161651508882641792e-01	1.132638873532414436e-01
1.250000000000000026e-04	3.882485104701186712e-02	1.173621220514178276e-01	1.138105541467666626e-01
1.250000000000000026e-04	3.874571890204767804e-02	1.169954286888241768e-01	1.138098863884806633e-01
1.250000000000000026e-04	3.876562984778157001e-02	1.173806730657815933e-01	1.146087935194373131e-01
1.250000000000000026e-04	4.059122094908092920e-02	1.173541061580181122e-01	1.139309927821159363e-01
1.250000000000000026e-04	3.997529071720340443e-02	1.173207070678472519e-01	1.145780039951205254e-01
1.250000000000000026e-04	3.983674540266960579e-02	1.170618310570716858e-01	1.141479425132274628e-01
1.250000000000000026e-04	3.926924392109430034e-02	1.165135540068149567e-01	1.141573656350374222e-01
1.250000000000000026e-04	4.026440422557577004e-02	1.179739879444241524e-01	1.138944234699010849e-01
1.250000000000000026e-04	3.900572087002705801e-02	1.174302911385893822e-01	1.145031899213790894e-01
1.250000000000000026e-04	4.004499643946750342e-02	1.177825322374701500e-01	1.150965495035052299e-01
1.250000000000000026e-04	4.016856210235553171e-02	1.169900186359882355e-01	1.136988718062639236e-01
6.250000000000000130e-05	4.001400084529496692e-02	1.174143599346280098e-01	1.138015165925025940e-01
6.250000000000000130e-05	3.787676761327665037e-02	1.165754394605755806e-01	1.138472622260451317e-01
6.250000000000000130e-05	3.839678067383887200e-02	1.170809101313352585e-01	1.137589169666171074e-01
6.250000000000000130e-05	3.813617749587644434e-02	1.170723680406808853e-01	1.137326871976256371e-01
6.250000000000000130e-05	3.879328083859968912e-02	1.171687543392181396e-01	1.141880350187420845e-01
6.250000000000000130e-05	3.769057951396024425e-02	1.167889954522252083e-01	1.140457065775990486e-01
6.250000000000000130e-05	3.867135220501996540e-02	1.170315984636545181e-01	1.143951723352074623e-01
6.250000000000000130e-05	3.747517450512209691e-02	1.167490007355809212e-01	1.136314412578940392e-01
6.250000000000000130e-05	3.779040861733352213e-02	1.173230353742837906e-01	1.138785919174551964e-01
6.250000000000000130e-05	3.786435584195806808e-02	1.168999932706356049e-01	1.136299390345811844e-01
6.250000000000000130e-05	3.854620414255540556e-02	1.167947379872202873e-01	1.144471801817417145e-01
6.250000000000000130e-05	3.798600154209740704e-02	1.165963970124721527e-01	1.141256298869848251e-01
6.250000000000000130e-05	3.872258100611499637e-02	1.167688379064202309e-01	1.135917408391833305e-01
6.250000000000000130e-05	3.884612912712972349e-02	1.165197556838393211e-01	1.135846050456166267e-01
6.250000000000000130e-05	3.940098216356355959e-02	1.180627932772040367e-01	1.150410333648324013e-01
6.250000000000000130e-05	3.780687829078752810e-02	1.172436475753784180e-01	1.145744109526276588e-01
6.250000000000000130e-05	3.850125853868224812e-02	1.171005461364984512e-01	1.141036394983530045e-01
6.250000000000000130e-05	3.815380554599098056e-02	1.170643009245395660e-01	1.139975022524595261e-01
6.250000000000000130e-05	3.736287999096550572e-02	1.162686776369810104e-01	1.131112780421972275e-01
6.250000000000000130e-05	3.692161289479913705e-02	1.169691067188978195e-01	1.143033765256404877e-01
6.250000000000000130e-05	3.766890721324878122e-02	1.170504242181777954e-01	1.135536199435591698e-01
3.125000000000000065e-05	3.729966256908977956e-02	1.170862782746553421e-01	1.144345058128237724e-01
3.125000000000000065e-05	3.832087691731845408e-02	1.171883633360266685e-01	1.147478604689240456e-01
3.125000000000000065e-05	3.702551562669156165e-02	1.173657132312655449e-01	1.137622212991118431e-01
3.125000000000000065e-05	3.737379388907288019e-02	1.173618212342262268e-01	1.145573463290929794e-01
3.125000000000000065e-05	3.685423118781439716e-02	1.168802883476018906e-01	1.140580568462610245e-01
3.125000000000000065e-05	3.814769385358954962e-02	1.175860948860645294e-01	1.139913080260157585e-01
3.125000000000000065e-05	3.771425069227248711e-02	1.172252781689167023e-01	1.137481424957513809e-01
3.125000000000000065e-05	3.705833765053296452e-02	1.167413769289851189e-01	1.133376276120543480e-01
3.125000000000000065e-05	3.725835860152788143e-02	1.177633367478847504e-01	1.135481465607881546e-01
3.125000000000000065e-05	3.711097524796105884e-02	1.172921601682901382e-01	1.136070704087615013e-01
3.125000000000000065e-05	3.701163172910484911e-02	1.168943177908658981e-01	1.137337880209088326e-01
3.125000000000000065e-05	3.624380162999599891e-02	1.171811586245894432e-01	1.135960463434457779e-01
3.125000000000000065e-05	3.867513005020497413e-02	1.171025997027754784e-01	1.140001351013779640e-01
3.125000000000000065e-05	3.727819754070119118e-02	1.165929976850748062e-01	1.136284815147519112e-01
3.125000000000000065e-05	3.784443944975544871e-02	1.174687128514051437e-01	1.139664808288216591e-01
3.125000000000000065e-05	3.692818058159532540e-02	1.172180762514472008e-01	1.139345057308673859e-01
3.125000000000000065e-05	3.681959596144247782e-02	1.169015411287546158e-01	1.135226283222436905e-01
3.125000000000000065e-05	3.799100814363624151e-02	1.175143662840127945e-01	1.132258279249072075e-01
3.125000000000000065e-05	3.715698060261297953e-02	1.175927659496665001e-01	1.147261383011937141e-01
3.125000000000000065e-05	3.756752697444414729e-02	1.181269865483045578e-01	1.155200181528925896e-01
3.125000000000000065e-05	3.751847999099688913e-02	1.171765439212322235e-01	1.139829475432634354e-01
1.562500000000000033e-05	3.755527925736541761e-02	1.164529286324977875e-01	1.136208558455109596e-01
1.562500000000000033e-05	3.887787623967550732e-02	1.171806557103991508e-01	1.139290416613221169e-01
1.562500000000000033e-05	3.615594700073139489e-02	1.171412402763962746e-01	1.142435641959309578e-01
1.562500000000000033e-05	3.677376175794420249e-02	1.168288830667734146e-01	1.136806365102529526e-01
1.562500000000000033e-05	3.634123108055017926e-02	1.168867461383342743e-01	1.130620613694190979e-01
1.562500000000000033e-05	3.762427724520616551e-02	1.182655142620205879e-01	1.146939070895314217e-01
1.562500000000000033e-05	3.615892487519149767e-02	1.170696066692471504e-01	1.141732437536120415e-01
1.562500000000000033e-05	3.555697320571428455e-02	1.169368801638484001e-01	1.137481499463319778e-01
1.562500000000000033e-05	3.700619304104696417e-02	1.169434674084186554e-01	1.135512646287679672e-01
1.562500000000000033e-05	3.623467360776436164e-02	1.171125788241624832e-01	1.137976571917533875e-01
1.562500000000000033e-05	3.732138176601898505e-02	1.174202384427189827e-01	1.139868320897221565e-01
1.562500000000000033e-05	3.688244229253334616e-02	1.173935895785689354e-01	1.142442170530557632e-01
1.562500000000000033e-05	3.646382439551474480e-02	1.171335149556398392e-01	1.140244780108332634e-01
1.562500000000000033e-05	3.660924067791504477e-02	1.171389287337660789e-01	1.138169402256608009e-01
1.562500000000000033e-05	3.642963436491127027e-02	1.181115470826625824e-01	1.146330758929252625e-01
1.562500000000000033e-05	3.754953497761412406e-02	1.177785871550440788e-01	1.149628674611449242e-01
1.562500000000000033e-05	3.702206647943092482e-02	1.174313547089695930e-01	1.138112107291817665e-01
1.562500000000000033e-05	3.673390473557423819e-02	1.170631963759660721e-01	1.136547783389687538e-01
1.562500000000000033e-05	3.798744315870954819e-02	1.168631538748741150e-01	1.135769169777631760e-01
1.562500000000000033e-05	3.706704874676239325e-02	1.166945751756429672e-01	1.133743729442358017e-01
1.562500000000000033e-05	3.589306873139701259e-02	1.168140564113855362e-01	1.139519587159156799e-01
7.812500000000000163e-06	3.675315962939322556e-02	1.170265087857842445e-01	1.140281129628419876e-01
7.812500000000000163e-06	3.616196994634368611e-02	1.171230440959334373e-01	1.140925679355859756e-01
7.812500000000000163e-06	3.749942468314231003e-02	1.169825494289398193e-01	1.140627646818757057e-01
7.812500000000000163e-06	3.605689782696434170e-02	1.168174911290407181e-01	1.134972870349884033e-01
7.812500000000000163e-06	3.532465165363082166e-02	1.166496071964502335e-01	1.138743720948696136e-01
7.812500000000000163e-06	3.825285528562491488e-02	1.173156350851058960e-01	1.136843562126159668e-01
7.812500000000000163e-06	3.724424545712108625e-02	1.178231956437230110e-01	1.151683432981371880e-01
7.812500000000000163e-06	3.691258783676201749e-02	1.174669656902551651e-01	1.143525615334510803e-01
7.812500000000000163e-06	3.668039820239513832e-02	1.172721935436129570e-01	1.144105838611721992e-01
7.812500000000000163e-06	3.625094574652140689e-02	1.176681080833077431e-01	1.143986945971846581e-01
7.812500000000000163e-06	3.612387941890879417e-02	1.172187393531203270e-01	1.133927591145038605e-01
7.812500000000000163e-06	3.744635014217111146e-02	1.188739882782101631e-01	1.154328361153602600e-01
7.812500000000000163e-06	3.684060221325747425e-02	1.173864752054214478e-01	1.143136285245418549e-01
7.812500000000000163e-06	3.740769719021230094e-02	1.172627927735447884e-01	1.146664014086127281e-01
7.812500000000000163e-06	3.696085573940337266e-02	1.170462192967534065e-01	1.134987240657210350e-01
7.812500000000000163e-06	3.597127747592292202e-02	1.169170523062348366e-01	1.135752731934189796e-01
7.812500000000000163e-06	3.617236619414408022e-02	1.171532133594155312e-01	1.140589872375130653e-01
7.812500000000000163e-06	3.713651017957850242e-02	1.176290102303028107e-01	1.146049182862043381e-01
7.812500000000000163e-06	3.756613581429554122e-02	1.170081384479999542e-01	1.141720833256840706e-01
7.812500000000000163e-06	3.753494572696051967e-02	1.171685801818966866e-01	1.145515162497758865e-01
7.812500000000000163e-06	3.678101843482331490e-02	1.176103847101330757e-01	1.141193797811865807e-01
3.906250000000000081e-06	3.651750554578214042e-02	1.166677586734294891e-01	1.135877259075641632e-01
3.906250000000000081e-06	3.747671062150333826e-02	1.177160236984491348e-01	1.149628954008221626e-01
3.906250000000000081e-06	3.614845247114006205e-02	1.173916077241301537e-01	1.135047301650047302e-01
3.906250000000000081e-06	3.666302076057542658e-02	1.176057485863566399e-01	1.144341211766004562e-01
3.906250000000000081e-06	3.566269145076033514e-02	1.171034798026084900e-01	1.138386996462941170e-01
3.906250000000000081e-06	3.673435198261013751e-02	1.172184394672513008e-01	1.139987772330641747e-01
3.906250000000000081e-06	3.548573813389373915e-02	1.170906517654657364e-01	1.138048181310296059e-01
3.906250000000000081e-06	3.671094393239745374e-02	1.170049943029880524e-01	1.141096074134111404e-01
3.906250000000000081e-06	3.749193300646316840e-02	1.172385001555085182e-01	1.140069942921400070e-01
3.906250000000000081e-06	3.694185216121281118e-02	1.167471529915928841e-01	1.138833463191986084e-01
3.906250000000000081e-06	3.685397350618356549e-02	1.179332882165908813e-01	1.145352730527520180e-01
3.906250000000000081e-06	3.721263745351682806e-02	1.173661760985851288e-01	1.140752909705042839e-01
3.906250000000000081e-06	3.814030964446218919e-02	1.178217399865388870e-01	1.147563587874174118e-01
3.906250000000000081e-06	3.853393713884716021e-02	1.178903700783848763e-01	1.151724075898528099e-01
3.906250000000000081e-06	3.553966314920896374e-02	1.168032856658101082e-01	1.137366797775030136e-01
3.906250000000000081e-06	3.618336202506022836e-02	1.169949593022465706e-01	1.136740148067474365e-01
3.906250000000000081e-06	3.748559532097623520e-02	1.180976750329136848e-01	1.155750704929232597e-01
3.906250000000000081e-06	3.608631764691841437e-02	1.175184445455670357e-01	1.142455879598855972e-01
3.906250000000000081e-06	3.701485594428038234e-02	1.179244238883256912e-01	1.148133203387260437e-01
3.906250000000000081e-06	3.754880842811698927e-02	1.173961544409394264e-01	1.137185236439108849e-01
3.906250000000000081e-06	3.916148251936405617e-02	1.186316814273595810e-01	1.154795372858643532e-01
1.953125000000000041e-06	3.682896865036668771e-02	1.177794979885220528e-01	1.142599172890186310e-01
1.953125000000000041e-06	3.687512983061090599e-02	1.166703347116708755e-01	1.137871826067566872e-01
1.953125000000000041e-06	3.605921172737321101e-02	1.175255933776497841e-01	1.139910891652107239e-01
1.953125000000000041e-06	3.642255683205550265e-02	1.163101643323898315e-01	1.141137247905135155e-01
1.953125000000000041e-06	3.537464365834677021e-02	1.168351415544748306e-01	1.133673908188939095e-01
1.953125000000000041e-06	3.659765955202187032e-02	1.165989581495523453e-01	1.133021358400583267e-01
1.953125000000000041e-06	3.553637114789667123e-02	1.170289153233170509e-01	1.140145435929298401e-01
1.953125000000000041e-06	3.755735532863985204e-02	1.181693626567721367e-01	1.148782866075634956e-01
1.953125000000000041e-06	3.696913647029218680e-02	1.170505946502089500e-01	1.136443912982940674e-01
1.953125000000000041e-06	3.621556557997872294e-02	1.167301973327994347e-01	1.141561260446906090e-01
1.953125000000000041e-06	3.624748881859115451e-02	1.176794469356536865e-01	1.145273875445127487e-01
1.953125000000000041e-06	3.709540468982503586e-02	1.180811431258916855e-01	1.150934407487511635e-01
1.953125000000000041e-06	3.642596886787988208e-02	1.166745694354176521e-01	1.141147753223776817e-01
1.953125000000000041e-06	3.684692080073719012e-02	1.173389451578259468e-01	1.137415822595357895e-01
1.953125000000000041e-06	3.707896995865091194e-02	1.168288318440318108e-01	1.133828246966004372e-01
1.953125000000000041e-06	3.609556605732893581e-02	1.165620414540171623e-01	1.134168840944766998e-01
1.953125000000000041e-06	3.734522937690910177e-02	1.168599128723144531e-01	1.137365438044071198e-01
1.953125000000000041e-06	3.724193120304541971e-02	1.184168690815567970e-01	1.145350635051727295e-01
1.953125000000000041e-06	3.687910136731364918e-02	1.168630048632621765e-01	1.141958013176918030e-01
1.953125000000000041e-06	3.713548402714578200e-02	1.169466469436883926e-01	1.142173912376165390e-01
1.953125000000000041e-06	3.658239385466786897e-02	1.181861329823732376e-01	1.143927602097392082e-01
9.765625000000000203e-07	3.626990521067305351e-02	1.174178812652826309e-01	1.147973928600549698e-01
9.765625000000000203e-07	3.633356681447240388e-02	1.172829056158661842e-01	1.139832418411970139e-01
9.765625000000000203e-07	3.701220818241186122e-02	1.169859813526272774e-01	1.131232259795069695e-01
9.765625000000000203e-07	3.627362880337087203e-02	1.173272235319018364e-01	1.135091800242662430e-01
9.765625000000000203e-07	3.765071911996678566e-02	1.170487301424145699e-01	1.136331530287861824e-01
9.765625000000000203e-07	3.671122964801667304e-02	1.169231934472918510e-01	1.142608597874641418e-01
9.765625000000000203e-07	3.698699558271637683e-02	1.172329587861895561e-01	1.136274151504039764e-01
9.765625000000000203e-07	3.650749679890614302e-02	1.168827265501022339e-01	1.141873439773917198e-01
9.765625000000000203e-07	3.702226587677303477e-02	1.171258678659796715e-01	1.142226196825504303e-01
9.765625000000000203e-07	3.659831169002418505e-02	1.180422017350792885e-01	1.146159842610359192e-01
9.765625000000000203e-07	3.589232904907269095e-02	1.180396713316440582e-01	1.144231343641877174e-01
9.765625000000000203e-07	3.703996569767028374e-02	1.167506519705057144e-01	1.136154541745781898e-01
9.765625000000000203e-07	3.790775825611398392e-02	1.178576154634356499e-01	1.146588576957583427e-01
9.765625000000000203e-07	3.584946875896635049e-02	1.169318445026874542e-01	1.139115849509835243e-01
9.765625000000000203e-07	3.630333478692211735e-02	1.173310810700058937e-01	1.139613585546612740e-01
9.765625000000000203e-07	3.687854476650304775e-02	1.181095093488693237e-01	1.142081394791603088e-01
9.765625000000000203e-07	3.699991653991650808e-02	1.174317738041281700e-01	1.133880363777279854e-01
9.765625000000000203e-07	3.691321689211114754e-02	1.173373274505138397e-01	1.138694090768694878e-01
9.765625000000000203e-07	3.634311371966253423e-02	1.167142139747738838e-01	1.135898297652602196e-01
9.765625000000000203e-07	3.673638205362271536e-02	1.173669602721929550e-01	1.145294001325964928e-01
9.765625000000000203e-07	3.682506287211104179e-02	1.168198119848966599e-01	1.137101547792553902e-01
4.882812500000000102e-07	3.673297117310989068e-02	1.177082201465964317e-01	1.140660410746932030e-01
4.882812500000000102e-07	3.612538995339146380e-02	1.173555683344602585e-01	1.134781222790479660e-01
4.882812500000000102e-07	3.657909918906567664e-02	1.170132504776120186e-01	1.137852435931563377e-01
4.882812500000000102e-07	3.706746421094182092e-02	1.189566887915134430e-01	1.157547850161790848e-01
4.882812500000000102e-07	3.594619863301138502e-02	1.170142795890569687e-01	1.131497640162706375e-01
4.882812500000000102e-07	3.634716214352770591e-02	1.170682674273848534e-01	1.141339596360921860e-01
4.882812500000000102e-07	3.689453548079804635e-02	1.177709233015775681e-01	1.138660032302141190e-01
4.882812500000000102e-07	3.624029424560221146e-02	1.170868892222642899e-01	1.135937124490737915e-01
4.882812500000000102e-07	3.649271564864659673e-02	1.166332745924592018e-01	1.135626509785652161e-01
4.882812500000000102e-07	3.700895216080207079e-02	1.170252123847603798e-01	1.133054913952946663e-01
4.882812500000000102e-07	3.558293194804765247e-02	1.173497606068849564e-01	1.137735005468130112e-01
4.882812500000000102e-07	3.795868952911865546e-02	1.177166933193802834e-01	1.145001426339149475e-01
4.882812500000000102e-07	3.593735531255413951e-02	1.168244630098342896e-01	1.134630749002099037e-01
4.882812500000000102e-07	3.557089739773847126e-02	1.179158240556716919e-01	1.142022116109728813e-01
4.882812500000000102e-07	3.651129904710039009e-02	1.168221132829785347e-01	1.131000947207212448e-01
4.882812500000000102e-07	3.658524070736728084e-02	1.172306258231401443e-01	1.136398334056138992e-01
4.882812500000000102e-07	3.682838186998910884e-02	1.177506390959024429e-01	1.143163666129112244e-01
4.882812500000000102e-07	3.634117237186130361e-02	1.174819134175777435e-01	1.140448395162820816e-01
4.882812500000000102e-07	3.690359800393822748e-02	1.170874899253249168e-01	1.135680070146918297e-01
4.882812500000000102e-07	3.516915714061712855e-02	1.173924868926405907e-01	1.141774235293269157e-01
4.882812500000000102e-07	3.640869960094554603e-02	1.170273646712303162e-01	1.133120339363813400e-01
2.441406250000000051e-07	3.681940594805947070e-02	1.180760031566023827e-01	1.141268424689769745e-01
2.441406250000000051e-07	3.812176335744465322e-02	1.173596736043691635e-01	1.146616498008370399e-01
2.441406250000000051e-07	3.698293341300155218e-02	1.173011390492320061e-01	1.135785235092043877e-01
2.441406250000000051e-07	3.701945818677733480e-02	1.168638113886117935e-01	1.139774071052670479e-01
2.441406250000000051e-07	3.550782066451597940e-02	1.172728622332215309e-01	1.142171006649732590e-01
2.441406250000000051e-07	3.507885384031488724e-02	1.168556809425354004e-01	1.135022351518273354e-01
2.441406250000000051e-07	3.713431678523745894e-02	1.175895724445581436e-01	1.144540514796972275e-01
2.441406250000000051e-07	3.622820784774007791e-02	1.164686828851699829e-01	1.139211915433406830e-01
2.441406250000000051e-07	3.710647884614860087e-02	1.173482695594429970e-01	1.138931214809417725e-01
2.441406250000000051e-07	3.925774027180822801e-02	1.186257516965270042e-01	1.154639860615134239e-01
2.441406250000000051e-07	3.660173890994319196e-02	1.169178485870361328e-01	1.136371316388249397e-01
2.441406250000000051e-07	3.582473113378391999e-02	1.169053940102458000e-01	1.139722475782036781e-01
2.441406250000000051e-07	3.652853893611249930e-02	1.170831583440303802e-01	1.136517701670527458e-01
2.441406250000000051e-07	3.659628916390334635e-02	1.178125105798244476e-01	1.139233903959393501e-01
2.441406250000000051e-07	3.711876327384121960e-02	1.174365486949682236e-01	1.137388357892632484e-01
2.441406250000000051e-07	3.742083506305006468e-02	1.182676944881677628e-01	1.146438615396618843e-01
2.441406250000000051e-07	3.777074056995820273e-02	1.168758245185017586e-01	1.134862368926405907e-01
2.441406250000000051e-07	3.578674189652068793e-02	1.168811013922095299e-01	1.136493803933262825e-01
2.441406250000000051e-07	3.694050320530239268e-02	1.169415190815925598e-01	1.144128693267703056e-01
2.441406250000000051e-07	3.634748006640355772e-02	1.173041844740509987e-01	1.141934627667069435e-01
2.441406250000000051e-07	3.586997693003732973e-02	1.171574909240007401e-01	1.138968504965305328e-01
1.220703125000000025e-07	3.659946179088158225e-02	1.176804089918732643e-01	1.142105432227253914e-01
1.220703125000000025e-07	3.655817380905905523e-02	1.177558023482561111e-01	1.143243033438920975e-01
1.220703125000000025e-07	3.639219661207893086e-02	1.175515735521912575e-01	1.141236731782555580e-01
1.220703125000000025e-07	3.629371450765978002e-02	1.182349789887666702e-01	1.148420963436365128e-01
1.220703125000000025e-07	3.732774701393858086e-02	1.178088467568159103e-01	1.142375152558088303e-01
1.220703125000000025e-07	3.869578652555429737e-02	1.180971199646592140e-01	1.144615914672613144e-01
1.220703125000000025e-07	3.693928722810896348e-02	1.174872927367687225e-01	1.143590537831187248e-01
1.220703125000000025e-07	3.605361278109912859e-02	1.171685336157679558e-01	1.137466318905353546e-01
1.220703125000000025e-07	3.605479978119270623e-02	1.169141149148344994e-01	1.133882608264684677e-01
1.220703125000000025e-07	3.768438006503672250e-02	1.180930305272340775e-01	1.140169240534305573e-01
1.220703125000000025e-07	3.755088815394835855e-02	1.167583186179399490e-01	1.136375470086932182e-01
1.220703125000000025e-07	3.593003697976281108e-02	1.176051534712314606e-01	1.144261462613940239e-01
1.220703125000000025e-07	3.566297881682462673e-02	1.165800699964165688e-01	1.138545451685786247e-01
1.220703125000000025e-07	3.608529288557511122e-02	1.169546255841851234e-01	1.133349537849426270e-01
1.220703125000000025e-07	3.754864319498780328e-02	1.179699869826436043e-01	1.143292915076017380e-01
1.220703125000000025e-07	3.635937975177282178e-02	1.180294891819357872e-01	1.145731173455715179e-01
1.220703125000000025e-07	3.716327330168289755e-02	1.176394233480095863e-01	1.137204049155116081e-01
1.220703125000000025e-07	3.589488464537300694e-02	1.170663917437195778e-01	1.135290358215570450e-01
1.220703125000000025e-07	3.634407144935825063e-02	1.174886738881468773e-01	1.141298329457640648e-01
1.220703125000000025e-07	3.701731501312195693e-02	1.168921189382672310e-01	1.130722397938370705e-01
1.220703125000000025e-07	3.632518349663366175e-02	1.175168817862868309e-01	1.142883533611893654e-01
6.103515625000000127e-08	3.590327388123620844e-02	1.173852598294615746e-01	1.134744044393301010e-01
6.103515625000000127e-08	3.592305149458631386e-02	1.173607716336846352e-01	1.137055298313498497e-01
6.103515625000000127e-08	3.684672482217414557e-02	1.167143192142248154e-01	1.137379473075270653e-01
6.103515625000000127e-08	3.629817096870156801e-02	1.171814557164907455e-01	1.137497378513216972e-01
6.103515625000000127e-08	3.692874116705188031e-02	1.169371809810400009e-01	1.136069195345044136e-01
6.103515625000000127e-08	3.612063598783710194e-02	1.168810101225972176e-01	1.132089495658874512e-01
6.103515625000000127e-08	3.627558222299889779e-02	1.174951372668147087e-01	1.139825815334916115e-01
6.103515625000000127e-08	3.710831972900070774e-02	1.170510658994317055e-01	1.132627557963132858e-01
6.103515625000000127e-08	3.613652069640310716e-02	1.171850496903061867e-01	1.136259855702519417e-01
6.103515625000000127e-08	3.578045836920979578e-02	1.173444846644997597e-01	1.138675538823008537e-01
6.103515625000000127e-08	3.781699028479147684e-02	1.175970397889614105e-01	1.142566269263625145e-01
6.103515625000000127e-08	3.724691420321977336e-02	1.171838017180562019e-01	1.139695774763822556e-01
6.103515625000000127e-08	3.598946943596194326e-02	1.169841540977358818e-01	1.136422157287597656e-01
6.103515625000000127e-08	3.681978583335876465e-02	1.176335746422410011e-01	1.142613803967833519e-01
6.103515625000000127e-08	3.770908800578570003e-02	1.188628422096371651e-01	1.153870299458503723e-01
6.103515625000000127e-08	3.663878390400469864e-02	1.175541905686259270e-01	1.142396042123436928e-01
6.103515625000000127e-08	3.671801781069628651e-02	1.170207094401121140e-01	1.137048052623867989e-01
6.103515625000000127e-08	3.586552105844020844e-02	1.169002577662467957e-01	1.142416745424270630e-01
6.103515625000000127e-08	3.680109315186361890e-02	1.184827480465173721e-01	1.143790138885378838e-01
6.103515625000000127e-08	3.720325688961186039e-02	1.172083672136068344e-01	1.141442256048321724e-01
6.103515625000000127e-08	3.606895833641667742e-02	1.169000128284096718e-01	1.142860399559140205e-01
3.051757812500000064e-08	3.684647935383682238e-02	1.168638300150632858e-01	1.140627851709723473e-01
3.051757812500000064e-08	3.781965820566762781e-02	1.178216608241200447e-01	1.140267346054315567e-01
3.051757812500000064e-08	3.693510396288165326e-02	1.173731759190559387e-01	1.139072729274630547e-01
3.051757812500000064e-08	3.765628581182866447e-02	1.174550326541066170e-01	1.139441225677728653e-01
3.051757812500000064e-08	3.483956825884082509e-02	1.168089872226119041e-01	1.136679714545607567e-01
3.051757812500000064e-08	3.613825625728202956e-02	1.167358914390206337e-01	1.132376994937658310e-01
3.051757812500000064e-08	3.679582351653636063e-02	1.168940253555774689e-01	1.138826049864292145e-01
3.051757812500000064e-08	3.598262834115118630e-02	1.172467097640037537e-01	1.136173168197274208e-01
3.051757812500000064e-08	3.666701012208491844e-02	1.177669381722807884e-01	1.149511104449629784e-01
3.051757812500000064e-08	3.627776290891291527e-02	1.178348679095506668e-01	1.144758556038141251e-01
3.051757812500000064e-08	3.757344735668429608e-02	1.179411048069596291e-01	1.141738025471568108e-01
