2.000000000000000042e-03	3.557757837108418975e-01	3.114007227122783661e-01	3.162800371646881104e-01
2.000000000000000042e-03	2.549520106632498506e-01	2.698496934026479721e-01	2.742316946387290955e-01
2.000000000000000042e-03	2.295895669656463911e-01	2.356876432895660400e-01	2.361246999353170395e-01
2.000000000000000042e-03	2.150847236566905685e-01	1.987264119088649750e-01	2.012977451086044312e-01
2.000000000000000042e-03	2.076630614980866651e-01	1.864740978926420212e-01	1.873567607253789902e-01
2.000000000000000042e-03	1.998376372871519535e-01	2.368002813309431076e-01	2.396230101585388184e-01
2.000000000000000042e-03	1.994540932812268186e-01	1.966069284826517105e-01	1.997630242258310318e-01
2.000000000000000042e-03	1.917771944139577134e-01	1.959920171648263931e-01	1.972234509885311127e-01
2.000000000000000042e-03	1.855943685845483637e-01	2.253853622823953629e-01	2.246006056666374207e-01
2.000000000000000042e-03	1.859720751077313938e-01	1.948598977178335190e-01	1.949833203107118607e-01
2.000000000000000042e-03	1.820870922713340168e-01	2.162817213684320450e-01	2.190784290432929993e-01
2.000000000000000042e-03	1.828669109676457627e-01	1.984685156494379044e-01	2.010111920535564423e-01
2.000000000000000042e-03	1.797713697711123826e-01	1.968241669237613678e-01	1.964138317853212357e-01
2.000000000000000042e-03	1.817920413575594973e-01	1.831380277872085571e-01	1.825373042374849319e-01
2.000000000000000042e-03	1.761441347719747696e-01	1.584938541054725647e-01	1.621138732880353928e-01
2.000000000000000042e-03	1.748210157774671702e-01	1.552069354802370071e-01	1.560068670660257339e-01
2.000000000000000042e-03	1.738471294505686826e-01	1.660351175814867020e-01	1.696381103247404099e-01
2.000000000000000042e-03	1.621284739503377481e-01	1.607393343001604080e-01	1.627726480364799500e-01
2.000000000000000042e-03	1.659262334998649890e-01	1.730090025812387466e-01	1.755396928638219833e-01
2.000000000000000042e-03	1.654203609575199130e-01	1.571270488202571869e-01	1.591083668172359467e-01
2.000000000000000042e-03	1.652761062112035606e-01	1.546378452330827713e-01	1.562265735119581223e-01
2.000000000000000042e-03	1.607214544392839284e-01	1.719602681696414948e-01	1.752854213118553162e-01
2.000000000000000042e-03	1.575102377918702057e-01	1.536519750952720642e-01	1.549848243594169617e-01
2.000000000000000042e-03	1.614337073096746011e-01	1.539899278432130814e-01	1.554250344634056091e-01
2.000000000000000042e-03	1.532392064227333650e-01	1.457416638731956482e-01	1.461126990616321564e-01
2.000000000000000042e-03	1.483182212031340375e-01	1.509215310215950012e-01	1.533351447433233261e-01
2.000000000000000042e-03	1.517878552969497974e-01	1.602091249078512192e-01	1.626946013420820236e-01
2.000000000000000042e-03	1.497038206722162978e-01	1.417274549603462219e-01	1.446494571864604950e-01
2.000000000000000042e-03	1.513779306713538830e-01	1.417310498654842377e-01	1.444150675088167191e-01
2.000000000000000042e-03	1.463164344807214301e-01	1.457312479615211487e-01	1.487320736050605774e-01
2.000000000000000042e-03	1.476263489715660682e-01	1.447251774370670319e-01	1.450316552072763443e-01
2.000000000000000042e-03	1.457397395485564018e-01	1.427627876400947571e-01	1.442704983055591583e-01
2.000000000000000042e-03	1.408604314621490772e-01	1.674837656319141388e-01	1.679489854723215103e-01
2.000000000000000042e-03	1.470878837229330216e-01	1.613991335034370422e-01	1.652699802070856094e-01
2.000000000000000042e-03	1.378129993247080576e-01	1.404853891581296921e-01	1.434108559042215347e-01
2.000000000000000042e-03	1.437940899329849531e-01	1.480441316962242126e-01	1.520472560077905655e-01
2.000000000000000042e-03	1.440285295248031616e-01	1.440940257161855698e-01	1.450877692550420761e-01
2.000000000000000042e-03	1.432844513579260015e-01	1.380373975262045860e-01	1.395477578043937683e-01
2.000000000000000042e-03	1.450808417004874895e-01	1.419976428151130676e-01	1.440138202160596848e-01
2.000000000000000042e-03	1.404530813422384117e-01	1.435830313712358475e-01	1.456170417368412018e-01
2.000000000000000042e-03	1.439859205031696621e-01	1.390262283384799957e-01	1.405327459797263145e-01
2.000000000000000042e-03	1.388992446510097512e-01	1.420261133462190628e-01	1.429375465959310532e-01
2.000000000000000042e-03	1.366520307109325705e-01	1.464194599539041519e-01	1.495273765176534653e-01
2.000000000000000042e-03	1.374872340054451580e-01	1.514283288270235062e-01	1.535222325474023819e-01
2.000000000000000042e-03	1.378231333403647785e-01	1.443348824977874756e-01	1.479212027043104172e-01
2.000000000000000042e-03	1.393315428042713466e-01	1.380062773823738098e-01	1.391596142202615738e-01
2.000000000000000042e-03	1.314120054056372722e-01	1.450721137225627899e-01	1.460515875369310379e-01
2.000000000000000042e-03	1.329689356911031572e-01	1.484222579747438431e-01	1.509579140692949295e-01
2.000000000000000042e-03	1.359411697787574480e-01	1.391744287684559822e-01	1.446024496108293533e-01
2.000000000000000042e-03	1.393240983538989730e-01	1.414157059043645859e-01	1.435301825404167175e-01
2.000000000000000042e-03	1.326493467145328231e-01	1.335226334631443024e-01	1.363958306610584259e-01
2.000000000000000042e-03	1.344110593199729919e-01	1.539442669600248337e-01	1.524062380194664001e-01
2.000000000000000042e-03	1.328140394408491576e-01	1.449218578636646271e-01	1.444313172250986099e-01
2.000000000000000042e-03	1.328779659882376452e-01	1.333396155387163162e-01	1.363207176327705383e-01
2.000000000000000042e-03	1.264527402346647122e-01	1.548662353307008743e-01	1.569745615124702454e-01
2.000000000000000042e-03	1.346648108166984270e-01	1.330767218023538589e-01	1.318808458745479584e-01
2.000000000000000042e-03	1.263077873972397736e-01	1.429464146494865417e-01	1.434646034613251686e-01
2.000000000000000042e-03	1.260373305670822730e-01	1.323154736310243607e-01	1.321588214486837387e-01
2.000000000000000042e-03	1.241757656577267277e-01	1.476712245494127274e-01	1.457604933530092239e-01
2.000000000000000042e-03	1.276439802744720464e-01	1.308930385857820511e-01	1.340149678289890289e-01
2.000000000000000042e-03	1.218699233818657801e-01	1.457986664026975632e-01	1.459206379950046539e-01
2.000000000000000042e-03	1.253214778402183538e-01	1.390664093196392059e-01	1.400673054158687592e-01
2.000000000000000042e-03	1.210913128113444842e-01	1.260481635108590126e-01	1.285255588591098785e-01
2.000000000000000042e-03	1.199516592712342039e-01	1.427269261330366135e-01	1.433630231767892838e-01
2.000000000000000042e-03	1.224081395547601259e-01	1.292876983061432838e-01	1.321529746055603027e-01
2.000000000000000042e-03	1.206363424470153073e-01	1.320609711110591888e-01	1.328895734623074532e-01
2.000000000000000042e-03	1.182916709516621812e-01	1.358319651335477829e-01	1.359157525002956390e-01
2.000000000000000042e-03	1.161543834435788958e-01	1.381419487297534943e-01	1.397750582545995712e-01
2.000000000000000042e-03	1.199432069176360055e-01	1.393414735794067383e-01	1.402139309793710709e-01
2.000000000000000042e-03	1.192446994253351655e-01	1.332756476476788521e-01	1.341798938810825348e-01
2.000000000000000042e-03	1.177567424653451628e-01	1.326507907360792160e-01	1.334612946957349777e-01
2.000000000000000042e-03	1.179537523207785238e-01	1.365336794406175613e-01	1.410056594759225845e-01
2.000000000000000042e-03	1.191389961521836793e-01	1.356099639087915421e-01	1.351537145674228668e-01
2.000000000000000042e-03	1.164301129270203516e-01	1.265526860952377319e-01	1.270293109118938446e-01
2.000000000000000042e-03	1.134654594750344053e-01	1.365079553797841072e-01	1.369059607386589050e-01
2.000000000000000042e-03	1.150859993281243693e-01	1.325805075466632843e-01	1.345468452200293541e-01
2.000000000000000042e-03	1.157675385475158691e-01	1.435887124389410019e-01	1.478361263871192932e-01
2.000000000000000042e-03	1.147355379748948023e-01	1.312916539609432220e-01	1.307618999853730202e-01
2.000000000000000042e-03	1.127986350580106739e-01	1.296687610447406769e-01	1.335900239646434784e-01
2.000000000000000042e-03	1.116025053624865315e-01	1.294147446751594543e-01	1.284548696130514145e-01
2.000000000000000042e-03	1.119002417861660881e-01	1.321873171254992485e-01	1.323201684281229973e-01
2.000000000000000042e-03	1.138001696407040519e-01	1.298122182488441467e-01	1.305812075734138489e-01
2.000000000000000042e-03	1.078863704129110340e-01	1.343812467530369759e-01	1.358165368437767029e-01
2.000000000000000042e-03	1.094829829621918604e-01	1.323303356766700745e-01	1.326063834130764008e-01
1.000000000000000021e-03	9.732499926150599279e-02	1.236517298966646194e-01	1.265920139849185944e-01
1.000000000000000021e-03	9.547510950625696935e-02	1.155714225023984909e-01	1.179171800613403320e-01
1.000000000000000021e-03	9.651027516096452596e-02	1.218794211745262146e-01	1.238853055983781815e-01
1.000000000000000021e-03	9.322332722854011211e-02	1.153761148452758789e-01	1.170625565573573112e-01
1.000000000000000021e-03	9.558441140983678364e-02	1.179858176037669182e-01	1.180486194789409637e-01
1.000000000000000021e-03	9.576998358663124655e-02	1.208315724506974220e-01	1.220381204038858414e-01
1.000000000000000021e-03	9.252031081462208650e-02	1.190663818269968033e-01	1.195792118087410927e-01
1.000000000000000021e-03	8.837110983042777146e-02	1.206849934533238411e-01	1.224528141319751740e-01
1.000000000000000021e-03	9.288121571269215837e-02	1.213508564978837967e-01	1.237268587574362755e-01
1.000000000000000021e-03	9.178909876301319382e-02	1.194705376401543617e-01	1.193807460367679596e-01
1.000000000000000021e-03	8.953252547903906011e-02	1.201807297766208649e-01	1.208338141441345215e-01
1.000000000000000021e-03	9.103932646633702830e-02	1.204846845939755440e-01	1.211271239444613457e-01
1.000000000000000021e-03	9.140073149641857186e-02	1.208896953612565994e-01	1.227342560887336731e-01
1.000000000000000021e-03	9.143187492331371347e-02	1.212912574410438538e-01	1.219805972650647163e-01
1.000000000000000021e-03	8.799676182149332448e-02	1.229608040302991867e-01	1.243742816150188446e-01
1.000000000000000021e-03	8.870156486577625288e-02	1.189983431249856949e-01	1.196804447099566460e-01
1.000000000000000021e-03	8.686710592312148205e-02	1.166923660784959793e-01	1.202229997143149376e-01
1.000000000000000021e-03	8.555056946941569374e-02	1.252054767683148384e-01	1.263910466805100441e-01
1.000000000000000021e-03	8.799237352383287858e-02	1.184493573382496834e-01	1.180924922227859497e-01
1.000000000000000021e-03	8.474326048847995174e-02	1.174074960872530937e-01	1.176379527896642685e-01
1.000000000000000021e-03	8.486929752781421921e-02	1.256850194185972214e-01	1.259859614074230194e-01
1.000000000000000021e-03	8.454658468312854780e-02	1.189842298626899719e-01	1.212502634152770042e-01
1.000000000000000021e-03	8.454983181591275987e-02	1.155710015445947647e-01	1.163427513092756271e-01
1.000000000000000021e-03	8.314488639559926286e-02	1.188629725947976112e-01	1.195070724934339523e-01
1.000000000000000021e-03	8.319801139303401039e-02	1.196311116218566895e-01	1.230727285146713257e-01
5.000000000000000104e-04	7.596461908726752366e-02	1.159330606460571289e-01	1.175690954551100731e-01
5.000000000000000104e-04	7.588511314007299891e-02	1.153426496312022209e-01	1.158547140657901764e-01
5.000000000000000104e-04	7.688104493331306133e-02	1.186697157099843025e-01	1.186373792588710785e-01
5.000000000000000104e-04	7.492505178987225734e-02	1.148055847734212875e-01	1.156809329986572266e-01
5.000000000000000104e-04	7.268475915623616446e-02	1.143711451441049576e-01	1.158678783103823662e-01
5.000000000000000104e-04	7.312084706146505797e-02	1.164764529094099998e-01	1.157941846176981926e-01
5.000000000000000104e-04	7.179357719760906531e-02	1.140673495829105377e-01	1.148832011967897415e-01
5.000000000000000104e-04	7.221462205052375793e-02	1.190706351771950722e-01	1.198034565895795822e-01
5.000000000000000104e-04	6.939943483735941387e-02	1.148759359493851662e-01	1.160786189138889313e-01
5.000000000000000104e-04	7.051214193807373021e-02	1.141496542841196060e-01	1.143374303355813026e-01
5.000000000000000104e-04	6.941025053398518219e-02	1.144931418821215630e-01	1.152297742664813995e-01
5.000000000000000104e-04	7.060651688636103429e-02	1.164797469973564148e-01	1.166921211406588554e-01
5.000000000000000104e-04	7.075242519001417874e-02	1.188095230609178543e-01	1.190259372815489769e-01
5.000000000000000104e-04	6.944253625749033376e-02	1.159256268292665482e-01	1.152967065572738647e-01
5.000000000000000104e-04	7.258054779111584864e-02	1.152394386008381844e-01	1.158382203429937363e-01
5.000000000000000104e-04	6.906466709473464693e-02	1.158097786828875542e-01	1.166163654997944832e-01
5.000000000000000104e-04	6.851223912797396731e-02	1.148441424593329430e-01	1.160266911610960960e-01
5.000000000000000104e-04	6.955068101045451534e-02	1.161907268688082695e-01	1.160412877798080444e-01
5.000000000000000104e-04	6.898755325546747363e-02	1.169947879388928413e-01	1.162565397098660469e-01
5.000000000000000104e-04	6.931452189065233360e-02	1.179269552230834961e-01	1.174474889412522316e-01
5.000000000000000104e-04	6.828739932632144072e-02	1.169176595285534859e-01	1.179402768611907959e-01
5.000000000000000104e-04	6.627116333457487574e-02	1.154207270592451096e-01	1.174181355163455009e-01
5.000000000000000104e-04	6.791694023752514742e-02	1.167068509384989738e-01	1.169805824756622314e-01
5.000000000000000104e-04	6.954108867086941648e-02	1.165191093459725380e-01	1.171453343704342842e-01
5.000000000000000104e-04	6.993309290537351453e-02	1.158270398154854774e-01	1.168924616649746895e-01
5.000000000000000104e-04	6.631517202793797694e-02	1.170087791979312897e-01	1.176686892285943031e-01
5.000000000000000104e-04	6.625792950014525173e-02	1.162774479016661644e-01	1.167001416906714439e-01
5.000000000000000104e-04	6.728484335390827464e-02	1.194527819752693176e-01	1.182279549539089203e-01
2.500000000000000052e-04	6.592616552039037847e-02	1.152370665222406387e-01	1.150912605226039886e-01
2.500000000000000052e-04	6.181642912988421362e-02	1.154106194153428078e-01	1.167286159470677376e-01
2.500000000000000052e-04	6.008081260738493828e-02	1.135156024247407913e-01	1.149323144927620888e-01
2.500000000000000052e-04	6.102674878850768148e-02	1.142418095842003822e-01	1.148120118305087090e-01
2.500000000000000052e-04	5.973803011488310749e-02	1.153380824252963066e-01	1.149339480325579643e-01
2.500000000000000052e-04	6.188079130045975179e-02	1.149010695517063141e-01	1.151816537603735924e-01
2.500000000000000052e-04	5.924628458068340736e-02	1.155388075858354568e-01	1.144425934180617332e-01
2.500000000000000052e-04	6.030410631925244708e-02	1.152512179687619209e-01	1.151315942406654358e-01
2.500000000000000052e-04	5.888819538905650658e-02	1.158481445163488388e-01	1.165010491386055946e-01
2.500000000000000052e-04	5.960103435606896316e-02	1.148150432854890823e-01	1.145148398354649544e-01
2.500000000000000052e-04	5.877593404884579736e-02	1.155725540593266487e-01	1.148359077051281929e-01
2.500000000000000052e-04	5.930766368968577035e-02	1.157444585114717484e-01	1.150740161538124084e-01
2.500000000000000052e-04	5.930347042747690506e-02	1.143810534849762917e-01	1.141777439042925835e-01
2.500000000000000052e-04	5.932078793456282972e-02	1.155615085735917091e-01	1.149746123701334000e-01
2.500000000000000052e-04	5.891656196570094900e-02	1.154616428539156914e-01	1.157417995855212212e-01
2.500000000000000052e-04	5.858128895110721601e-02	1.160557894036173820e-01	1.157055525109171867e-01
2.500000000000000052e-04	5.995754619376569144e-02	1.163780000060796738e-01	1.161535512655973434e-01
2.500000000000000052e-04	5.831658868472787416e-02	1.157047580927610397e-01	1.141349589452147484e-01
2.500000000000000052e-04	5.820839154192163772e-02	1.188993416726589203e-01	1.184426033869385719e-01
2.500000000000000052e-04	5.891230631666847378e-02	1.151163913309574127e-01	1.145824706181883812e-01
2.500000000000000052e-04	5.681050149134442978e-02	1.150038447231054306e-01	1.144169690087437630e-01
2.500000000000000052e-04	5.896337603843664760e-02	1.188270663842558861e-01	1.177397193387150764e-01
2.500000000000000052e-04	5.805660562613342707e-02	1.145593160763382912e-01	1.143601164221763611e-01
2.500000000000000052e-04	5.569016051631939246e-02	1.146644121035933495e-01	1.149267852306365967e-01
1.250000000000000026e-04	5.536683545082430463e-02	1.145935645326972008e-01	1.139354100450873375e-01
1.250000000000000026e-04	5.594140923098672724e-02	1.152426786720752716e-01	1.151807410642504692e-01
1.250000000000000026e-04	5.499705229001709134e-02	1.152678560465574265e-01	1.141929654404520988e-01
1.250000000000000026e-04	5.550210946534253620e-02	1.152454409748315811e-01	1.147019304335117340e-01
1.250000000000000026e-04	5.588360366564762427e-02	1.158580314368009567e-01	1.158739970996975899e-01
1.250000000000000026e-04	5.297132619196855824e-02	1.151470737531781197e-01	1.147616431117057800e-01
1.250000000000000026e-04	5.496988190880304492e-02	1.152186188846826553e-01	1.150558171793818474e-01
1.250000000000000026e-04	5.252275615930557251e-02	1.153687033802270889e-01	1.150618046522140503e-01
1.250000000000000026e-04	5.645198365555533643e-02	1.153064873069524765e-01	1.155160665512084961e-01
1.250000000000000026e-04	5.336360652235489638e-02	1.157070910558104515e-01	1.153818825259804726e-01
1.250000000000000026e-04	5.466781561321849836e-02	1.159597570076584816e-01	1.150813596323132515e-01
1.250000000000000026e-04	5.412611516216133539e-02	1.172170611098408699e-01	1.161815188825130463e-01
1.250000000000000026e-04	5.340062798578527892e-02	1.162476288154721260e-01	1.158095020800828934e-01
1.250000000000000026e-04	5.247363316107400005e-02	1.145339021459221840e-01	1.146293608471751213e-01
1.250000000000000026e-04	5.301083440456209189e-02	1.149832420051097870e-01	1.147681009024381638e-01
1.250000000000000026e-04	5.316588259007357098e-02	1.137564387172460556e-01	1.146000362932682037e-01
1.250000000000000026e-04	5.268450430299662091e-02	1.149639803916215897e-01	1.151029849424958229e-01
1.250000000000000026e-04	5.343096594833120216e-02	1.172577254474163055e-01	1.180302482098340988e-01
1.250000000000000026e-04	5.232468907591662777e-02	1.147505817934870720e-01	1.147941108793020248e-01
1.250000000000000026e-04	5.365482557423507243e-02	1.149666300043463707e-01	1.149747679010033607e-01
1.250000000000000026e-04	5.325598420598839228e-02	1.145425681024789810e-01	1.147007895633578300e-01
6.250000000000000130e-05	5.303698627254630621e-02	1.160038672387599945e-01	1.156380567699670792e-01
6.250000000000000130e-05	5.162710696458816528e-02	1.152636194601655006e-01	1.151008587330579758e-01
6.250000000000000130e-05	5.158902110555504267e-02	1.162965660914778709e-01	1.163718178868293762e-01
6.250000000000000130e-05	5.098721488744397540e-02	1.145867248997092247e-01	1.153059555217623711e-01
6.250000000000000130e-05	5.222032200309294908e-02	1.149159036576747894e-01	1.154179833829402924e-01
6.250000000000000130e-05	5.219717342642288954e-02	1.175274262204766273e-01	1.180692138150334358e-01
6.250000000000000130e-05	5.444302490051788901e-02	1.165866591036319733e-01	1.168966926634311676e-01
6.250000000000000130e-05	5.139493418833877142e-02	1.149791879579424858e-01	1.148804398253560066e-01
6.250000000000000130e-05	5.126298633934576326e-02	1.144245183095335960e-01	1.146328961476683617e-01
6.250000000000000130e-05	5.265729732905762017e-02	1.146454950794577599e-01	1.142621356993913651e-01
6.250000000000000130e-05	5.157857440129111348e-02	1.148768244311213493e-01	1.145266853272914886e-01
6.250000000000000130e-05	5.043368003790891368e-02	1.147416951134800911e-01	1.150323450565338135e-01
6.250000000000000130e-05	5.083836945174615568e-02	1.167570538818836212e-01	1.154506998136639595e-01
6.250000000000000130e-05	5.264420614023752193e-02	1.148921856656670570e-01	1.142323585227131844e-01
6.250000000000000130e-05	5.201674068841753013e-02	1.158209061250090599e-01	1.153055392205715179e-01
6.250000000000000130e-05	4.893292170725291323e-02	1.152305426076054573e-01	1.152006918564438820e-01
6.250000000000000130e-05	5.181138910636116923e-02	1.151106068864464760e-01	1.150089809671044350e-01
6.250000000000000130e-05	5.158028360220450609e-02	1.157535379752516747e-01	1.155621549114584923e-01
6.250000000000000130e-05	5.041778625189503871e-02	1.151194423437118530e-01	1.154516991227865219e-01
6.250000000000000130e-05	5.116396982081328898e-02	1.159536512568593025e-01	1.156336190178990364e-01
6.250000000000000130e-05	5.056472471620462872e-02	1.150677101686596870e-01	1.148641724139451981e-01
3.125000000000000065e-05	5.097471507666986174e-02	1.161912810057401657e-01	1.155982660129666328e-01
3.125000000000000065e-05	5.067928041083902962e-02	1.157832145690917969e-01	1.151220360770821571e-01
3.125000000000000065e-05	5.067287201556978232e-02	1.151134502142667770e-01	1.138516599312424660e-01
3.125000000000000065e-05	5.090486437459535579e-02	1.153633380308747292e-01	1.144790947437286377e-01
3.125000000000000065e-05	5.046504698222196300e-02	1.166808791458606720e-01	1.161324186250567436e-01
3.125000000000000065e-05	5.119020402242865919e-02	1.157570406794548035e-01	1.156324036419391632e-01
3.125000000000000065e-05	4.962877684001681250e-02	1.151372781023383141e-01	1.144507145509123802e-01
3.125000000000000065e-05	5.053444914048230846e-02	1.156932571902871132e-01	1.148024667054414749e-01
3.125000000000000065e-05	5.075703245363658023e-02	1.158187193796038628e-01	1.154848374426364899e-01
3.125000000000000065e-05	5.033505755134775467e-02	1.151438606902956963e-01	1.147467866539955139e-01
3.125000000000000065e-05	5.140829930388474828e-02	1.168111143633723259e-01	1.168512348085641861e-01
3.125000000000000065e-05	4.973229313198523904e-02	1.152275428175926208e-01	1.146602109074592590e-01
3.125000000000000065e-05	5.158585673080214734e-02	1.160866161808371544e-01	1.157146142795681953e-01
3.125000000000000065e-05	5.136614787993552117e-02	1.176743498072028160e-01	1.168160438537597656e-01
3.125000000000000065e-05	4.986408763105356495e-02	1.158144073560833931e-01	1.150845140218734741e-01
3.125000000000000065e-05	4.944215903553781516e-02	1.154039641842246056e-01	1.153048351407051086e-01
3.125000000000000065e-05	5.006858673465403031e-02	1.157562769949436188e-01	1.151091465726494789e-01
3.125000000000000065e-05	4.996352972863595671e-02	1.163370562717318535e-01	1.155802551656961441e-01
3.125000000000000065e-05	5.177378602608849467e-02	1.186563754454255104e-01	1.187670230865478516e-01
3.125000000000000065e-05	4.933789273417448634e-02	1.144325044006109238e-01	1.143157305195927620e-01
3.125000000000000065e-05	4.886734669532957070e-02	1.157093960791826248e-01	1.154880020767450333e-01
1.562500000000000033e-05	4.958057266813289954e-02	1.150587256997823715e-01	1.147298170253634453e-01
1.562500000000000033e-05	4.999881100994121863e-02	1.167044229805469513e-01	1.161727821454405785e-01
1.562500000000000033e-05	5.019235667548602176e-02	1.156938122585415840e-01	1.148610003292560577e-01
1.562500000000000033e-05	4.919665589740004896e-02	1.154906507581472397e-01	1.148594655096530914e-01
1.562500000000000033e-05	5.094234004050870318e-02	1.155252326279878616e-01	1.149113038554787636e-01
1.562500000000000033e-05	5.176815357577951859e-02	1.151527268812060356e-01	1.150831002742052078e-01
1.562500000000000033e-05	5.089548211308974474e-02	1.150569180026650429e-01	1.145565323531627655e-01
1.562500000000000033e-05	4.848947314710556900e-02	1.165344435721635818e-01	1.155584026128053665e-01
1.562500000000000033e-05	5.001018592451192402e-02	1.169870840385556221e-01	1.161598907783627510e-01
1.562500000000000033e-05	4.990824255384976316e-02	1.152533218264579773e-01	1.147537762299180031e-01
1.562500000000000033e-05	5.034150650041013114e-02	1.170203983783721924e-01	1.165878959000110626e-01
1.562500000000000033e-05	4.901829338337801434e-02	1.154251405969262123e-01	1.158079793676733971e-01
1.562500000000000033e-05	4.992715523967260205e-02	1.160437604412436485e-01	1.152967233210802078e-01
1.562500000000000033e-05	4.938132862878751028e-02	1.154704224318265915e-01	1.147491429001092911e-01
1.562500000000000033e-05	4.881269555491737216e-02	1.162823224440217018e-01	1.153920991346240044e-01
1.562500000000000033e-05	5.125666230539731999e-02	1.165064778178930283e-01	1.162438988685607910e-01
1.562500000000000033e-05	4.981877390719667564e-02	1.160210128873586655e-01	1.153312912210822105e-01
1.562500000000000033e-05	4.855814505415626675e-02	1.158473473042249680e-01	1.155647579580545425e-01
1.562500000000000033e-05	4.764101946655707742e-02	1.155257718637585640e-01	1.152568636462092400e-01
1.562500000000000033e-05	4.844758725619014578e-02	1.157641299068927765e-01	1.146092284470796585e-01
1.562500000000000033e-05	4.831842012420485555e-02	1.161912335082888603e-01	1.156948497518897057e-01
7.812500000000000163e-06	5.015666188695763056e-02	1.168356277048587799e-01	1.163707906380295753e-01
7.812500000000000163e-06	5.001999852778036409e-02	1.158468415960669518e-01	1.153187677264213562e-01
7.812500000000000163e-06	4.870486443367185586e-02	1.160032004117965698e-01	1.149379694834351540e-01
7.812500000000000163e-06	5.241715346899213784e-02	1.164182806387543678e-01	1.156684597954154015e-01
7.812500000000000163e-06	4.879450958363617391e-02	1.160641433671116829e-01	1.150022866204380989e-01
7.812500000000000163e-06	4.795307505734359294e-02	1.161120189353823662e-01	1.157366167753934860e-01
7.812500000000000163e-06	4.977703966860529822e-02	1.173257604241371155e-01	1.163245299831032753e-01
7.812500000000000163e-06	4.884533263459990560e-02	1.155773745849728584e-01	1.149613512679934502e-01
7.812500000000000163e-06	4.913193392979947616e-02	1.166078122332692146e-01	1.160214245319366455e-01
7.812500000000000163e-06	4.934638347240943163e-02	1.165646137669682503e-01	1.150794979184865952e-01
7.812500000000000163e-06	4.872580174403854519e-02	1.157855736091732979e-01	1.152820521965622902e-01
7.812500000000000163e-06	5.064402383905422522e-02	1.167577402666211128e-01	1.161708608269691467e-01
7.812500000000000163e-06	4.961177791598476994e-02	1.149852341040968895e-01	1.149367736652493477e-01
7.812500000000000163e-06	4.850482030571261205e-02	1.162879317998886108e-01	1.153325326740741730e-01
7.812500000000000163e-06	4.783509648110292889e-02	1.164850955829024315e-01	1.161992698907852173e-01
7.812500000000000163e-06	4.885565805472905088e-02	1.153528541326522827e-01	1.150353448465466499e-01
7.812500000000000163e-06	4.999973110948936761e-02	1.153914546594023705e-01	1.149772498756647110e-01
7.812500000000000163e-06	4.878928568921511721e-02	1.161567326635122299e-01	1.153185516595840454e-01
7.812500000000000163e-06	4.996061754188960147e-02	1.154720280319452286e-01	1.149190785363316536e-01
7.812500000000000163e-06	4.886567790674258005e-02	1.173900077119469643e-01	1.164406836032867432e-01
7.812500000000000163e-06	5.138562398054932062e-02	1.164078246802091599e-01	1.154253585264086723e-01
3.906250000000000081e-06	5.074480270283131950e-02	1.181714693084359169e-01	1.182150347158312798e-01
3.906250000000000081e-06	4.988407381350481312e-02	1.154535198584198952e-01	1.147582521662116051e-01
3.906250000000000081e-06	4.852705967577197743e-02	1.153234140947461128e-01	1.147667225450277328e-01
3.906250000000000081e-06	4.874980713747724403e-02	1.158062303438782692e-01	1.149194575846195221e-01
3.906250000000000081e-06	4.855668870142743759e-02	1.151879969984292984e-01	1.142951147630810738e-01
3.906250000000000081e-06	4.845834174488164448e-02	1.152203781530261040e-01	1.150699881836771965e-01
3.906250000000000081e-06	4.846312020775637996e-02	1.165543533861637115e-01	1.163999866694211960e-01
3.906250000000000081e-06	4.965639618944518024e-02	1.162926368415355682e-01	1.161810476332902908e-01
3.906250000000000081e-06	4.870114395324187662e-02	1.175207756459712982e-01	1.175151318311691284e-01
3.906250000000000081e-06	4.965877476372296262e-02	1.161717111244797707e-01	1.151709472760558128e-01
3.906250000000000081e-06	5.039540197275861610e-02	1.166900433599948883e-01	1.161056924611330032e-01
3.906250000000000081e-06	4.993618039202086384e-02	1.158886905759572983e-01	1.161352787166833878e-01
3.906250000000000081e-06	4.816910091646110087e-02	1.168081294745206833e-01	1.156448954716324806e-01
3.906250000000000081e-06	4.887475507168830002e-02	1.154302479699254036e-01	1.148825427517294884e-01
3.906250000000000081e-06	4.930178118468839937e-02	1.161412633955478668e-01	1.158500425517559052e-01
3.906250000000000081e-06	4.787232193954383402e-02	1.159152835607528687e-01	1.156781697645783424e-01
3.906250000000000081e-06	4.882119921377942734e-02	1.156262131407856941e-01	1.153208818286657333e-01
3.906250000000000081e-06	4.943555499179453500e-02	1.155798137187957764e-01	1.154738208279013634e-01
3.906250000000000081e-06	4.838046539999261986e-02	1.152369780465960503e-01	1.151286503300070763e-01
3.906250000000000081e-06	4.849191160896156733e-02	1.155546093359589577e-01	1.153260925784707069e-01
3.906250000000000081e-06	4.742443882211853923e-02	1.160438880324363708e-01	1.155309192836284637e-01
1.953125000000000041e-06	4.883905519035797865e-02	1.150349229574203491e-01	1.148037211969494820e-01
1.953125000000000041e-06	4.717870235820360164e-02	1.144656958058476448e-01	1.143778264522552490e-01
1.953125000000000041e-06	5.070548018888582087e-02	1.172571033239364624e-01	1.162173580378293991e-01
1.953125000000000041e-06	4.788472941970523672e-02	1.157226888462901115e-01	1.155224451795220375e-01
1.953125000000000041e-06	4.718972888739803029e-02	1.156019326299428940e-01	1.145438076928257942e-01
1.953125000000000041e-06	4.960042752231223762e-02	1.158785782754421234e-01	1.159455990418791771e-01
1.953125000000000041e-06	4.948923897139633626e-02	1.153452899307012558e-01	1.149287000298500061e-01
1.953125000000000041e-06	4.875871916360492719e-02	1.161840045824646950e-01	1.150456620380282402e-01
1.953125000000000041e-06	4.931299699635445510e-02	1.162877362221479416e-01	1.159521657973527908e-01
1.953125000000000041e-06	4.881010808144943536e-02	1.160145681351423264e-01	1.151225920766592026e-01
1.953125000000000041e-06	4.805725284769565148e-02	1.156688639894127846e-01	1.154502723366022110e-01
1.953125000000000041e-06	4.962968755560585171e-02	1.152201564982533455e-01	1.146730529144406319e-01
1.953125000000000041e-06	4.773905019782766213e-02	1.160612264648079872e-01	1.159193422645330429e-01
1.953125000000000041e-06	4.787282018533235706e-02	1.164497192949056625e-01	1.157155251130461693e-01
1.953125000000000041e-06	4.805493670739705014e-02	1.147758280858397484e-01	1.148476749658584595e-01
1.953125000000000041e-06	4.926085080715674608e-02	1.152611961588263512e-01	1.146296979859471321e-01
1.953125000000000041e-06	5.010634858774233591e-02	1.148526920005679131e-01	1.148000033572316170e-01
1.953125000000000041e-06	5.011833892970145310e-02	1.158741349354386330e-01	1.154908826574683189e-01
1.953125000000000041e-06	4.911966725618024249e-02	1.155916769057512283e-01	1.151898736134171486e-01
1.953125000000000041e-06	4.798678398320946337e-02	1.159014031291007996e-01	1.152351275086402893e-01
1.953125000000000041e-06	4.914862912478325935e-02	1.164614669978618622e-01	1.163447666913270950e-01
9.765625000000000203e-07	4.922948622062236351e-02	1.162981800734996796e-01	1.161120301112532616e-01
9.765625000000000203e-07	4.915027475998371559e-02	1.151557732373476028e-01	1.151427617296576500e-01
9.765625000000000203e-07	4.831546375268622184e-02	1.156630134209990501e-01	1.156916804611682892e-01
9.765625000000000203e-07	4.688286338048645169e-02	1.161577655002474785e-01	1.152254445478320122e-01
9.765625000000000203e-07	4.876537658745729725e-02	1.159571763128042221e-01	1.147506916895508766e-01
9.765625000000000203e-07	5.253044402674783564e-02	1.159182330593466759e-01	1.153674926608800888e-01
9.765625000000000203e-07	4.783979737305942698e-02	1.154452748596668243e-01	1.149041550233960152e-01
9.765625000000000203e-07	4.805423729593241017e-02	1.148895295336842537e-01	1.150521999225020409e-01
9.765625000000000203e-07	4.840262036157559622e-02	1.143061732873320580e-01	1.146404128521680832e-01
9.765625000000000203e-07	4.907321411220333385e-02	1.162934135645627975e-01	1.157130347564816475e-01
9.765625000000000203e-07	4.863312746150583871e-02	1.161710377782583237e-01	1.156246364116668701e-01
9.765625000000000203e-07	4.874388732110397637e-02	1.158641148358583450e-01	1.155828954651951790e-01
9.765625000000000203e-07	4.906102118990088995e-02	1.156637286767363548e-01	1.157208634540438652e-01
9.765625000000000203e-07	4.943442910532407780e-02	1.174877351149916649e-01	1.171484449878334999e-01
9.765625000000000203e-07	4.902537454721293819e-02	1.161956284195184708e-01	1.154534565284848213e-01
9.765625000000000203e-07	4.722437460588503610e-02	1.153199607506394386e-01	1.148677198216319084e-01
9.765625000000000203e-07	4.943668295311022531e-02	1.169916884973645210e-01	1.167505215853452682e-01
9.765625000000000203e-07	4.909455644178994244e-02	1.167668821290135384e-01	1.160768643021583557e-01
9.765625000000000203e-07	4.930849802456324649e-02	1.155808940529823303e-01	1.146165495738387108e-01
9.765625000000000203e-07	4.842686139141456902e-02	1.149176470935344696e-01	1.143385767936706543e-01
9.765625000000000203e-07	4.781288663043251758e-02	1.153205083683133125e-01	1.144507434219121933e-01
4.882812500000000102e-07	5.030505472346197271e-02	1.171743385493755341e-01	1.165556265041232109e-01
4.882812500000000102e-07	4.938166555535944413e-02	1.152422446757555008e-01	1.144878380000591278e-01
4.882812500000000102e-07	4.871498048305511475e-02	1.160679077729582787e-01	1.157521242275834084e-01
4.882812500000000102e-07	4.910825768226309562e-02	1.160201774910092354e-01	1.157069588080048561e-01
4.882812500000000102e-07	4.806465466942968362e-02	1.162645816802978516e-01	1.154730385169386864e-01
4.882812500000000102e-07	4.844570004298717064e-02	1.153146354481577873e-01	1.146160755306482315e-01
4.882812500000000102e-07	4.845594727917562627e-02	1.165137123316526413e-01	1.157517004758119583e-01
4.882812500000000102e-07	4.894949010089982844e-02	1.159003050997853279e-01	1.156988013535737991e-01
4.882812500000000102e-07	4.893213086113144816e-02	1.169443801045417786e-01	1.164720579981803894e-01
4.882812500000000102e-07	4.906495877459079308e-02	1.157566728070378304e-01	1.157682929188013077e-01
4.882812500000000102e-07	4.935145694055134702e-02	1.163279172033071518e-01	1.156500233337283134e-01
4.882812500000000102e-07	4.923257057236719858e-02	1.170512717217206955e-01	1.163504030555486679e-01
4.882812500000000102e-07	4.940647443261327737e-02	1.161457430571317673e-01	1.154812872409820557e-01
4.882812500000000102e-07	4.837744310498237610e-02	1.164396684616804123e-01	1.156646665185689926e-01
4.882812500000000102e-07	4.831830322553840040e-02	1.177523378282785416e-01	1.179804932326078415e-01
4.882812500000000102e-07	4.786596866913988418e-02	1.153895128518342972e-01	1.147345667704939842e-01
4.882812500000000102e-07	4.863749845307084596e-02	1.152250431478023529e-01	1.151129929348826408e-01
4.882812500000000102e-07	4.899027283433117497e-02	1.156857619062066078e-01	1.155578894540667534e-01
4.882812500000000102e-07	4.937915867076644177e-02	1.155591625720262527e-01	1.156191173940896988e-01
4.882812500000000102e-07	4.944856031031548416e-02	1.160366665571928024e-01	1.157111236825585365e-01
4.882812500000000102e-07	4.950413320072089701e-02	1.157532529905438423e-01	1.149641843512654305e-01
2.441406250000000051e-07	4.640311474287057286e-02	1.155712595209479332e-01	1.148920403793454170e-01
2.441406250000000051e-07	4.961318484967267711e-02	1.168953282758593559e-01	1.164505481719970703e-01
2.441406250000000051e-07	4.873093943807143419e-02	1.159641453996300697e-01	1.156056467443704605e-01
2.441406250000000051e-07	4.937585730907283199e-02	1.160865118727087975e-01	1.155734788626432419e-01
2.441406250000000051e-07	4.752696687473526721e-02	1.159990420565009117e-01	1.151588233187794685e-01
2.441406250000000051e-07	4.912909233494650030e-02	1.159546962007880211e-01	1.156887309625744820e-01
2.441406250000000051e-07	4.875847843440273000e-02	1.163490246981382370e-01	1.164751695469021797e-01
2.441406250000000051e-07	4.955552230718769657e-02	1.151083577424287796e-01	1.142764110118150711e-01
2.441406250000000051e-07	4.953287999275364506e-02	1.165354084223508835e-01	1.155279688537120819e-01
2.441406250000000051e-07	4.843507702403430926e-02	1.155341686680912971e-01	1.153673026710748672e-01
2.441406250000000051e-07	4.892474790162677778e-02	1.163658807054162025e-01	1.158841671422123909e-01
2.441406250000000051e-07	4.958271221080912811e-02	1.172281829640269279e-01	1.172028891742229462e-01
2.441406250000000051e-07	4.825360318527945752e-02	1.165385963395237923e-01	1.155818514525890350e-01
2.441406250000000051e-07	4.897274878583376956e-02	1.154800159856677055e-01	1.154309632256627083e-01
2.441406250000000051e-07	4.852125675806516492e-02	1.162120848894119263e-01	1.152840694412589073e-01
2.441406250000000051e-07	4.962242083458960618e-02	1.152903083711862564e-01	1.154465479776263237e-01
2.441406250000000051e-07	4.838875501970701237e-02	1.169263068586587906e-01	1.161102280020713806e-01
2.441406250000000051e-07	4.784565470829794942e-02	1.152865225449204445e-01	1.148975705727934837e-01
2.441406250000000051e-07	4.951804895189743788e-02	1.151384087279438972e-01	1.150095136836171150e-01
2.441406250000000051e-07	4.850229366293436206e-02	1.154719982296228409e-01	1.152278389781713486e-01
2.441406250000000051e-07	4.869930493303491897e-02	1.158594163134694099e-01	1.150266760960221291e-01
1.220703125000000025e-07	4.962861165404319763e-02	1.169038824737071991e-01	1.164883617311716080e-01
1.220703125000000025e-07	4.854729394369487749e-02	1.161809442564845085e-01	1.153176557272672653e-01
1.220703125000000025e-07	5.006901665201669849e-02	1.159273125231266022e-01	1.144211338832974434e-01
1.220703125000000025e-07	4.870604610518564082e-02	1.155442399904131889e-01	1.147172832861542702e-01
1.220703125000000025e-07	4.898314442061170448e-02	1.165453093126416206e-01	1.159728188067674637e-01
1.220703125000000025e-07	4.731248404029049504e-02	1.153030823916196823e-01	1.155250286683440208e-01
1.220703125000000025e-07	5.001264513482021196e-02	1.161683760583400726e-01	1.158672738820314407e-01
1.220703125000000025e-07	4.749426877574075556e-02	1.160365985706448555e-01	1.150535112246870995e-01
1.220703125000000025e-07	4.725077790738661104e-02	1.157102668657898903e-01	1.150979138910770416e-01
1.220703125000000025e-07	4.874423183972322743e-02	1.172758871689438820e-01	1.165917366743087769e-01
1.220703125000000025e-07	4.952592596034460087e-02	1.161780459806323051e-01	1.152946641668677330e-01
1.220703125000000025e-07	4.871288451212871240e-02	1.148730153217911720e-01	1.146118370816111565e-01
1.220703125000000025e-07	5.074626999565317459e-02	1.181665603071451187e-01	1.177142066881060600e-01
1.220703125000000025e-07	4.782291845996168578e-02	1.153215682134032249e-01	1.143600763753056526e-01
1.220703125000000025e-07	4.709509727132471513e-02	1.150071742013096809e-01	1.144501203671097755e-01
1.220703125000000025e-07	4.904676766335210047e-02	1.158866137266159058e-01	1.159176239743828773e-01
1.220703125000000025e-07	4.916280739103691400e-02	1.160835456103086472e-01	1.155949337407946587e-01
1.220703125000000025e-07	4.875070191448247631e-02	1.157622886821627617e-01	1.153634525835514069e-01
1.220703125000000025e-07	4.944510281651835065e-02	1.158043742179870605e-01	1.153603866696357727e-01
1.220703125000000025e-07	4.819916466934771188e-02	1.160241328179836273e-01	1.156504387035965919e-01
1.220703125000000025e-07	4.771310076872004730e-02	1.153643894940614700e-01	1.151124062016606331e-01
6.103515625000000127e-08	4.815367184862305583e-02	1.153171230107545853e-01	1.152961598709225655e-01
6.103515625000000127e-08	4.874808916562720085e-02	1.158470306545495987e-01	1.157960668206214905e-01
6.103515625000000127e-08	4.760105700432500087e-02	1.166669856756925583e-01	1.152935540303587914e-01
6.103515625000000127e-08	4.837432003851178247e-02	1.163815585896372795e-01	1.158506954088807106e-01
6.103515625000000127e-08	4.963180370911766948e-02	1.155401477590203285e-01	1.151513839140534401e-01
6.103515625000000127e-08	4.806723497525046407e-02	1.153565999120473862e-01	1.152686635032296181e-01
6.103515625000000127e-08	4.936499624878545184e-02	1.160736735910177231e-01	1.156275020912289619e-01
6.103515625000000127e-08	4.857684370083144992e-02	1.176627837121486664e-01	1.168889086693525314e-01
6.103515625000000127e-08	4.867936326544496095e-02	1.155072441324591637e-01	1.149851726368069649e-01
6.103515625000000127e-08	4.905125083802621550e-02	1.155176386237144470e-01	1.158077307045459747e-01
6.103515625000000127e-08	4.768502938596508312e-02	1.161079760640859604e-01	1.165921799838542938e-01
6.103515625000000127e-08	4.690068818723099053e-02	1.151064224541187286e-01	1.148433070629835129e-01
6.103515625000000127e-08	4.919876134659670330e-02	1.166947176679968834e-01	1.168938428163528442e-01
6.103515625000000127e-08	4.880000924385046596e-02	1.163602294400334358e-01	1.161735150963068008e-01
6.103515625000000127e-08	4.796958082838903570e-02	1.159319737926125526e-01	1.150216339156031609e-01
6.103515625000000127e-08	4.933676533872568409e-02	1.160644274204969406e-01	1.156229637563228607e-01
6.103515625000000127e-08	4.852247492799276196e-02	1.169630261138081551e-01	1.165131730958819389e-01
6.103515625000000127e-08	4.962226408946363021e-02	1.154636694118380547e-01	1.150904167443513870e-01
6.103515625000000127e-08	4.791075387333013080e-02	1.159657882526516914e-01	1.150723733007907867e-01
6.103515625000000127e-08	4.907223596414433259e-02	1.167337605729699135e-01	1.158935343846678734e-01
6.103515625000000127e-08	4.815380445009545540e-02	1.152002885937690735e-01	1.145940851420164108e-01
3.051757812500000064e-08	4.889359645828415812e-02	1.158188469707965851e-01	1.149038281291723251e-01
3.051757812500000064e-08	4.884986702022673516e-02	1.163880592212080956e-01	1.158758159726858139e-01
3.051757812500000064e-08	4.993240294765822346e-02	1.163228172808885574e-01	1.155738690868020058e-01
3.051757812500000064e-08	4.963202911275851892e-02	1.169547047466039658e-01	1.166188456118106842e-01
3.051757812500000064e-08	4.748485161911083358e-02	1.155241765081882477e-01	1.151984035968780518e-01
3.051757812500000064e-08	4.617850553197196811e-02	1.165448827669024467e-01	1.164385266602039337e-01
3.051757812500000064e-08	4.885560288270817536e-02	1.163243185728788376e-01	1.153690190985798836e-01
3.051757812500000064e-08	4.899086138304276083e-02	1.169006358832120895e-01	1.162634491920471191e-01
3.051757812500000064e-08	4.852648484933225204e-02	1.160832112655043602e-01	1.151489224284887314e-01
3.051757812500000064e-08	4.757456740812410212e-02	1.157824499532580376e-01	1.153191672638058662e-01
3.051757812500000064e-08	5.004589151166662087e-02	1.163606392219662666e-01	1.160413241013884544e-01
3.051757812500000064e-08	4.820015437052219825e-02	1.152126267552375793e-01	1.148228142410516739e-01
3.051757812500000064e-08	4.859312567152554441e-02	1.157495407387614250e-01	1.155347144231200218e-01
3.051757812500000064e-08	4.934909039094478173e-02	1.161410249769687653e-01	1.156445825472474098e-01
3.051757812500000064e-08	4.901178478251529830e-02	1.165557727217674255e-01	1.152692772448062897e-01
3.051757812500000064e-08	4.999012349149848516e-02	1.168069653213024139e-01	1.161868777126073837e-01
3.051757812500000064e-08	4.944145401255994193e-02	1.162953628227114677e-01	1.162967784330248833e-01
3.051757812500000064e-08	4.835242811071721603e-02	1.165328901261091232e-01	1.166216479614377022e-01
3.051757812500000064e-08	4.730795979311194777e-02	1.161807663738727570e-01	1.149410605430603027e-01
3.051757812500000064e-08	4.793602841187127178e-02	1.158872675150632858e-01	1.154407402500510216e-01
3.051757812500000064e-08	4.905444661839098580e-02	1.158324386924505234e-01	1.152837770059704781e-01
1.525878906250000032e-08	4.899247627280935158e-02	1.152301914989948273e-01	1.145463958382606506e-01
1.525878906250000032e-08	4.811170706643334155e-02	1.151847513392567635e-01	1.150890607386827469e-01
1.525878906250000032e-08	4.922993089767951219e-02	1.162285748869180679e-01	1.151315793395042419e-01
1.525878906250000032e-08	5.006125484463534725e-02	1.178266033530235291e-01	1.174857635051012039e-01
1.525878906250000032e-08	4.980008832261532264e-02	1.160452095791697502e-01	1.152534345164895058e-01
1.525878906250000032e-08	5.003202319899691802e-02	1.161323478445410728e-01	1.157469693571329117e-01
1.525878906250000032e-08	4.839133754183974623e-02	1.161735821515321732e-01	1.155674597248435020e-01
1.525878906250000032e-08	4.789783418933047515e-02	1.157994484528899193e-01	1.151933306828141212e-01
1.525878906250000032e-08	4.823148104397556590e-02	1.159193692728877068e-01	1.152433119714260101e-01
1.525878906250000032e-08	4.891368789197523409e-02	1.159978238865733147e-01	1.159052932634949684e-01
1.525878906250000032e-08	4.773827029179922993e-02	1.155118597671389580e-01	1.147386003285646439e-01
1.525878906250000032e-08	4.873864173511915227e-02	1.158913346007466316e-01	1.147199403494596481e-01
1.525878906250000032e-08	5.016430127847043563e-02	1.155274976044893265e-01	1.151982918381690979e-01
1.525878906250000032e-08	4.866865069805821620e-02	1.154701691120862961e-01	1.151456860825419426e-01
1.525878906250000032e-08	4.936861873993390881e-02	1.189063340425491333e-01	1.186750289052724838e-01
1.525878906250000032e-08	4.829969030769565297e-02	1.160613391548395157e-01	1.153629021719098091e-01
1.525878906250000032e-08	4.873417459333999335e-02	1.158566102385520935e-01	1.151628931984305382e-01
1.525878906250000032e-08	4.773255348016944288e-02	1.155134048312902451e-01	1.155021274462342262e-01
1.525878906250000032e-08	5.023738935212545414e-02	1.161714475601911545e-01	1.158007858321070671e-01
1.525878906250000032e-08	5.072222216219841873e-02	1.159645598381757736e-01	1.163026941940188408e-01
1.525878906250000032e-08	4.933391242653508563e-02	1.154702939093112946e-01	1.149202790111303329e-01
1.525878906250000032e-08	4.975095834535888523e-02	1.155290845781564713e-01	1.152465632185339928e-01
1.525878906250000032e-08	4.792964576354509509e-02	1.152593735605478287e-01	1.151907360181212425e-01
1.525878906250000032e-08	4.867619530686849438e-02	1.151035204529762268e-01	1.148470789194107056e-01
1.525878906250000032e-08	4.922539679498612319e-02	1.167966397479176521e-01	1.162325143814086914e-01
1.525878906250000032e-08	4.885907560775551439e-02	1.160226063802838326e-01	1.152408365160226822e-01
1.525878906250000032e-08	4.933529615968088727e-02	1.157127656042575836e-01	1.151698017492890358e-01
1.525878906250000032e-08	4.765253971460499394e-02	1.154646230861544609e-01	1.155065037310123444e-01
1.525878906250000032e-08	4.965467020114765900e-02	1.157849933952093124e-01	1.146616181358695030e-01
1.525878906250000032e-08	4.955110170795947594e-02	1.148606697097420692e-01	1.142662093043327332e-01
1.525878906250000032e-08	4.839384824603418928e-02	1.163077186793088913e-01	1.153705203905701637e-01
1.525878906250000032e-08	4.738377025233039136e-02	1.157199786975979805e-01	1.157475057989358902e-01
1.525878906250000032e-08	5.002798234360127799e-02	1.154594626277685165e-01	1.152371838688850403e-01
1.525878906250000032e-08	4.867030953681921596e-02	1.159141706302762032e-01	1.148860631510615349e-01
1.525878906250000032e-08	5.138346482115455777e-02	1.159803075715899467e-01	1.158311134204268456e-01
1.525878906250000032e-08	4.758380598659756738e-02	1.156029263511300087e-01	1.149369869381189346e-01
1.525878906250000032e-08	4.816816902801960426e-02	1.161980628967285156e-01	1.154880523681640625e-01
1.525878906250000032e-08	4.813596700565724723e-02	1.166755249723792076e-01	1.162312934175133705e-01
1.525878906250000032e-08	4.930537585404854567e-02	1.152263246476650238e-01	1.146678300574421883e-01
1.525878906250000032e-08	4.988374429035790508e-02	1.163088837638497353e-01	1.153722526505589485e-01
1.525878906250000032e-08	4.899610762920560830e-02	1.165055679157376289e-01	1.161919990554451942e-01
1.525878906250000032e-08	4.978475785708125906e-02	1.162916524335741997e-01	1.159436199814081192e-01
1.525878906250000032e-08	4.808468107558504234e-02	1.157917343080043793e-01	1.155435917899012566e-01
1.525878906250000032e-08	4.880455673872670375e-02	1.173268528655171394e-01	1.167779807001352310e-01
1.525878906250000032e-08	4.880555761577207857e-02	1.162280272692441940e-01	1.161389183253049850e-01
1.525878906250000032e-08	4.917677567352222306e-02	1.156477397307753563e-01	1.156053617596626282e-01
1.525878906250000032e-08	4.787623858715914227e-02	1.160807302221655846e-01	1.152794752269983292e-01
1.525878906250000032e-08	5.098343489668036993e-02	1.156249865889549255e-01	1.158260116353631020e-01
1.525878906250000032e-08	4.896311513796637593e-02	1.159883858636021614e-01	1.157553996890783310e-01
1.525878906250000032e-08	4.813861729034894787e-02	1.156929051503539085e-01	1.155033903196454048e-01
1.525878906250000032e-08	4.801388933688779254e-02	1.167452437803149223e-01	1.156549965962767601e-01
1.525878906250000032e-08	4.823804613721521806e-02	1.172620216384530067e-01	1.161466604098677635e-01
1.525878906250000032e-08	4.924432820157159663e-02	1.151639036834239960e-01	1.150881815701723099e-01
1.525878906250000032e-08	4.937723340301573838e-02	1.159062422811985016e-01	1.148978956043720245e-01
1.525878906250000032e-08	4.911108692235584272e-02	1.169853629544377327e-01	1.164366304874420166e-01
1.525878906250000032e-08	4.762547250978554220e-02	1.157568497583270073e-01	1.150808604434132576e-01
1.525878906250000032e-08	4.853571974967099689e-02	1.154465302824974060e-01	1.149333938956260681e-01
1.525878906250000032e-08	4.897053671788565571e-02	1.167185511440038681e-01	1.161387665197253227e-01
1.525878906250000032e-08	4.836542451683478738e-02	1.162070007994771004e-01	1.160270581021904945e-01
1.525878906250000032e-08	4.984627093506764639e-02	1.154842386022210121e-01	1.153540313243865967e-01
1.525878906250000032e-08	4.845347887353051997e-02	1.157175349071621895e-01	1.155301416292786598e-01
1.525878906250000032e-08	4.877269782031638801e-02	1.163034383207559586e-01	1.156334262341260910e-01
1.525878906250000032e-08	4.863741866584065515e-02	1.157539319247007370e-01	1.154421083629131317e-01
1.525878906250000032e-08	4.883262500921382171e-02	1.161646647378802299e-01	1.154868891462683678e-01
1.525878906250000032e-08	4.935628180451030744e-02	1.159047689288854599e-01	1.149645419791340828e-01
1.525878906250000032e-08	5.023732710676857144e-02	1.159124374389648438e-01	1.152692101895809174e-01
