2.000000000000000042e-03	3.555221704742576594e-01	3.413711339235305786e-01	3.375691734254360199e-01
2.000000000000000042e-03	2.613065395551391612e-01	2.638077232986688614e-01	2.657713294029235840e-01
2.000000000000000042e-03	2.275458415852317229e-01	2.566046305000782013e-01	2.595645971596240997e-01
2.000000000000000042e-03	2.168929265646994953e-01	2.116734590381383896e-01	2.116516698151826859e-01
2.000000000000000042e-03	2.106202463560466476e-01	1.903554238379001617e-01	1.940172649919986725e-01
2.000000000000000042e-03	2.010201147839992819e-01	2.067164164036512375e-01	2.056101355701684952e-01
2.000000000000000042e-03	1.971902984984313378e-01	2.229952830821275711e-01	2.230849023908376694e-01
2.000000000000000042e-03	1.974886359670494085e-01	1.741596609354019165e-01	1.761547345668077469e-01
2.000000000000000042e-03	1.856615803664243558e-01	2.062129471451044083e-01	2.040753327310085297e-01
2.000000000000000042e-03	1.834109138838852515e-01	1.686941944062709808e-01	1.689207293093204498e-01
2.000000000000000042e-03	1.817986921796315714e-01	1.843904890120029449e-01	1.844788845628499985e-01
2.000000000000000042e-03	1.804901791524283483e-01	1.713762152940034866e-01	1.751637719571590424e-01
2.000000000000000042e-03	1.779116062046606217e-01	1.952342912554740906e-01	1.980886720120906830e-01
2.000000000000000042e-03	1.771398405485515304e-01	2.271420955657958984e-01	2.256989274173974991e-01
2.000000000000000042e-03	1.716491034891031997e-01	1.625393629074096680e-01	1.662632375955581665e-01
2.000000000000000042e-03	1.766872270197807904e-01	2.187994457781314850e-01	2.195064686238765717e-01
2.000000000000000042e-03	1.663404474907283492e-01	1.907684933394193649e-01	1.926836930215358734e-01
2.000000000000000042e-03	1.646171664889854724e-01	1.602754946798086166e-01	1.609038077294826508e-01
2.000000000000000042e-03	1.595179266944716234e-01	1.553500089794397354e-01	1.554785631597042084e-01
2.000000000000000042e-03	1.608652464951141059e-01	1.598422508686780930e-01	1.640277076512575150e-01
2.000000000000000042e-03	1.694000799067412744e-01	1.648245248943567276e-01	1.651298608630895615e-01
2.000000000000000042e-03	1.573502836348135148e-01	1.569655761122703552e-01	1.592920217663049698e-01
2.000000000000000042e-03	1.626815794012214655e-01	1.480392403900623322e-01	1.500498875975608826e-01
2.000000000000000042e-03	1.570006508050085514e-01	1.662575751543045044e-01	1.609957218170166016e-01
2.000000000000000042e-03	1.636534523737581404e-01	1.644722782075405121e-01	1.670408342033624649e-01
2.000000000000000042e-03	1.582181604602668767e-01	1.609982717782258987e-01	1.607466470450162888e-01
2.000000000000000042e-03	1.552049081914032569e-01	1.477633155882358551e-01	1.490586604923009872e-01
2.000000000000000042e-03	1.521433780464944985e-01	1.634941380470991135e-01	1.643077936023473740e-01
2.000000000000000042e-03	1.475766585031642320e-01	1.574823316186666489e-01	1.575220823287963867e-01
2.000000000000000042e-03	1.501140635979326399e-01	1.557226888835430145e-01	1.576799936592578888e-01
2.000000000000000042e-03	1.486354079804843020e-01	1.624617315828800201e-01	1.620235722512006760e-01
2.000000000000000042e-03	1.498942875032183430e-01	1.569062378257513046e-01	1.559674646705389023e-01
2.000000000000000042e-03	1.497871713547767047e-01	1.411389634013175964e-01	1.410846505314111710e-01
2.000000000000000042e-03	1.487925556264346194e-01	1.524197217077016830e-01	1.511427536606788635e-01
2.000000000000000042e-03	1.456240701335894949e-01	1.594233829528093338e-01	1.580125223845243454e-01
2.000000000000000042e-03	1.434562051598029797e-01	1.394118918105959892e-01	1.377907153218984604e-01
2.000000000000000042e-03	1.408411852921111762e-01	1.483075134456157684e-01	1.493818014860153198e-01
2.000000000000000042e-03	1.412593316805513532e-01	1.376627683639526367e-01	1.379222162067890167e-01
2.000000000000000042e-03	1.401094462298139720e-01	1.413825638592243195e-01	1.419798973947763443e-01
2.000000000000000042e-03	1.394905930832971430e-01	1.500819362699985504e-01	1.505215410143136978e-01
2.000000000000000042e-03	1.397750279571436660e-01	1.383237484842538834e-01	1.378032378852367401e-01
2.000000000000000042e-03	1.383429889248896372e-01	1.386630553752183914e-01	1.385029237717390060e-01
2.000000000000000042e-03	1.387932426944563646e-01	1.370932590216398239e-01	1.359729170799255371e-01
2.000000000000000042e-03	1.413320915985711024e-01	1.354955602437257767e-01	1.359899993985891342e-01
2.000000000000000042e-03	1.365679457217832127e-01	1.506150774657726288e-01	1.539143715053796768e-01
2.000000000000000042e-03	1.355712517530103245e-01	1.420299746096134186e-01	1.438549626618623734e-01
2.000000000000000042e-03	1.362441737629190297e-01	1.387266572564840317e-01	1.385261621326208115e-01
2.000000000000000042e-03	1.381539819361288224e-01	1.406923104077577591e-01	1.414819732308387756e-01
2.000000000000000042e-03	1.353865201714672672e-01	1.490379795432090759e-01	1.498529948294162750e-01
2.000000000000000042e-03	1.357897192805628261e-01	1.406694035977125168e-01	1.398661602288484573e-01
2.000000000000000042e-03	1.339127692052080598e-01	1.389029715210199356e-01	1.391404215246438980e-01
2.000000000000000042e-03	1.342909006001073990e-01	1.495438888669013977e-01	1.518328990787267685e-01
2.000000000000000042e-03	1.305566940315162072e-01	1.450016545131802559e-01	1.455587614327669144e-01
2.000000000000000042e-03	1.309127693500699852e-01	1.389584895223379135e-01	1.425617393106222153e-01
2.000000000000000042e-03	1.327856200028069422e-01	1.327973762527108192e-01	1.362783890217542648e-01
2.000000000000000042e-03	1.312322397775287919e-01	1.491020452231168747e-01	1.485753264278173447e-01
2.000000000000000042e-03	1.283770100791243041e-01	1.333351777866482735e-01	1.337713003158569336e-01
2.000000000000000042e-03	1.331460196760636261e-01	1.408535093069076538e-01	1.401732610538601875e-01
2.000000000000000042e-03	1.264203430353840751e-01	1.437253579497337341e-01	1.456273458898067474e-01
2.000000000000000042e-03	1.301355354393584907e-01	1.415509805083274841e-01	1.432148888707160950e-01
2.000000000000000042e-03	1.292678763783430829e-01	1.376893250271677971e-01	1.365775587037205696e-01
2.000000000000000042e-03	1.289741088506541622e-01	1.367051601409912109e-01	1.385521609336137772e-01
2.000000000000000042e-03	1.251833503947982207e-01	1.414372790604829788e-01	1.429035048931837082e-01
2.000000000000000042e-03	1.232558532228952702e-01	1.391928512603044510e-01	1.414204463362693787e-01
2.000000000000000042e-03	1.248908418266079096e-01	1.351998932659626007e-01	1.347395945340394974e-01
2.000000000000000042e-03	1.237467091672028174e-01	1.344943791627883911e-01	1.357103437185287476e-01
2.000000000000000042e-03	1.243036473287811722e-01	1.310610063374042511e-01	1.327142082154750824e-01
2.000000000000000042e-03	1.232263557141340254e-01	1.329592335969209671e-01	1.339569948613643646e-01
2.000000000000000042e-03	1.232920239997815498e-01	1.266338312998414040e-01	1.302586700767278671e-01
2.000000000000000042e-03	1.208522744193861742e-01	1.362967211753129959e-01	1.389387138187885284e-01
2.000000000000000042e-03	1.206442840114424486e-01	1.269147284328937531e-01	1.303474484011530876e-01
2.000000000000000042e-03	1.227427581443062271e-01	1.248458866029977798e-01	1.268175672739744186e-01
2.000000000000000042e-03	1.194508292629749002e-01	1.272902199998497963e-01	1.305687567219138145e-01
2.000000000000000042e-03	1.201340398645099200e-01	1.349685769528150558e-01	1.380787454545497894e-01
2.000000000000000042e-03	1.165018721094614323e-01	1.319425525143742561e-01	1.342810336500406265e-01
2.000000000000000042e-03	1.172952862291396364e-01	1.281516877934336662e-01	1.311874855309724808e-01
2.000000000000000042e-03	1.163836213984066892e-01	1.381058190017938614e-01	1.409764867275953293e-01
2.000000000000000042e-03	1.177749829013136351e-01	1.337954672053456306e-01	1.374104581773281097e-01
2.000000000000000042e-03	1.151090927327735464e-01	1.280503347516059875e-01	1.301077576354146004e-01
2.000000000000000042e-03	1.122841617163223560e-01	1.338237542659044266e-01	1.336519150063395500e-01
2.000000000000000042e-03	1.162061881792696150e-01	1.447794083505868912e-01	1.471148859709501266e-01
2.000000000000000042e-03	1.146182216043713786e-01	1.318702045828104019e-01	1.359784845262765884e-01
2.000000000000000042e-03	1.119706072384798051e-01	1.288612615317106247e-01	1.309489887207746506e-01
2.000000000000000042e-03	1.150661610727068684e-01	1.326828170567750931e-01	1.357722673565149307e-01
2.000000000000000042e-03	1.154511480391779976e-01	1.329622929915785789e-01	1.345621012151241302e-01
2.000000000000000042e-03	1.111744330087794524e-01	1.352106891572475433e-01	1.369207818061113358e-01
2.000000000000000042e-03	1.116801955843273603e-01	1.239531096071004868e-01	1.266256896778941154e-01
2.000000000000000042e-03	1.102844458780711245e-01	1.314225625246763229e-01	1.332904426380991936e-01
2.000000000000000042e-03	1.135765233937698071e-01	1.316890390589833260e-01	1.324550276622176170e-01
2.000000000000000042e-03	1.109388412176808281e-01	1.369053181260824203e-01	1.375791803002357483e-01
2.000000000000000042e-03	1.104579039766818704e-01	1.379824653267860413e-01	1.404356155544519424e-01
2.000000000000000042e-03	1.170122829985014989e-01	1.283591827377676964e-01	1.321616098284721375e-01
2.000000000000000042e-03	1.061556954172593187e-01	1.309077572077512741e-01	1.313945036381483078e-01
2.000000000000000042e-03	1.119031401563294337e-01	1.290712207555770874e-01	1.301414594054222107e-01
2.000000000000000042e-03	1.070225998947891971e-01	1.348721757531166077e-01	1.368715744465589523e-01
2.000000000000000042e-03	1.072434843341006500e-01	1.254905061796307564e-01	1.278585642576217651e-01
2.000000000000000042e-03	1.040402895099000052e-01	1.333249211311340332e-01	1.363888178020715714e-01
2.000000000000000042e-03	1.069314045996605650e-01	1.314824530854821205e-01	1.323158508166670799e-01
2.000000000000000042e-03	1.052496755802178746e-01	1.268555549904704094e-01	1.301387883722782135e-01
2.000000000000000042e-03	1.042280312203153758e-01	1.230653878301382065e-01	1.257934495806694031e-01
2.000000000000000042e-03	1.043336453694331534e-01	1.283748997375369072e-01	1.315909735858440399e-01
2.000000000000000042e-03	1.045220841335344902e-01	1.249541575089097023e-01	1.277652895078063011e-01
2.000000000000000042e-03	1.029388798943048772e-01	1.302681108936667442e-01	1.301563782617449760e-01
2.000000000000000042e-03	1.035868991402131151e-01	1.330406498163938522e-01	1.367749609053134918e-01
2.000000000000000042e-03	1.038876071195059120e-01	1.298797074705362320e-01	1.335453866049647331e-01
2.000000000000000042e-03	1.025791175757782420e-01	1.290112137794494629e-01	1.299956766888499260e-01
2.000000000000000042e-03	9.912008141415028228e-02	1.258350564166903496e-01	1.295180656015872955e-01
2.000000000000000042e-03	1.002476639762709398e-01	1.345723830163478851e-01	1.371911223977804184e-01
2.000000000000000042e-03	1.021980951669849980e-01	1.303140548989176750e-01	1.311502568423748016e-01
2.000000000000000042e-03	1.002514327440080788e-01	1.377951912581920624e-01	1.405934896320104599e-01
2.000000000000000042e-03	9.676128861647617652e-02	1.316672628745436668e-01	1.333059528842568398e-01
2.000000000000000042e-03	9.724397740409343460e-02	1.271450901404023170e-01	1.279679918661713600e-01
2.000000000000000042e-03	1.003127845027778769e-01	1.208679331466555595e-01	1.228099782019853592e-01
2.000000000000000042e-03	1.033699816163582141e-01	1.257639639079570770e-01	1.278411261737346649e-01
2.000000000000000042e-03	9.700455676905717084e-02	1.252392446622252464e-01	1.269475901499390602e-01
2.000000000000000042e-03	9.915510093486762377e-02	1.286833118647336960e-01	1.330902278423309326e-01
2.000000000000000042e-03	9.775104053035567342e-02	1.311871679499745369e-01	1.306176297366619110e-01
2.000000000000000042e-03	9.669444361065007709e-02	1.285348515957593918e-01	1.320270439609885216e-01
2.000000000000000042e-03	9.846289946308618701e-02	1.339312726631760597e-01	1.348051745444536209e-01
2.000000000000000042e-03	9.416076899329318961e-02	1.347195189446210861e-01	1.351503171026706696e-01
2.000000000000000042e-03	9.289276411261739030e-02	1.292553562670946121e-01	1.276002200320363045e-01
2.000000000000000042e-03	9.716752473312088856e-02	1.249714940786361694e-01	1.263277474790811539e-01
2.000000000000000042e-03	9.266209432595892692e-02	1.413261983543634415e-01	1.445141397416591644e-01
2.000000000000000042e-03	9.616343035728117106e-02	1.275972230359911919e-01	1.307640075683593750e-01
2.000000000000000042e-03	9.325939907303339160e-02	1.253919452428817749e-01	1.275761257857084274e-01
2.000000000000000042e-03	9.136542970243888284e-02	1.330535737797617912e-01	1.329240445047616959e-01
2.000000000000000042e-03	9.155083589161498725e-02	1.292419005185365677e-01	1.310655269771814346e-01
2.000000000000000042e-03	9.068051537003697649e-02	1.262456970289349556e-01	1.295185340568423271e-01
2.000000000000000042e-03	9.355856704561016368e-02	1.335985548794269562e-01	1.377506088465452194e-01
2.000000000000000042e-03	9.494993609340884877e-02	1.293608807027339935e-01	1.311486596241593361e-01
2.000000000000000042e-03	9.179248896580707862e-02	1.248648185282945633e-01	1.279578059911727905e-01
2.000000000000000042e-03	8.679004211591768991e-02	1.248923027887940407e-01	1.279741190373897552e-01
2.000000000000000042e-03	8.947693377355986355e-02	1.245785532519221306e-01	1.276784976944327354e-01
2.000000000000000042e-03	9.067445738783365405e-02	1.245612744241952896e-01	1.263743899762630463e-01
1.000000000000000021e-03	8.049402621727955176e-02	1.179969338700175285e-01	1.201069736853241920e-01
1.000000000000000021e-03	7.665707062505468239e-02	1.189496405422687531e-01	1.214089188724756241e-01
1.000000000000000021e-03	7.372989958222908591e-02	1.163740577176213264e-01	1.180424541234970093e-01
1.000000000000000021e-03	7.353460350179974458e-02	1.251348955556750298e-01	1.267872452735900879e-01
1.000000000000000021e-03	7.547605730876137675e-02	1.176916016265749931e-01	1.203205008059740067e-01
1.000000000000000021e-03	7.197783514857292175e-02	1.174948727712035179e-01	1.196137638762593269e-01
1.000000000000000021e-03	7.309869323161584387e-02	1.189683228731155396e-01	1.210713461041450500e-01
1.000000000000000021e-03	7.452794150272502860e-02	1.245355634018778801e-01	1.264559011906385422e-01
1.000000000000000021e-03	7.615026459097862244e-02	1.217192271724343300e-01	1.238710088655352592e-01
1.000000000000000021e-03	7.424178097066999604e-02	1.173507478088140488e-01	1.192770795896649361e-01
1.000000000000000021e-03	7.036363908761664177e-02	1.172476056963205338e-01	1.191881718114018440e-01
1.000000000000000021e-03	7.174935918065565577e-02	1.209507584571838379e-01	1.225124699994921684e-01
1.000000000000000021e-03	7.312705424390261721e-02	1.221835399046540260e-01	1.229932596907019615e-01
1.000000000000000021e-03	7.047808854074417984e-02	1.197962034493684769e-01	1.224223291501402855e-01
1.000000000000000021e-03	7.114825991890098844e-02	1.184695921838283539e-01	1.219381177797913551e-01
1.000000000000000021e-03	7.123949510764472637e-02	1.185845276340842247e-01	1.198898684233427048e-01
1.000000000000000021e-03	6.874733078706113387e-02	1.177072599530220032e-01	1.195332910865545273e-01
1.000000000000000021e-03	6.908035825324963797e-02	1.219720393419265747e-01	1.254846043884754181e-01
1.000000000000000021e-03	6.769891319018375708e-02	1.209035953506827354e-01	1.223997529596090317e-01
1.000000000000000021e-03	6.894334613145151891e-02	1.200833702459931374e-01	1.218294743448495865e-01
1.000000000000000021e-03	7.109314839862569679e-02	1.205956591293215752e-01	1.222985070198774338e-01
1.000000000000000021e-03	7.013040573536595546e-02	1.166737750172615051e-01	1.195738734677433968e-01
1.000000000000000021e-03	6.842579975535598158e-02	1.203821040689945221e-01	1.234971806406974792e-01
1.000000000000000021e-03	6.604212178271028078e-02	1.181802907958626747e-01	1.226490661501884460e-01
5.000000000000000104e-04	6.375642889474011921e-02	1.142954183742403984e-01	1.172474846243858337e-01
5.000000000000000104e-04	6.054661654030220330e-02	1.141632348299026489e-01	1.167263947427272797e-01
5.000000000000000104e-04	6.007339404542234862e-02	1.155271092429757118e-01	1.177919041365385056e-01
5.000000000000000104e-04	6.060637590251391482e-02	1.142860744148492813e-01	1.165157193318009377e-01
5.000000000000000104e-04	5.985914797911161267e-02	1.152736954391002655e-01	1.172807412222027779e-01
5.000000000000000104e-04	5.907205251764647419e-02	1.179639110341668129e-01	1.204722179099917412e-01
5.000000000000000104e-04	5.788447160886812937e-02	1.146799055859446526e-01	1.162498006597161293e-01
5.000000000000000104e-04	5.815697414211080246e-02	1.151268640533089638e-01	1.178694870322942734e-01
5.000000000000000104e-04	5.868407041777538163e-02	1.166736958548426628e-01	1.182656902819871902e-01
5.000000000000000104e-04	5.777299720086628843e-02	1.136842910200357437e-01	1.161371404305100441e-01
5.000000000000000104e-04	5.977469701555710585e-02	1.156541788950562477e-01	1.182983154430985451e-01
5.000000000000000104e-04	5.775121929524820036e-02	1.184939248487353325e-01	1.202057758346199989e-01
5.000000000000000104e-04	5.593797540928743817e-02	1.159303709864616394e-01	1.178035400807857513e-01
5.000000000000000104e-04	5.578888226536255629e-02	1.164290728047490120e-01	1.193148046731948853e-01
5.000000000000000104e-04	5.678595201689985716e-02	1.158378673717379570e-01	1.197522208094596863e-01
5.000000000000000104e-04	5.644146970744374353e-02	1.156289754435420036e-01	1.184165459126234055e-01
5.000000000000000104e-04	5.811991867951200180e-02	1.154455263167619705e-01	1.177146118134260178e-01
5.000000000000000104e-04	5.729712182773819690e-02	1.168343750759959221e-01	1.189640723168849945e-01
5.000000000000000104e-04	5.730957410569432336e-02	1.186291780322790146e-01	1.191143738105893135e-01
5.000000000000000104e-04	5.718286920197402506e-02	1.152681978419423103e-01	1.178765390068292618e-01
5.000000000000000104e-04	5.640912999080706369e-02	1.155713889747858047e-01	1.165436729788780212e-01
5.000000000000000104e-04	5.578115535310552292e-02	1.175034772604703903e-01	1.199849965050816536e-01
5.000000000000000104e-04	5.379454602923574441e-02	1.153493560850620270e-01	1.181936059147119522e-01
5.000000000000000104e-04	5.507978297109845239e-02	1.161516634747385979e-01	1.186098875477910042e-01
5.000000000000000104e-04	5.495765343119826674e-02	1.189110931009054184e-01	1.194299291819334030e-01
5.000000000000000104e-04	5.571769908825053436e-02	1.157159889116883278e-01	1.183916078880429268e-01
5.000000000000000104e-04	5.521535783817496656e-02	1.181172085925936699e-01	1.203402439132332802e-01
5.000000000000000104e-04	5.594625748411009847e-02	1.150536332279443741e-01	1.174625176936388016e-01
5.000000000000000104e-04	5.453354021227812404e-02	1.176132680848240852e-01	1.195924784988164902e-01
5.000000000000000104e-04	5.601507901579518695e-02	1.166473440825939178e-01	1.188346780836582184e-01
5.000000000000000104e-04	5.688059655360028916e-02	1.193563463166356087e-01	1.210450297221541405e-01
2.500000000000000052e-04	4.996011359027669602e-02	1.147234821692109108e-01	1.163653125986456871e-01
2.500000000000000052e-04	5.026360403133343924e-02	1.151700839400291443e-01	1.173771154135465622e-01
2.500000000000000052e-04	5.137936997262737560e-02	1.149038504809141159e-01	1.173240989446640015e-01
2.500000000000000052e-04	5.019375040561337847e-02	1.159665342420339584e-01	1.175960926339030266e-01
2.500000000000000052e-04	4.959248345863970231e-02	1.150144450366497040e-01	1.171448146924376488e-01
2.500000000000000052e-04	4.890370831082138658e-02	1.144983265548944473e-01	1.165895480662584305e-01
2.500000000000000052e-04	5.035722062368936519e-02	1.140444921329617500e-01	1.161942789331078529e-01
2.500000000000000052e-04	5.085363371085516865e-02	1.135607203468680382e-01	1.163070248439908028e-01
2.500000000000000052e-04	5.020366929754425944e-02	1.162069272249937057e-01	1.186252953484654427e-01
2.500000000000000052e-04	5.143475202442724520e-02	1.153209647163748741e-01	1.173846535384654999e-01
2.500000000000000052e-04	4.809588274057907675e-02	1.149451788514852524e-01	1.170711675658822060e-01
2.500000000000000052e-04	4.957604007441786254e-02	1.149930488318204880e-01	1.177368639037013054e-01
2.500000000000000052e-04	4.937321098544929926e-02	1.158485263586044312e-01	1.172018628567457199e-01
2.500000000000000052e-04	4.834139266911940958e-02	1.144048590213060379e-01	1.165396431460976601e-01
2.500000000000000052e-04	4.864664691724354673e-02	1.140061840415000916e-01	1.160066993907094002e-01
2.500000000000000052e-04	4.879561175085321556e-02	1.158542893826961517e-01	1.177276037633419037e-01
2.500000000000000052e-04	4.747529266567170059e-02	1.147221513092517853e-01	1.166762253269553185e-01
2.500000000000000052e-04	5.063213304251055341e-02	1.157784173265099525e-01	1.177412848919630051e-01
2.500000000000000052e-04	4.861769231059883539e-02	1.147011192515492439e-01	1.162375165149569511e-01
2.500000000000000052e-04	4.802303666932673104e-02	1.139099914580583572e-01	1.160727012902498245e-01
2.500000000000000052e-04	4.761724508827245433e-02	1.143245398998260498e-01	1.162224300205707550e-01
2.500000000000000052e-04	4.686814857811867630e-02	1.154857827350497246e-01	1.183513980358839035e-01
2.500000000000000052e-04	4.922060677899590259e-02	1.141762454062700272e-01	1.164271589368581772e-01
2.500000000000000052e-04	4.693168354562566452e-02	1.146141514182090759e-01	1.167765744030475616e-01
2.500000000000000052e-04	4.871731624007225037e-02	1.152103450149297714e-01	1.171500207856297493e-01
2.500000000000000052e-04	4.747781878973864056e-02	1.147994250059127808e-01	1.164077874273061752e-01
2.500000000000000052e-04	4.794509345783463244e-02	1.152777150273323059e-01	1.162614505738019943e-01
2.500000000000000052e-04	4.741271094808095776e-02	1.149198682978749275e-01	1.165711199864745140e-01
2.500000000000000052e-04	4.868331164876116973e-02	1.162858037278056145e-01	1.169855380430817604e-01
1.250000000000000026e-04	4.669510530708711332e-02	1.147266142070293427e-01	1.159047493711113930e-01
1.250000000000000026e-04	4.828824517847616488e-02	1.149500105530023575e-01	1.165735907852649689e-01
1.250000000000000026e-04	4.724313314013843523e-02	1.146846795454621315e-01	1.168487006798386574e-01
1.250000000000000026e-04	4.681402157190479862e-02	1.150270961225032806e-01	1.169565767049789429e-01
1.250000000000000026e-04	4.466790522012529380e-02	1.144104097038507462e-01	1.166512677446007729e-01
1.250000000000000026e-04	4.772926041785674478e-02	1.141211567446589470e-01	1.154339611530303955e-01
1.250000000000000026e-04	4.547923416653765899e-02	1.142417183145880699e-01	1.162296934053301811e-01
1.250000000000000026e-04	4.536802411268028856e-02	1.161152012646198273e-01	1.174783427268266678e-01
1.250000000000000026e-04	4.518151080495194649e-02	1.142707131803035736e-01	1.159939356148242950e-01
1.250000000000000026e-04	4.631351844608029567e-02	1.158651355654001236e-01	1.178433801978826523e-01
1.250000000000000026e-04	4.471207188465927546e-02	1.141804521903395653e-01	1.157262176275253296e-01
1.250000000000000026e-04	4.557096316844602008e-02	1.144396709278225899e-01	1.162762334570288658e-01
1.250000000000000026e-04	4.437889788252643436e-02	1.146501358598470688e-01	1.159987431019544601e-01
1.250000000000000026e-04	4.508020733542079939e-02	1.147613869979977608e-01	1.161077674478292465e-01
1.250000000000000026e-04	4.570537409450434185e-02	1.142353657633066177e-01	1.165390098467469215e-01
1.250000000000000026e-04	4.635601066335846843e-02	1.147040892392396927e-01	1.167577020823955536e-01
1.250000000000000026e-04	4.410613535702982702e-02	1.146233389154076576e-01	1.160357054322957993e-01
1.250000000000000026e-04	4.635782587000086136e-02	1.143399896100163460e-01	1.159286489710211754e-01
1.250000000000000026e-04	4.463812128841122828e-02	1.140435235574841499e-01	1.162308370694518089e-01
1.250000000000000026e-04	4.269135573619528556e-02	1.142348526045680046e-01	1.160449823364615440e-01
1.250000000000000026e-04	4.493076137349575477e-02	1.142706880345940590e-01	1.160665163770318031e-01
6.250000000000000130e-05	4.555488674889637130e-02	1.146786836907267570e-01	1.159513937309384346e-01
6.250000000000000130e-05	4.589613819424109842e-02	1.151099866256117821e-01	1.180240875110030174e-01
6.250000000000000130e-05	4.412880124925058073e-02	1.151239266619086266e-01	1.171896308660507202e-01
6.250000000000000130e-05	4.343269706432578009e-02	1.155873509123921394e-01	1.174186551943421364e-01
6.250000000000000130e-05	4.356033317273175914e-02	1.146727968007326126e-01	1.163393342867493629e-01
6.250000000000000130e-05	4.293114498634881954e-02	1.142282662913203239e-01	1.163072921335697174e-01
6.250000000000000130e-05	4.433885410050802250e-02	1.151703130453824997e-01	1.170779112726449966e-01
6.250000000000000130e-05	4.266919865261150496e-02	1.142627960070967674e-01	1.162310186773538589e-01
6.250000000000000130e-05	4.473930144611792947e-02	1.156307002529501915e-01	1.176870958879590034e-01
6.250000000000000130e-05	4.360366692837280844e-02	1.140477769076824188e-01	1.168390670791268349e-01
6.250000000000000130e-05	4.321069807945927821e-02	1.144537003710865974e-01	1.165979597717523575e-01
6.250000000000000130e-05	4.430169928111607480e-02	1.145646749064326286e-01	1.165204066783189774e-01
6.250000000000000130e-05	4.446677472206610887e-02	1.145844813436269760e-01	1.168756661936640739e-01
6.250000000000000130e-05	4.350020019691201723e-02	1.150032971054315567e-01	1.167128998786211014e-01
6.250000000000000130e-05	4.364327897753896707e-02	1.173146208748221397e-01	1.187831955030560493e-01
6.250000000000000130e-05	4.320003552055811519e-02	1.154818153008818626e-01	1.169736189767718315e-01
6.250000000000000130e-05	4.326162421250644846e-02	1.149281132966279984e-01	1.168976705521345139e-01
6.250000000000000130e-05	4.355726127005830894e-02	1.153654167428612709e-01	1.179931312799453735e-01
6.250000000000000130e-05	4.369901957674116738e-02	1.150097940117120743e-01	1.169109847396612167e-01
6.250000000000000130e-05	4.385801069910013478e-02	1.144303651526570320e-01	1.159527627751231194e-01
6.250000000000000130e-05	4.257365827790544205e-02	1.140297949314117432e-01	1.160062029957771301e-01
3.125000000000000065e-05	4.322318850627428211e-02	1.139211002737283707e-01	1.159751042723655701e-01
3.125000000000000065e-05	4.244392999459670884e-02	1.154955914244055748e-01	1.168864872306585312e-01
3.125000000000000065e-05	4.262778186534024738e-02	1.144286924973130226e-01	1.161611005663871765e-01
3.125000000000000065e-05	4.172434280567531573e-02	1.141630774363875389e-01	1.172255836427211761e-01
3.125000000000000065e-05	4.358094709017609064e-02	1.143952971324324608e-01	1.161662908270955086e-01
3.125000000000000065e-05	4.189435095538066728e-02	1.146184550598263741e-01	1.160412468016147614e-01
3.125000000000000065e-05	4.403668627897395355e-02	1.155857173725962639e-01	1.177583411335945129e-01
3.125000000000000065e-05	4.318247146055668312e-02	1.139103546738624573e-01	1.159156793728470802e-01
3.125000000000000065e-05	4.150162755122667468e-02	1.146838078275322914e-01	1.161077553406357765e-01
3.125000000000000065e-05	4.265964333015152127e-02	1.147595029324293137e-01	1.172981234267354012e-01
3.125000000000000065e-05	4.356241721329810052e-02	1.156593076884746552e-01	1.172188241034746170e-01
3.125000000000000065e-05	4.330998885480663585e-02	1.154728690162301064e-01	1.166646759957075119e-01
3.125000000000000065e-05	4.074463125648377509e-02	1.143869934603571892e-01	1.167079135775566101e-01
3.125000000000000065e-05	4.251961134185519575e-02	1.147020645439624786e-01	1.172770522534847260e-01
3.125000000000000065e-05	4.183335234470005048e-02	1.144427787512540817e-01	1.164254406467080116e-01
3.125000000000000065e-05	4.291852988019774495e-02	1.153206117451190948e-01	1.169272158294916153e-01
3.125000000000000065e-05	4.387665884215620482e-02	1.154078813269734383e-01	1.173190036788582802e-01
3.125000000000000065e-05	4.360964757543575598e-02	1.148761380463838577e-01	1.163303656503558159e-01
3.125000000000000065e-05	4.189849027161356848e-02	1.154074883088469505e-01	1.176477354019880295e-01
3.125000000000000065e-05	4.235995405271083397e-02	1.139004221186041832e-01	1.160553554072976112e-01
3.125000000000000065e-05	4.232330544839931624e-02	1.149232797324657440e-01	1.166281038895249367e-01
1.562500000000000033e-05	4.245688535178764045e-02	1.150638228282332420e-01	1.166400164365768433e-01
1.562500000000000033e-05	4.210657185485845722e-02	1.138464435935020447e-01	1.159568587318062782e-01
1.562500000000000033e-05	4.216805899727948254e-02	1.142150266095995903e-01	1.161160413175821304e-01
1.562500000000000033e-05	4.205879064489014690e-02	1.154102338477969170e-01	1.167697152122855186e-01
1.562500000000000033e-05	4.126019103900541163e-02	1.143292309716343880e-01	1.156116807833313942e-01
1.562500000000000033e-05	4.243851243223570324e-02	1.148446490988135338e-01	1.169948661699891090e-01
1.562500000000000033e-05	4.245791310750985509e-02	1.147268423810601234e-01	1.167373508214950562e-01
1.562500000000000033e-05	4.464438460955891252e-02	1.162756951525807381e-01	1.181706041097640991e-01
1.562500000000000033e-05	4.323684801406497968e-02	1.150121632963418961e-01	1.160958046093583107e-01
1.562500000000000033e-05	4.368212649339361930e-02	1.146832667291164398e-01	1.170106893405318260e-01
1.562500000000000033e-05	4.188247395184221261e-02	1.151157571002840996e-01	1.167984353378415108e-01
1.562500000000000033e-05	4.047859233768680287e-02	1.149545321241021156e-01	1.169365216046571732e-01
1.562500000000000033e-05	4.297811368220968986e-02	1.143772741779685020e-01	1.162929767742753029e-01
1.562500000000000033e-05	4.383445389663116754e-02	1.153366146609187126e-01	1.166249206289649010e-01
1.562500000000000033e-05	4.253519170835048241e-02	1.144995400682091713e-01	1.165315760299563408e-01
1.562500000000000033e-05	4.203785750779170244e-02	1.150570102035999298e-01	1.168308593332767487e-01
1.562500000000000033e-05	4.246381759832176805e-02	1.141909360885620117e-01	1.157648582011461258e-01
1.562500000000000033e-05	4.130108102778844853e-02	1.144442940130829811e-01	1.165524087846279144e-01
1.562500000000000033e-05	4.218168966943704884e-02	1.143163889646530151e-01	1.155709121376276016e-01
1.562500000000000033e-05	4.236315924061249960e-02	1.156011307612061501e-01	1.167017649859189987e-01
1.562500000000000033e-05	4.209189774775052434e-02	1.141254417598247528e-01	1.163096940144896507e-01
7.812500000000000163e-06	4.178412772620780646e-02	1.147031802684068680e-01	1.161651127040386200e-01
7.812500000000000163e-06	4.216281223240532505e-02	1.154765365645289421e-01	1.180736133828759193e-01
7.812500000000000163e-06	4.249312584818918520e-02	1.150835528969764709e-01	1.172974677756428719e-01
7.812500000000000163e-06	4.139594101830373907e-02	1.143011720851063728e-01	1.165297832340002060e-01
7.812500000000000163e-06	4.212568973815893764e-02	1.142928637564182281e-01	1.168785933405160904e-01
7.812500000000000163e-06	4.140458246575125928e-02	1.141493506729602814e-01	1.167144915089011192e-01
7.812500000000000163e-06	4.253801760039752078e-02	1.149596963077783585e-01	1.164119336754083633e-01
7.812500000000000163e-06	4.115815715322011792e-02	1.146960072219371796e-01	1.167986383661627769e-01
7.812500000000000163e-06	4.286888298354571414e-02	1.147838989272713661e-01	1.170385824516415596e-01
7.812500000000000163e-06	4.258122339939014733e-02	1.151385139673948288e-01	1.164509281516075134e-01
7.812500000000000163e-06	4.146445985836318820e-02	1.146020386368036270e-01	1.163569567725062370e-01
7.812500000000000163e-06	4.058706750975379224e-02	1.150962905958294868e-01	1.173004340380430222e-01
7.812500000000000163e-06	4.295533645568015008e-02	1.142269615083932877e-01	1.160182766616344452e-01
7.812500000000000163e-06	4.344848373645468498e-02	1.157827991992235184e-01	1.172768920660018921e-01
7.812500000000000163e-06	4.090084798068185229e-02	1.145705496892333031e-01	1.161734592169523239e-01
7.812500000000000163e-06	4.156388752634012501e-02	1.145022260025143623e-01	1.168198352679610252e-01
7.812500000000000163e-06	4.227827251240422191e-02	1.156818978488445282e-01	1.174457110464572906e-01
7.812500000000000163e-06	4.071142491471918534e-02	1.146888155490159988e-01	1.167312478646636009e-01
7.812500000000000163e-06	4.207815526972843306e-02	1.148124597966670990e-01	1.162721486762166023e-01
7.812500000000000163e-06	4.268359758337087612e-02	1.145750870928168297e-01	1.159966140985488892e-01
7.812500000000000163e-06	4.235312785906127780e-02	1.152986381202936172e-01	1.180376270785927773e-01
3.906250000000000081e-06	4.209690062399906729e-02	1.151082934811711311e-01	1.161605063825845718e-01
3.906250000000000081e-06	4.335122437605375134e-02	1.144327875226736069e-01	1.166223790496587753e-01
3.906250000000000081e-06	4.204296754508078660e-02	1.157473698258399963e-01	1.180282980203628540e-01
3.906250000000000081e-06	4.127625246308272433e-02	1.150393439456820488e-01	1.164533682167530060e-01
3.906250000000000081e-06	4.117150500982622724e-02	1.142137963324785233e-01	1.162694618105888367e-01
3.906250000000000081e-06	4.119059533069405199e-02	1.147771710529923439e-01	1.170088890939950943e-01
3.906250000000000081e-06	4.175458273178414559e-02	1.154995616525411606e-01	1.170911118388175964e-01
3.906250000000000081e-06	4.204374193390713471e-02	1.156570399180054665e-01	1.172136915847659111e-01
3.906250000000000081e-06	4.220642486610744898e-02	1.145081091672182083e-01	1.161973727867007256e-01
3.906250000000000081e-06	4.263899871442891620e-02	1.160597493872046471e-01	1.176916453987360001e-01
3.906250000000000081e-06	4.201158216293854331e-02	1.144829513505101204e-01	1.162573527544736862e-01
3.906250000000000081e-06	4.191040629638901477e-02	1.140045132488012314e-01	1.161551177501678467e-01
3.906250000000000081e-06	4.143517912377284867e-02	1.146385120227932930e-01	1.168766152113676071e-01
3.906250000000000081e-06	4.155601096587090842e-02	1.152815204113721848e-01	1.164590874686837196e-01
3.906250000000000081e-06	4.212447651956655048e-02	1.154351579025387764e-01	1.170725952833890915e-01
3.906250000000000081e-06	4.164085164666175842e-02	1.150726648047566414e-01	1.162267858162522316e-01
3.906250000000000081e-06	4.194677397137201030e-02	1.144989915192127228e-01	1.160714300349354744e-01
3.906250000000000081e-06	4.262777540502669243e-02	1.147125903517007828e-01	1.161539368331432343e-01
3.906250000000000081e-06	4.277308379547505729e-02	1.155263828113675117e-01	1.170453205704689026e-01
3.906250000000000081e-06	4.221992826537240839e-02	1.147260256111621857e-01	1.167469816282391548e-01
3.906250000000000081e-06	4.134133236506317560e-02	1.146656638011336327e-01	1.161428429186344147e-01
1.953125000000000041e-06	4.228863329921342396e-02	1.143290074542164803e-01	1.164618218317627907e-01
1.953125000000000041e-06	4.235216527234150069e-02	1.146116293966770172e-01	1.161589287221431732e-01
1.953125000000000041e-06	4.139469738436650503e-02	1.145819416269659996e-01	1.166463112458586693e-01
1.953125000000000041e-06	4.136879841172242528e-02	1.146324193105101585e-01	1.159587148576974869e-01
1.953125000000000041e-06	4.168626340695574112e-02	1.146085690706968307e-01	1.163627440109848976e-01
1.953125000000000041e-06	4.105369833922838801e-02	1.147285038605332375e-01	1.165953911840915680e-01
1.953125000000000041e-06	4.285810647320143635e-02	1.143160723149776459e-01	1.160520073026418686e-01
1.953125000000000041e-06	4.146547313732436985e-02	1.153582325205206871e-01	1.170390630140900612e-01
1.953125000000000041e-06	4.172256937887094952e-02	1.152240112423896790e-01	1.164675187319517136e-01
1.953125000000000041e-06	4.094402242121817498e-02	1.143834022805094719e-01	1.157242059707641602e-01
1.953125000000000041e-06	4.201321817840202033e-02	1.150752706453204155e-01	1.168992118909955025e-01
1.953125000000000041e-06	4.117276592628110743e-02	1.151817906647920609e-01	1.165325464680790901e-01
1.953125000000000041e-06	4.205482313998892135e-02	1.152320867404341698e-01	1.165916277095675468e-01
1.953125000000000041e-06	4.139582789208315350e-02	1.145363738760352135e-01	1.162942741066217422e-01
1.953125000000000041e-06	4.363039468379714680e-02	1.159393824636936188e-01	1.175679592415690422e-01
1.953125000000000041e-06	4.305835009281393927e-02	1.166045991703867912e-01	1.184689803048968315e-01
1.953125000000000041e-06	4.155874292401573467e-02	1.148532871156930923e-01	1.169335851445794106e-01
1.953125000000000041e-06	4.082510337422165514e-02	1.147101866081357002e-01	1.163942040875554085e-01
1.953125000000000041e-06	4.090543855217438490e-02	1.144679021090269089e-01	1.159278675913810730e-01
1.953125000000000041e-06	4.175180031717577733e-02	1.140294382348656654e-01	1.163071300834417343e-01
1.953125000000000041e-06	4.253656907549387134e-02	1.150973634794354439e-01	1.160754049196839333e-01
9.765625000000000203e-07	4.228265255783932031e-02	1.152324005961418152e-01	1.175046851858496666e-01
9.765625000000000203e-07	4.216459068127825088e-02	1.148292282596230507e-01	1.171648660674691200e-01
9.765625000000000203e-07	4.011400972929182046e-02	1.142313582822680473e-01	1.160827791318297386e-01
9.765625000000000203e-07	4.130997532342053913e-02	1.147164525464177132e-01	1.162937935441732407e-01
9.765625000000000203e-07	4.139045135507100903e-02	1.145896008238196373e-01	1.163727203384041786e-01
9.765625000000000203e-07	4.187115371415886522e-02	1.146156610921025276e-01	1.166544863954186440e-01
9.765625000000000203e-07	4.243805867773067786e-02	1.146202031522989273e-01	1.166632100939750671e-01
9.765625000000000203e-07	4.047201578564281477e-02	1.149169439449906349e-01	1.171009028330445290e-01
9.765625000000000203e-07	4.229160025715827942e-02	1.145152747631072998e-01	1.167756300419569016e-01
9.765625000000000203e-07	4.259374605703957622e-02	1.150700934231281281e-01	1.176857734099030495e-01
9.765625000000000203e-07	4.168527108864693992e-02	1.147954287007451057e-01	1.164520895108580589e-01
9.765625000000000203e-07	4.057164157776138591e-02	1.147762481123209000e-01	1.163320392370223999e-01
9.765625000000000203e-07	4.251322447310520308e-02	1.149741522967815399e-01	1.169220190495252609e-01
9.765625000000000203e-07	4.209604269907444435e-02	1.145027698948979378e-01	1.169722778722643852e-01
9.765625000000000203e-07	4.267038246970387971e-02	1.148771317675709724e-01	1.177089987322688103e-01
9.765625000000000203e-07	4.051839220750180770e-02	1.159541672095656395e-01	1.180757908150553703e-01
9.765625000000000203e-07	4.167177040082744449e-02	1.149299517273902893e-01	1.163409911096096039e-01
9.765625000000000203e-07	4.081709586272511125e-02	1.145469434559345245e-01	1.163039552047848701e-01
9.765625000000000203e-07	4.188919555442997128e-02	1.144268084317445755e-01	1.163153108209371567e-01
9.765625000000000203e-07	4.126793014097817486e-02	1.153807956725358963e-01	1.169942850247025490e-01
9.765625000000000203e-07	4.057579190482066972e-02	1.151082562282681465e-01	1.162946736440062523e-01
4.882812500000000102e-07	4.106033105356029361e-02	1.142332181334495544e-01	1.165180616080760956e-01
4.882812500000000102e-07	4.246463737438751357e-02	1.152932047843933105e-01	1.175838112831115723e-01
4.882812500000000102e-07	4.044861014036438274e-02	1.144186751917004585e-01	1.156965000554919243e-01
4.882812500000000102e-07	4.145451809597920645e-02	1.150348531082272530e-01	1.163629386574029922e-01
4.882812500000000102e-07	4.218090773571895463e-02	1.146108396351337433e-01	1.164150042459368706e-01
4.882812500000000102e-07	4.135147925419143528e-02	1.159439561888575554e-01	1.176728662103414536e-01
4.882812500000000102e-07	4.357970753519595231e-02	1.148196673020720482e-01	1.163959624245762825e-01
4.882812500000000102e-07	4.161676913028276165e-02	1.143471933901309967e-01	1.157219894230365753e-01
4.882812500000000102e-07	4.186990854766550058e-02	1.146982805803418159e-01	1.166185261681675911e-01
4.882812500000000102e-07	4.223588828138912649e-02	1.147279571741819382e-01	1.169822197407484055e-01
4.882812500000000102e-07	4.199215477403206442e-02	1.145710712298750877e-01	1.160193318501114845e-01
4.882812500000000102e-07	4.244256625541403122e-02	1.146791186183691025e-01	1.166306883096694946e-01
4.882812500000000102e-07	4.173097363378427960e-02	1.139371814206242561e-01	1.161740347743034363e-01
4.882812500000000102e-07	4.281793947366974162e-02	1.155326105654239655e-01	1.172560872510075569e-01
4.882812500000000102e-07	4.101791709095616717e-02	1.150416610762476921e-01	1.165364338085055351e-01
4.882812500000000102e-07	4.131105061196073402e-02	1.148068532347679138e-01	1.165646864101290703e-01
4.882812500000000102e-07	4.160130292743067365e-02	1.148768253624439240e-01	1.165665583685040474e-01
4.882812500000000102e-07	4.228712818762169617e-02	1.152223618701100349e-01	1.173892859369516373e-01
4.882812500000000102e-07	4.294577971855296356e-02	1.145921824499964714e-01	1.161575419828295708e-01
4.882812500000000102e-07	4.114040098141266005e-02	1.147348815575242043e-01	1.167491637170314789e-01
4.882812500000000102e-07	4.131489261230335969e-02	1.146271154284477234e-01	1.170868910849094391e-01
2.441406250000000051e-07	4.267312112394013035e-02	1.158556751906871796e-01	1.178686423227190971e-01
2.441406250000000051e-07	4.143426951633978617e-02	1.139982128515839577e-01	1.161715183407068253e-01
2.441406250000000051e-07	4.272969269865675712e-02	1.146185630932450294e-01	1.163579216226935387e-01
2.441406250000000051e-07	4.204597229821772225e-02	1.150825964286923409e-01	1.168762445449829102e-01
2.441406250000000051e-07	4.262582559280003042e-02	1.152455732226371765e-01	1.176538076251745224e-01
2.441406250000000051e-07	4.228804241630095689e-02	1.150694619864225388e-01	1.169315306469798088e-01
2.441406250000000051e-07	4.047356135671651561e-02	1.148900315165519714e-01	1.167477918788790703e-01
2.441406250000000051e-07	4.277105627086343759e-02	1.157162543386220932e-01	1.165525177493691444e-01
2.441406250000000051e-07	4.039381963165500355e-02	1.148733776062726974e-01	1.166765987873077393e-01
2.441406250000000051e-07	4.173686859917036945e-02	1.145911533385515213e-01	1.171867372468113899e-01
2.441406250000000051e-07	4.080234416112114848e-02	1.140080029144883156e-01	1.159940408542752266e-01
2.441406250000000051e-07	4.146186752787119068e-02	1.150002321228384972e-01	1.163380313664674759e-01
2.441406250000000051e-07	4.053771686799163831e-02	1.146981250494718552e-01	1.164582641795277596e-01
2.441406250000000051e-07	4.323067756581910198e-02	1.145231220871210098e-01	1.163805294781923294e-01
2.441406250000000051e-07	4.175036652838882284e-02	1.144872987642884254e-01	1.162941334769129753e-01
2.441406250000000051e-07	4.143463980547989339e-02	1.151726953685283661e-01	1.168666733428835869e-01
2.441406250000000051e-07	4.282438823410981976e-02	1.146285375580191612e-01	1.166392015293240547e-01
2.441406250000000051e-07	4.211358568053456819e-02	1.146120578050613403e-01	1.163022127002477646e-01
2.441406250000000051e-07	4.087493988343431778e-02	1.142523344606161118e-01	1.157773891463875771e-01
2.441406250000000051e-07	4.279535181254525561e-02	1.149179348722100258e-01	1.162979425862431526e-01
2.441406250000000051e-07	4.126311553335642451e-02	1.150844441726803780e-01	1.168136699125170708e-01
1.220703125000000025e-07	4.110205807734893663e-02	1.148558109998703003e-01	1.176800625398755074e-01
1.220703125000000025e-07	4.099464147717137713e-02	1.150097753852605820e-01	1.170730395242571831e-01
1.220703125000000025e-07	4.156585808701907664e-02	1.140615362673997879e-01	1.156812431290745735e-01
1.220703125000000025e-07	4.116844140653368872e-02	1.138629885390400887e-01	1.154984151944518089e-01
1.220703125000000025e-07	4.176689408530917524e-02	1.148066734895110130e-01	1.164219034835696220e-01
1.220703125000000025e-07	4.231979165084754496e-02	1.144843455404043198e-01	1.165545769035816193e-01
1.220703125000000025e-07	4.061779162929027992e-02	1.141544738784432411e-01	1.158575573936104774e-01
1.220703125000000025e-07	4.134308553854875584e-02	1.139836404472589493e-01	1.159250410273671150e-01
1.220703125000000025e-07	4.224927136320856536e-02	1.166678220033645630e-01	1.183565268293023109e-01
1.220703125000000025e-07	4.137575051075295662e-02	1.148477895185351372e-01	1.163267735391855240e-01
1.220703125000000025e-07	4.134844880126699318e-02	1.149992160499095917e-01	1.164377098903059959e-01
1.220703125000000025e-07	4.174843982239313106e-02	1.142435269430279732e-01	1.162867024540901184e-01
1.220703125000000025e-07	4.142062946022311010e-02	1.160350358113646507e-01	1.177729088813066483e-01
1.220703125000000025e-07	4.140534777712973069e-02	1.142427343875169754e-01	1.164168883115053177e-01
1.220703125000000025e-07	4.183365468265889259e-02	1.150359781458973885e-01	1.164179453626275063e-01
1.220703125000000025e-07	4.143855786776241140e-02	1.165569927543401718e-01	1.181730050593614578e-01
1.220703125000000025e-07	4.220911596394792686e-02	1.143024461343884468e-01	1.164041571319103241e-01
1.220703125000000025e-07	4.272166151506236881e-02	1.152500072494149208e-01	1.173452474176883698e-01
1.220703125000000025e-07	4.085805422708958107e-02	1.147790886461734772e-01	1.162176514044404030e-01
1.220703125000000025e-07	4.261948684631269163e-02	1.150518348440527916e-01	1.166398366913199425e-01
1.220703125000000025e-07	4.117822861652585542e-02	1.148983314633369446e-01	1.167044108733534813e-01
6.103515625000000127e-08	4.083023104769519657e-02	1.146219084039330482e-01	1.172755705192685127e-01
6.103515625000000127e-08	3.992124642186527239e-02	1.152039701119065285e-01	1.170761128887534142e-01
6.103515625000000127e-08	4.156152557440196543e-02	1.145865544676780701e-01	1.165878688916563988e-01
6.103515625000000127e-08	4.139849781707118093e-02	1.139716273173689842e-01	1.163377780467271805e-01
6.103515625000000127e-08	4.341632724279844563e-02	1.144757978618144989e-01	1.169820372015237808e-01
6.103515625000000127e-08	4.195378029931195324e-02	1.150433300063014030e-01	1.165988277643918991e-01
6.103515625000000127e-08	4.213681680303585364e-02	1.148979915305972099e-01	1.173541620373725891e-01
6.103515625000000127e-08	4.204415261179585833e-02	1.151620103046298027e-01	1.164556881412863731e-01
6.103515625000000127e-08	4.265643312018128908e-02	1.158080492168664932e-01	1.180071262642741203e-01
6.103515625000000127e-08	4.187302725224555100e-02	1.140371123328804970e-01	1.164381597191095352e-01
6.103515625000000127e-08	3.992880762943738782e-02	1.142691913992166519e-01	1.160794040188193321e-01
6.103515625000000127e-08	4.014306043899511928e-02	1.146280569955706596e-01	1.162302326411008835e-01
6.103515625000000127e-08	4.162884020258354051e-02	1.154182208701968193e-01	1.174632599577307701e-01
6.103515625000000127e-08	4.200245293823978709e-02	1.138783264905214310e-01	1.158823436126112938e-01
6.103515625000000127e-08	4.211137693705437751e-02	1.154079297557473183e-01	1.172199230641126633e-01
6.103515625000000127e-08	4.090947780428053765e-02	1.141268527135252953e-01	1.161982631310820580e-01
6.103515625000000127e-08	4.110269413530072413e-02	1.146233119070529938e-01	1.168150119483470917e-01
6.103515625000000127e-08	4.087259431805791848e-02	1.149739846587181091e-01	1.168363932520151138e-01
6.103515625000000127e-08	4.167439731993252683e-02	1.157602164894342422e-01	1.170252803713083267e-01
6.103515625000000127e-08	4.155281245048287470e-02	1.152048511430621147e-01	1.172440135851502419e-01
6.103515625000000127e-08	4.130728540446939462e-02	1.142088593915104866e-01	1.158581925556063652e-01
3.051757812500000064e-08	4.149005510195900859e-02	1.148029118776321411e-01	1.169577166438102722e-01
3.051757812500000064e-08	4.241613991841484965e-02	1.146065881475806236e-01	1.161188231781125069e-01
3.051757812500000064e-08	4.149938447848905421e-02	1.139832604676485062e-01	1.159589029848575592e-01
3.051757812500000064e-08	4.215665378525287194e-02	1.145209427922964096e-01	1.165360203012824059e-01
3.051757812500000064e-08	4.190831320195258225e-02	1.145070176571607590e-01	1.162973660975694656e-01
3.051757812500000064e-08	4.175298602049109381e-02	1.145805474370718002e-01	1.164466002956032753e-01
3.051757812500000064e-08	4.072690045437480505e-02	1.141896210610866547e-01	1.164651047438383102e-01
3.051757812500000064e-08	4.245297893693175673e-02	1.142119085416197777e-01	1.160931820049881935e-01
3.051757812500000064e-08	4.193670976954170376e-02	1.150672473013401031e-01	1.162079367786645889e-01
3.051757812500000064e-08	4.068155334437194987e-02	1.144080199301242828e-01	1.168771330267190933e-01
3.051757812500000064e-08	4.140207921213741316e-02	1.145377904176712036e-01	1.160094449296593666e-01
3.051757812500000064e-08	4.147342311902136452e-02	1.151825124397873878e-01	1.170376623049378395e-01
3.051757812500000064e-08	4.215664237360410710e-02	1.157009284943342209e-01	1.171778803691267967e-01
3.051757812500000064e-08	4.220755992433692511e-02	1.151921087875962257e-01	1.171835102140903473e-01
3.051757812500000064e-08	4.136660350840302980e-02	1.142885545268654823e-01	1.164072966203093529e-01
3.051757812500000064e-08	4.121267670600474442e-02	1.143386708572506905e-01	1.164320595562458038e-01
3.051757812500000064e-08	4.161772292248810262e-02	1.142638092860579491e-01	1.161352694034576416e-01
3.051757812500000064e-08	4.113384649817702216e-02	1.153903286904096603e-01	1.174558391794562340e-01
3.051757812500000064e-08	4.142390778641912019e-02	1.142424726858735085e-01	1.165151037275791168e-01
3.051757812500000064e-08	3.973473462311527538e-02	1.149678910151124001e-01	1.160962749272584915e-01
3.051757812500000064e-08	4.169706630084333426e-02	1.147039225324988365e-01	1.158931544050574303e-01
1.525878906250000032e-08	4.195421153703068201e-02	1.145576415583491325e-01	1.163885798305273056e-01
1.525878906250000032e-08	4.130758606840537889e-02	1.146866688504815102e-01	1.162745002657175064e-01
1.525878906250000032e-08	4.186449657323994267e-02	1.146728824824094772e-01	1.166882049292325974e-01
1.525878906250000032e-08	4.361862606734414477e-02	1.153000909835100174e-01	1.163827171549201012e-01
1.525878906250000032e-08	4.388286015372487581e-02	1.143705090507864952e-01	1.164234597235918045e-01
1.525878906250000032e-08	4.135147062472150498e-02	1.152565609663724899e-01	1.170269809663295746e-01
1.525878906250000032e-08	4.111180933121638681e-02	1.153199486434459686e-01	1.170818191021680832e-01
1.525878906250000032e-08	4.107605571611017831e-02	1.139794839546084404e-01	1.163019947707653046e-01
1.525878906250000032e-08	4.159973505177075315e-02	1.143859121948480606e-01	1.164429942145943642e-01
