2.000000000000000042e-03	3.529876338530190116e-01	3.738022334873676300e-01	3.680600970983505249e-01
2.000000000000000042e-03	2.581088920182819657e-01	3.414307422935962677e-01	3.390991091728210449e-01
2.000000000000000042e-03	2.295345049115675995e-01	2.164068445563316345e-01	2.130655497312545776e-01
2.000000000000000042e-03	2.171171379240253441e-01	2.413260862231254578e-01	2.414022628217935562e-01
2.000000000000000042e-03	2.108990372736242735e-01	2.130399625748395920e-01	2.105033211410045624e-01
2.000000000000000042e-03	2.095006110170219427e-01	2.316441982984542847e-01	2.356288302689790726e-01
2.000000000000000042e-03	2.079309772087048758e-01	2.160489894449710846e-01	2.134356684982776642e-01
2.000000000000000042e-03	1.935155399238006890e-01	1.748931687325239182e-01	1.761489380151033401e-01
2.000000000000000042e-03	1.892451653374901399e-01	1.844143960624933243e-01	1.838830299675464630e-01
2.000000000000000042e-03	1.837181109416334002e-01	1.753061544150114059e-01	1.757637206465005875e-01
2.000000000000000042e-03	1.833164708901055262e-01	1.717439629137516022e-01	1.726487763226032257e-01
2.000000000000000042e-03	1.782933094456226053e-01	1.745002940297126770e-01	1.784277595579624176e-01
2.000000000000000042e-03	1.798251955946789382e-01	1.783369313925504684e-01	1.840030997991561890e-01
2.000000000000000042e-03	1.745980898790721603e-01	1.931217275559902191e-01	1.874075811356306076e-01
2.000000000000000042e-03	1.717964827637129266e-01	1.550117153674364090e-01	1.593858413398265839e-01
2.000000000000000042e-03	1.671488275633582488e-01	1.553175207227468491e-01	1.575475484132766724e-01
2.000000000000000042e-03	1.691010881073867211e-01	1.724502742290496826e-01	1.729591879993677139e-01
2.000000000000000042e-03	1.655853932039647036e-01	1.641284916549921036e-01	1.642368175089359283e-01
2.000000000000000042e-03	1.649734643818456803e-01	1.988897640258073807e-01	2.078585699200630188e-01
2.000000000000000042e-03	1.666941669168351681e-01	1.629422549158334732e-01	1.655765529721975327e-01
2.000000000000000042e-03	1.621978812957111660e-01	1.503712274134159088e-01	1.525550633668899536e-01
2.000000000000000042e-03	1.538424267421794889e-01	1.589187271893024445e-01	1.623837109655141830e-01
2.000000000000000042e-03	1.565332193917866044e-01	1.508333478122949600e-01	1.528912093490362167e-01
2.000000000000000042e-03	1.549055564064013846e-01	1.603979989886283875e-01	1.602620054036378860e-01
2.000000000000000042e-03	1.570222756907909689e-01	1.659279409795999527e-01	1.669245027005672455e-01
2.000000000000000042e-03	1.531269837029372582e-01	1.573400534689426422e-01	1.584245488047599792e-01
2.000000000000000042e-03	1.540299397480638655e-01	1.658034604042768478e-01	1.685313712805509567e-01
2.000000000000000042e-03	1.517842112085487360e-01	1.457051802426576614e-01	1.486647408455610275e-01
2.000000000000000042e-03	1.469063549479351638e-01	1.488051339983940125e-01	1.494007240980863571e-01
2.000000000000000042e-03	1.467997991963277959e-01	1.405865475535392761e-01	1.426823772490024567e-01
2.000000000000000042e-03	1.468433525554741492e-01	1.355556016787886620e-01	1.388293718919157982e-01
2.000000000000000042e-03	1.466541434579257674e-01	1.344525236636400223e-01	1.365959569811820984e-01
2.000000000000000042e-03	1.458201666798772667e-01	1.389811225235462189e-01	1.403786763548851013e-01
2.000000000000000042e-03	1.410623414418365473e-01	1.459753438830375671e-01	1.468173302710056305e-01
2.000000000000000042e-03	1.412386715978006801e-01	1.542546879500150681e-01	1.571290772408246994e-01
2.000000000000000042e-03	1.388668464143064940e-01	1.811949647963047028e-01	1.806829757988452911e-01
2.000000000000000042e-03	1.415000179711776440e-01	1.499597858637571335e-01	1.493735723197460175e-01
2.000000000000000042e-03	1.428572567580621566e-01	1.371350586414337158e-01	1.383392754942178726e-01
2.000000000000000042e-03	1.368116702460035472e-01	1.402988042682409286e-01	1.409238260239362717e-01
2.000000000000000042e-03	1.403574604965463490e-01	1.438374109566211700e-01	1.457956191152334213e-01
2.000000000000000042e-03	1.355083435773849487e-01	1.478541269898414612e-01	1.502532139420509338e-01
2.000000000000000042e-03	1.375197456041468980e-01	1.411092113703489304e-01	1.430004891008138657e-01
2.000000000000000042e-03	1.373908614999131417e-01	1.315068993717432022e-01	1.310323430225253105e-01
2.000000000000000042e-03	1.326945790950256054e-01	1.369739957153797150e-01	1.377826519310474396e-01
2.000000000000000042e-03	1.347267298570162253e-01	1.441640332341194153e-01	1.426495742052793503e-01
2.000000000000000042e-03	1.343162257837343943e-01	1.408777106553316116e-01	1.406761780381202698e-01
2.000000000000000042e-03	1.317336989354483678e-01	1.478786934167146683e-01	1.464480254799127579e-01
2.000000000000000042e-03	1.381939846692205875e-01	1.339716538786888123e-01	1.340588312596082687e-01
2.000000000000000042e-03	1.301104058570499711e-01	1.366073675453662872e-01	1.362248761579394341e-01
2.000000000000000042e-03	1.273829748358907554e-01	1.374094504863023758e-01	1.395426820963621140e-01
2.000000000000000042e-03	1.266206144532070754e-01	1.561619937419891357e-01	1.569543611258268356e-01
2.000000000000000042e-03	1.286641248985181951e-01	1.471540499478578568e-01	1.479848623275756836e-01
2.000000000000000042e-03	1.308332811805266449e-01	1.442191638052463531e-01	1.451176945120096207e-01
2.000000000000000042e-03	1.272765204687661689e-01	1.401613652706146240e-01	1.383685488253831863e-01
2.000000000000000042e-03	1.243149271305603321e-01	1.398504488170146942e-01	1.410456951707601547e-01
2.000000000000000042e-03	1.284400139805636776e-01	1.308932723477482796e-01	1.313002500683069229e-01
2.000000000000000042e-03	1.240686933639683354e-01	1.378726689144968987e-01	1.402666363865137100e-01
2.000000000000000042e-03	1.249104978728897974e-01	1.303419563919305801e-01	1.299379812553524971e-01
2.000000000000000042e-03	1.253699837606164491e-01	1.404145201668143272e-01	1.379537824541330338e-01
2.000000000000000042e-03	1.219252956253063791e-01	1.386486869305372238e-01	1.375958705320954323e-01
2.000000000000000042e-03	1.233874813099450768e-01	1.328822122886776924e-01	1.303108651190996170e-01
2.000000000000000042e-03	1.197683501847182641e-01	1.470444370061159134e-01	1.453763786703348160e-01
2.000000000000000042e-03	1.216393056549603391e-01	1.274323705583810806e-01	1.264646649360656738e-01
2.000000000000000042e-03	1.237883972404878324e-01	1.377199254930019379e-01	1.358216721564531326e-01
2.000000000000000042e-03	1.209249135248268714e-01	1.361754592508077621e-01	1.377631910145282745e-01
2.000000000000000042e-03	1.224179115099243015e-01	1.398898176848888397e-01	1.417670566588640213e-01
2.000000000000000042e-03	1.228375851730757057e-01	1.297882450744509697e-01	1.325085395947098732e-01
2.000000000000000042e-03	1.196125060131278256e-01	1.293425392359495163e-01	1.305595776066184044e-01
2.000000000000000042e-03	1.178806128947040704e-01	1.323021501302719116e-01	1.329846782609820366e-01
2.000000000000000042e-03	1.184130102584633609e-01	1.357077648863196373e-01	1.331749502569437027e-01
2.000000000000000042e-03	1.154719771275037471e-01	1.381007246673107147e-01	1.372806616127490997e-01
2.000000000000000042e-03	1.105172067314763584e-01	1.280782334506511688e-01	1.295107100158929825e-01
2.000000000000000042e-03	1.124962515468838908e-01	1.267411708831787109e-01	1.272475477308034897e-01
2.000000000000000042e-03	1.110907833598837047e-01	1.297748340293765068e-01	1.293624956160783768e-01
2.000000000000000042e-03	1.108266847986209280e-01	1.410603579133749008e-01	1.397417131811380386e-01
2.000000000000000042e-03	1.141518922168997252e-01	1.310899723321199417e-01	1.292023295536637306e-01
2.000000000000000042e-03	1.123362706054615023e-01	1.361451130360364914e-01	1.328048044815659523e-01
2.000000000000000042e-03	1.098333053951021931e-01	1.343883853405714035e-01	1.338264271616935730e-01
2.000000000000000042e-03	1.133157966446272924e-01	1.269056685268878937e-01	1.275628106668591499e-01
2.000000000000000042e-03	1.081073610465737855e-01	1.470579709857702255e-01	1.462396550923585892e-01
2.000000000000000042e-03	1.104791064428377739e-01	1.277594007551670074e-01	1.255883881822228432e-01
2.000000000000000042e-03	1.097657744643054378e-01	1.397837884724140167e-01	1.403490770608186722e-01
2.000000000000000042e-03	1.068971749347976535e-01	1.412032078951597214e-01	1.416477765887975693e-01
2.000000000000000042e-03	1.070961470279512551e-01	1.460480764508247375e-01	1.448621507734060287e-01
2.000000000000000042e-03	1.050006973592540888e-01	1.313100513070821762e-01	1.313273385167121887e-01
2.000000000000000042e-03	1.075862132107155283e-01	1.289043966680765152e-01	1.315359082072973251e-01
2.000000000000000042e-03	1.050383248661137803e-01	1.314486889168620110e-01	1.303293323144316673e-01
2.000000000000000042e-03	1.052514257121689722e-01	1.305749947205185890e-01	1.295619104057550430e-01
2.000000000000000042e-03	1.028669043620930451e-01	1.529461089521646500e-01	1.517040096223354340e-01
2.000000000000000042e-03	1.019132934227774401e-01	1.266011958941817284e-01	1.268585845828056335e-01
2.000000000000000042e-03	1.053910579862473856e-01	1.323474505916237831e-01	1.301447842270135880e-01
2.000000000000000042e-03	1.042391687065740147e-01	1.291087940335273743e-01	1.289412369951605797e-01
2.000000000000000042e-03	1.018682842767691249e-01	1.430217958986759186e-01	1.411531250923871994e-01
2.000000000000000042e-03	9.957053267125841323e-02	1.302391598001122475e-01	1.292801536619663239e-01
2.000000000000000042e-03	9.966321666783924116e-02	1.261927997693419456e-01	1.254703346639871597e-01
2.000000000000000042e-03	9.678486979837659654e-02	1.320938020944595337e-01	1.315152561292052269e-01
2.000000000000000042e-03	9.858971702147133198e-02	1.350204758346080780e-01	1.338512338697910309e-01
2.000000000000000042e-03	9.678816333224501967e-02	1.397870918735861778e-01	1.411025058478116989e-01
2.000000000000000042e-03	1.015756562163558224e-01	1.320780217647552490e-01	1.319351922720670700e-01
2.000000000000000042e-03	1.000848827482778841e-01	1.272776480764150620e-01	1.270745443180203438e-01
2.000000000000000042e-03	9.780116945127897976e-02	1.360605396330356598e-01	1.348153576254844666e-01
2.000000000000000042e-03	9.739770702546156345e-02	1.290032621473073959e-01	1.286417702212929726e-01
2.000000000000000042e-03	9.138994098086899998e-02	1.353335399180650711e-01	1.337921489030122757e-01
2.000000000000000042e-03	9.620060809428178372e-02	1.291545890271663666e-01	1.280110916122794151e-01
2.000000000000000042e-03	9.636916399379319431e-02	1.284340722486376762e-01	1.279542455449700356e-01
2.000000000000000042e-03	9.747376755068573595e-02	1.253410819917917252e-01	1.250445265322923660e-01
2.000000000000000042e-03	9.382607391740702130e-02	1.400529462844133377e-01	1.387687996029853821e-01
2.000000000000000042e-03	9.255894829955281511e-02	1.387772131711244583e-01	1.418271716684103012e-01
2.000000000000000042e-03	9.238377713327165786e-02	1.270177299156785011e-01	1.274513173848390579e-01
2.000000000000000042e-03	9.337364005137092915e-02	1.266357358545064926e-01	1.252859309315681458e-01
2.000000000000000042e-03	9.358780425560625504e-02	1.316582895815372467e-01	1.309314323589205742e-01
2.000000000000000042e-03	9.624765511555007091e-02	1.240759007632732391e-01	1.268299054354429245e-01
2.000000000000000042e-03	9.094070963844468058e-02	1.270579630509018898e-01	1.243720175698399544e-01
2.000000000000000042e-03	9.279429940860482728e-02	1.263067023828625679e-01	1.234160102903842926e-01
2.000000000000000042e-03	9.057489216704911472e-02	1.269612964242696762e-01	1.253860685974359512e-01
2.000000000000000042e-03	9.084774082220054003e-02	1.262101083993911743e-01	1.245046220719814301e-01
2.000000000000000042e-03	8.740967955393126598e-02	1.298370966687798500e-01	1.285349261015653610e-01
2.000000000000000042e-03	8.928995513463322542e-02	1.232983414083719254e-01	1.202863743528723717e-01
2.000000000000000042e-03	8.731162397167351041e-02	1.225564507767558098e-01	1.201445637270808220e-01
2.000000000000000042e-03	8.840990566377397719e-02	1.286490643396973610e-01	1.288169436156749725e-01
2.000000000000000042e-03	8.614490002016478298e-02	1.249773483723402023e-01	1.234642779454588890e-01
2.000000000000000042e-03	8.604529349109794889e-02	1.238952372223138809e-01	1.216248823329806328e-01
2.000000000000000042e-03	8.456823644758779124e-02	1.277636857703328133e-01	1.283162441104650497e-01
2.000000000000000042e-03	8.789760892904258105e-02	1.261078072711825371e-01	1.237427778542041779e-01
2.000000000000000042e-03	8.725895779796793983e-02	1.225107861682772636e-01	1.234594332054257393e-01
2.000000000000000042e-03	8.805658649417417994e-02	1.288362657651305199e-01	1.269187284633517265e-01
2.000000000000000042e-03	8.584630112104778277e-02	1.271444959565997124e-01	1.230770805850625038e-01
2.000000000000000042e-03	8.422270294608949492e-02	1.341587826609611511e-01	1.319652441889047623e-01
2.000000000000000042e-03	8.448682998931861254e-02	1.232072394341230392e-01	1.200824081897735596e-01
2.000000000000000042e-03	8.525027636485764393e-02	1.277318624779582024e-01	1.272751791402697563e-01
2.000000000000000042e-03	8.308470626420612348e-02	1.229711305350065231e-01	1.204941757023334503e-01
2.000000000000000042e-03	8.274934497437899661e-02	1.322041079401969910e-01	1.307362131774425507e-01
2.000000000000000042e-03	8.221188017839117790e-02	1.214680951088666916e-01	1.208365755155682564e-01
2.000000000000000042e-03	8.176109751191319719e-02	1.262654988095164299e-01	1.248392080888152122e-01
2.000000000000000042e-03	8.396732778866079772e-02	1.315319752320647240e-01	1.313214376568794250e-01
2.000000000000000042e-03	8.166090134955659996e-02	1.264435881748795509e-01	1.248668441548943520e-01
2.000000000000000042e-03	8.097901119838786521e-02	1.334758317098021507e-01	1.291499249637126923e-01
2.000000000000000042e-03	8.338487148284912109e-02	1.279047708958387375e-01	1.285411240532994270e-01
2.000000000000000042e-03	8.074664399970936379e-02	1.236982168629765511e-01	1.229673512279987335e-01
2.000000000000000042e-03	7.801003093960919010e-02	1.265914235264062881e-01	1.261283950880169868e-01
2.000000000000000042e-03	8.014898214347754291e-02	1.304672798141837120e-01	1.288967775180935860e-01
2.000000000000000042e-03	8.398411781350269278e-02	1.207095300778746605e-01	1.210821317508816719e-01
2.000000000000000042e-03	8.128060419348222265e-02	1.218595951795578003e-01	1.215658336877822876e-01
2.000000000000000042e-03	7.850039486266389976e-02	1.250411672517657280e-01	1.252884101122617722e-01
2.000000000000000042e-03	8.226989058754112516e-02	1.283198194578289986e-01	1.260057045146822929e-01
2.000000000000000042e-03	7.835849317946011472e-02	1.291325688362121582e-01	1.269406685605645180e-01
2.000000000000000042e-03	7.888439948422999726e-02	1.300707096233963966e-01	1.288102054968476295e-01
2.000000000000000042e-03	8.140876134739646885e-02	1.273978687822818756e-01	1.252458011731505394e-01
2.000000000000000042e-03	7.638020936069608857e-02	1.279052793979644775e-01	1.241066176444292068e-01
2.000000000000000042e-03	8.041598091397104964e-02	1.285177236422896385e-01	1.260679271072149277e-01
2.000000000000000042e-03	7.572846293826646091e-02	1.297196159139275551e-01	1.266691470518708229e-01
2.000000000000000042e-03	7.490418549579909435e-02	1.258162762969732285e-01	1.267900541424751282e-01
2.000000000000000042e-03	7.776794573174247716e-02	1.204060371965169907e-01	1.200802167877554893e-01
2.000000000000000042e-03	7.585001453945908190e-02	1.272504581138491631e-01	1.266109021380543709e-01
2.000000000000000042e-03	7.829431680184376074e-02	1.260806228965520859e-01	1.221613856032490730e-01
2.000000000000000042e-03	7.432104816919640755e-02	1.219264995306730270e-01	1.193468039855360985e-01
2.000000000000000042e-03	7.548349199793007169e-02	1.213479992002248764e-01	1.204651230946183205e-01
2.000000000000000042e-03	7.657732055345668754e-02	1.252851961180567741e-01	1.235012514516711235e-01
2.000000000000000042e-03	7.671817821226542544e-02	1.235609259456396103e-01	1.218282114714384079e-01
2.000000000000000042e-03	7.832781659274161423e-02	1.231237193569540977e-01	1.208833744749426842e-01
2.000000000000000042e-03	7.794116145070595358e-02	1.227026069536805153e-01	1.203655190765857697e-01
2.000000000000000042e-03	7.259460335856751656e-02	1.325002526864409447e-01	1.305734878405928612e-01
2.000000000000000042e-03	7.910028510267221036e-02	1.306786118075251579e-01	1.291416781023144722e-01
2.000000000000000042e-03	7.599039144719703376e-02	1.261982712894678116e-01	1.218178616836667061e-01
2.000000000000000042e-03	7.527524327175526275e-02	1.291939131915569305e-01	1.254885634407401085e-01
2.000000000000000042e-03	7.631901090469540849e-02	1.260691042989492416e-01	1.256685070693492889e-01
2.000000000000000042e-03	7.477241848843006744e-02	1.212988859042525291e-01	1.198763949796557426e-01
2.000000000000000042e-03	7.446102595216111397e-02	1.292612887918949127e-01	1.287428457289934158e-01
2.000000000000000042e-03	7.328040501739405133e-02	1.222287919372320175e-01	1.184390215203166008e-01
2.000000000000000042e-03	7.494226263105115138e-02	1.210019625723361969e-01	1.193196801468729973e-01
2.000000000000000042e-03	7.226984217008457223e-02	1.224863026291131973e-01	1.207532994449138641e-01
2.000000000000000042e-03	7.482534670565701984e-02	1.258468888700008392e-01	1.238435097038745880e-01
2.000000000000000042e-03	7.281188827149476239e-02	1.178294857963919640e-01	1.170389642938971519e-01
2.000000000000000042e-03	7.216736919517759141e-02	1.205086791887879372e-01	1.197956092655658722e-01
2.000000000000000042e-03	7.097283731910246363e-02	1.193357091397047043e-01	1.172459367662668228e-01
2.000000000000000042e-03	6.957410643749599444e-02	1.198697136715054512e-01	1.196831762790679932e-01
2.000000000000000042e-03	6.776254907061782240e-02	1.284347223117947578e-01	1.292533958330750465e-01
2.000000000000000042e-03	7.167774071044559492e-02	1.253219395875930786e-01	1.234459327533841133e-01
2.000000000000000042e-03	7.094285439086865652e-02	1.338438931852579117e-01	1.337379459291696548e-01
2.000000000000000042e-03	7.132495859567122842e-02	1.223782850429415703e-01	1.208858033642172813e-01
2.000000000000000042e-03	7.136082399306417634e-02	1.247816691175103188e-01	1.241150526329874992e-01
2.000000000000000042e-03	6.951658356981942066e-02	1.234393417835235596e-01	1.199821401387453079e-01
2.000000000000000042e-03	7.137885581277593483e-02	1.214082343503832817e-01	1.207670085132122040e-01
2.000000000000000042e-03	7.237065927703169310e-02	1.211199089884757996e-01	1.184082776308059692e-01
2.000000000000000042e-03	6.941223531206951181e-02	1.308783181011676788e-01	1.293919961899518967e-01
2.000000000000000042e-03	6.839672254422042574e-02	1.267617633566260338e-01	1.250698370859026909e-01
2.000000000000000042e-03	6.867544253981566760e-02	1.270024087280035019e-01	1.257367767393589020e-01
2.000000000000000042e-03	6.867096780598917760e-02	1.258535347878932953e-01	1.242978880181908607e-01
2.000000000000000042e-03	6.898123318258719827e-02	1.240212107077240944e-01	1.234689839184284210e-01
2.000000000000000042e-03	6.924322756785381006e-02	1.227595815435051918e-01	1.211944762617349625e-01
2.000000000000000042e-03	6.746570077500765872e-02	1.180274784564971924e-01	1.179917808622121811e-01
2.000000000000000042e-03	6.933238112096544448e-02	1.257109371945261955e-01	1.227912539616227150e-01
2.000000000000000042e-03	6.944356707832481657e-02	1.256893808022141457e-01	1.263713901862502098e-01
2.000000000000000042e-03	6.453274166848085858e-02	1.253872709348797798e-01	1.245567370206117630e-01
1.000000000000000021e-03	5.811838843399965565e-02	1.156326001510024071e-01	1.133431959897279739e-01
1.000000000000000021e-03	5.425806018181993789e-02	1.138259647414088249e-01	1.115339109674096107e-01
1.000000000000000021e-03	5.530701643681224661e-02	1.207466879859566689e-01	1.174450758844614029e-01
1.000000000000000021e-03	5.530250034754789074e-02	1.177297439426183701e-01	1.150996787473559380e-01
1.000000000000000021e-03	5.348460286667075514e-02	1.159176798537373543e-01	1.118629546836018562e-01
1.000000000000000021e-03	5.320935026754306657e-02	1.227023648098111153e-01	1.192137412726879120e-01
1.000000000000000021e-03	5.361103469246550346e-02	1.160213341936469078e-01	1.117797102779150009e-01
1.000000000000000021e-03	5.212575022744227182e-02	1.140589062124490738e-01	1.115192892029881477e-01
1.000000000000000021e-03	5.209750036084199315e-02	1.160581894218921661e-01	1.141055794432759285e-01
1.000000000000000021e-03	5.429952544502065354e-02	1.145303053781390190e-01	1.125445263460278511e-01
1.000000000000000021e-03	5.435340790243088638e-02	1.150969807058572769e-01	1.138761518523097038e-01
1.000000000000000021e-03	5.410467088222503662e-02	1.205245507881045341e-01	1.188074639067053795e-01
1.000000000000000021e-03	5.181739036040969998e-02	1.159066241234540939e-01	1.134752137586474419e-01
1.000000000000000021e-03	5.027321452581429845e-02	1.145006502047181129e-01	1.125602796673774719e-01
1.000000000000000021e-03	5.193470531626592779e-02	1.164781954139471054e-01	1.137864617630839348e-01
1.000000000000000021e-03	4.932015162857272816e-02	1.146916365250945091e-01	1.123395245522260666e-01
1.000000000000000021e-03	5.351351022343091984e-02	1.154014905914664268e-01	1.121735544875264168e-01
1.000000000000000021e-03	5.274639759637132774e-02	1.160327587276697159e-01	1.139437304809689522e-01
1.000000000000000021e-03	5.067494865271109789e-02	1.143985437229275703e-01	1.126378988847136497e-01
1.000000000000000021e-03	5.234825097118751824e-02	1.170665174722671509e-01	1.141382679343223572e-01
1.000000000000000021e-03	5.277478624182411343e-02	1.150876227766275406e-01	1.129702264443039894e-01
1.000000000000000021e-03	5.252974966092954778e-02	1.145619694143533707e-01	1.110061416402459145e-01
1.000000000000000021e-03	5.012591239772265506e-02	1.157537130638957024e-01	1.140646878629922867e-01
5.000000000000000104e-04	4.736603056139583601e-02	1.144761610776185989e-01	1.120945503935217857e-01
5.000000000000000104e-04	4.604497740540323264e-02	1.129828076809644699e-01	1.100520230829715729e-01
5.000000000000000104e-04	4.512361083415489943e-02	1.129506323486566544e-01	1.094533056020736694e-01
5.000000000000000104e-04	4.578233948802646475e-02	1.151302373036742210e-01	1.124419886618852615e-01
5.000000000000000104e-04	4.313486451400986438e-02	1.122557083144783974e-01	1.101094586774706841e-01
5.000000000000000104e-04	4.430377945492539049e-02	1.128874700516462326e-01	1.099038245156407356e-01
5.000000000000000104e-04	4.338855484995660788e-02	1.124262958765029907e-01	1.090562846511602402e-01
5.000000000000000104e-04	4.328106758715231234e-02	1.120764706283807755e-01	1.097373049706220627e-01
5.000000000000000104e-04	4.323813602139678358e-02	1.128866178914904594e-01	1.096458416432142258e-01
5.000000000000000104e-04	4.399839958435372567e-02	1.122269704937934875e-01	1.098225992172956467e-01
5.000000000000000104e-04	4.302787997677356285e-02	1.130779189988970757e-01	1.110891159623861313e-01
5.000000000000000104e-04	4.391706550988969809e-02	1.150581035763025284e-01	1.124547198414802551e-01
5.000000000000000104e-04	4.238362732944609551e-02	1.129603013396263123e-01	1.104297945275902748e-01
5.000000000000000104e-04	4.305431128868573987e-02	1.135264970362186432e-01	1.108422940596938133e-01
5.000000000000000104e-04	4.255781393451026767e-02	1.155128711834549904e-01	1.128134457394480705e-01
5.000000000000000104e-04	4.343855909154385048e-02	1.135274637490510941e-01	1.114543145522475243e-01
5.000000000000000104e-04	4.118493456346324771e-02	1.129546947777271271e-01	1.106602167710661888e-01
5.000000000000000104e-04	4.165460961528971023e-02	1.119625912979245186e-01	1.097024530172348022e-01
5.000000000000000104e-04	4.311502842774873889e-02	1.115822354331612587e-01	1.097084861248731613e-01
5.000000000000000104e-04	4.281250137505652337e-02	1.116657759994268417e-01	1.092465762048959732e-01
5.000000000000000104e-04	4.176552395654629934e-02	1.124702738597989082e-01	1.096641644835472107e-01
5.000000000000000104e-04	4.208723054845121825e-02	1.125259697437286377e-01	1.103156134486198425e-01
5.000000000000000104e-04	4.231771246730527125e-02	1.125051733106374741e-01	1.103068394586443901e-01
5.000000000000000104e-04	4.191501778137834977e-02	1.132026584818959236e-01	1.105958260595798492e-01
5.000000000000000104e-04	4.229943364670005201e-02	1.133748088032007217e-01	1.114608282223343849e-01
5.000000000000000104e-04	4.197416072593459363e-02	1.132085015997290611e-01	1.103614047169685364e-01
5.000000000000000104e-04	4.343576021964037220e-02	1.126384297385811806e-01	1.104690749198198318e-01
5.000000000000000104e-04	4.236691572432276648e-02	1.135467104613780975e-01	1.111128358170390129e-01
5.000000000000000104e-04	4.098106477456756741e-02	1.119641559198498726e-01	1.092970725148916245e-01
5.000000000000000104e-04	4.242197450108920603e-02	1.138412235304713249e-01	1.107611646875739098e-01
5.000000000000000104e-04	4.229591801008091706e-02	1.140457605943083763e-01	1.117181619629263878e-01
5.000000000000000104e-04	4.380006220521805854e-02	1.134514408186078072e-01	1.107366625219583511e-01
5.000000000000000104e-04	4.080251592529725302e-02	1.122159222140908241e-01	1.102874223142862320e-01
5.000000000000000104e-04	4.147204459656642778e-02	1.142278462648391724e-01	1.117642456665635109e-01
5.000000000000000104e-04	4.230298514513275432e-02	1.148768244311213493e-01	1.113427942618727684e-01
5.000000000000000104e-04	4.125479964798764443e-02	1.130140246823430061e-01	1.096465485170483589e-01
5.000000000000000104e-04	4.014146731152564568e-02	1.124080670997500420e-01	1.098099928349256516e-01
5.000000000000000104e-04	4.125602123669431381e-02	1.153827756643295288e-01	1.127451919019222260e-01
5.000000000000000104e-04	4.068068108415302114e-02	1.126276981085538864e-01	1.105611203238368034e-01
5.000000000000000104e-04	4.108795966905883640e-02	1.141818398609757423e-01	1.113575473427772522e-01
2.500000000000000052e-04	3.944369398434705715e-02	1.124910367652773857e-01	1.103412685915827751e-01
2.500000000000000052e-04	3.872202468823782856e-02	1.117953816428780556e-01	1.094556441530585289e-01
2.500000000000000052e-04	3.825429996734933114e-02	1.115863667801022530e-01	1.098043750971555710e-01
2.500000000000000052e-04	3.751796964980379234e-02	1.116856634616851807e-01	1.092492062598466873e-01
2.500000000000000052e-04	3.798070599478256537e-02	1.125883664935827255e-01	1.096236389130353928e-01
2.500000000000000052e-04	3.655472256337539971e-02	1.120658162981271744e-01	1.093515818938612938e-01
2.500000000000000052e-04	3.878785728748086054e-02	1.129836272448301315e-01	1.105333901941776276e-01
2.500000000000000052e-04	3.851658957008319284e-02	1.111493296921253204e-01	1.088683847337961197e-01
2.500000000000000052e-04	3.765462871782387227e-02	1.114434450864791870e-01	1.088623283430933952e-01
2.500000000000000052e-04	3.725563654605346109e-02	1.113470951095223427e-01	1.092544514685869217e-01
2.500000000000000052e-04	3.728855670064310651e-02	1.121036317199468613e-01	1.091045923531055450e-01
2.500000000000000052e-04	3.778158670550660347e-02	1.113607781007885933e-01	1.090580252930521965e-01
2.500000000000000052e-04	3.608343663000607854e-02	1.129432991147041321e-01	1.094562746584415436e-01
2.500000000000000052e-04	3.553641634651377029e-02	1.115939784795045853e-01	1.085919048637151718e-01
2.500000000000000052e-04	3.708310948708389704e-02	1.118978252634406090e-01	1.091448599472641945e-01
2.500000000000000052e-04	3.722613326073447026e-02	1.122843213379383087e-01	1.088030384853482246e-01
2.500000000000000052e-04	3.743192437989047855e-02	1.136789191514253616e-01	1.102134240791201591e-01
2.500000000000000052e-04	3.755941748902012767e-02	1.121354047209024429e-01	1.088966690003871918e-01
2.500000000000000052e-04	3.614627077138122396e-02	1.118163894861936569e-01	1.089023659005761147e-01
2.500000000000000052e-04	3.587707011854347067e-02	1.123060332611203194e-01	1.093996437266469002e-01
2.500000000000000052e-04	3.793154951609388481e-02	1.126897232607007027e-01	1.089129028841853142e-01
2.500000000000000052e-04	3.559594912619530593e-02	1.121511384844779968e-01	1.090754168108105659e-01
2.500000000000000052e-04	3.565503515397445977e-02	1.119248270988464355e-01	1.089487336575984955e-01
2.500000000000000052e-04	3.703644921225082709e-02	1.128803193569183350e-01	1.100122584030032158e-01
2.500000000000000052e-04	3.588797548149205707e-02	1.115872804075479507e-01	1.086789304390549660e-01
2.500000000000000052e-04	3.861418274478822105e-02	1.119753047823905945e-01	1.096530463546514511e-01
2.500000000000000052e-04	3.589838997849935376e-02	1.119031272828578949e-01	1.088352575898170471e-01
2.500000000000000052e-04	3.635866996608203006e-02	1.121891411021351814e-01	1.098591964691877365e-01
2.500000000000000052e-04	3.753752275546894807e-02	1.126899346709251404e-01	1.093087065964937210e-01
1.250000000000000026e-04	3.495690339728246832e-02	1.117540160194039345e-01	1.087816264480352402e-01
1.250000000000000026e-04	3.553421998137160087e-02	1.126132952049374580e-01	1.099535664543509483e-01
1.250000000000000026e-04	3.482651326192330588e-02	1.126207401975989342e-01	1.086573339998722076e-01
1.250000000000000026e-04	3.510922070922730537e-02	1.113138832151889801e-01	1.089629027992486954e-01
1.250000000000000026e-04	3.543023748582677102e-02	1.114169433712959290e-01	1.088401423767209053e-01
1.250000000000000026e-04	3.519427252909804876e-02	1.120526734739542007e-01	1.091113844886422157e-01
1.250000000000000026e-04	3.379645354196995216e-02	1.118846097961068153e-01	1.089646741747856140e-01
1.250000000000000026e-04	3.409746489664421815e-02	1.117192069068551064e-01	1.082306466996669769e-01
1.250000000000000026e-04	3.523583971907066209e-02	1.126558473333716393e-01	1.099053435027599335e-01
1.250000000000000026e-04	3.544915255300606222e-02	1.123146899044513702e-01	1.083699483424425125e-01
1.250000000000000026e-04	3.312586045152024483e-02	1.123723443597555161e-01	1.090158317238092422e-01
1.250000000000000026e-04	3.482055249093454069e-02	1.122912084683775902e-01	1.095849880948662758e-01
1.250000000000000026e-04	3.356677121659622925e-02	1.123548252508044243e-01	1.086822636425495148e-01
1.250000000000000026e-04	3.402754937923407191e-02	1.113735400140285492e-01	1.088926428928971291e-01
1.250000000000000026e-04	3.479475980695290183e-02	1.122423354536294937e-01	1.085940785706043243e-01
1.250000000000000026e-04	3.600435340894928699e-02	1.124364593997597694e-01	1.087800571694970131e-01
1.250000000000000026e-04	3.570262297893626868e-02	1.118447519838809967e-01	1.084676207974553108e-01
1.250000000000000026e-04	3.579332134863243836e-02	1.117444904521107674e-01	1.093473806977272034e-01
1.250000000000000026e-04	3.747083699401421164e-02	1.121620805934071541e-01	1.105646500363945961e-01
1.250000000000000026e-04	3.469276796036128985e-02	1.128060463815927505e-01	1.096789380535483360e-01
1.250000000000000026e-04	3.422735923830466653e-02	1.113612707704305649e-01	1.090900748968124390e-01
6.250000000000000130e-05	3.345658380208136468e-02	1.123086055740714073e-01	1.090262606739997864e-01
6.250000000000000130e-05	3.348099683187430453e-02	1.113947331905364990e-01	1.083704195916652679e-01
6.250000000000000130e-05	3.339612894231760304e-02	1.122575616464018822e-01	1.093081226572394371e-01
6.250000000000000130e-05	3.308861773413947910e-02	1.123800575733184814e-01	1.083155302330851555e-01
6.250000000000000130e-05	3.485429584036899703e-02	1.112894583493471146e-01	1.083800606429576874e-01
6.250000000000000130e-05	3.350267882305610345e-02	1.123355897143483162e-01	1.089897640049457550e-01
6.250000000000000130e-05	3.478603892594198804e-02	1.124089052900671959e-01	1.095956359058618546e-01
6.250000000000000130e-05	3.335955557472343458e-02	1.117709130048751831e-01	1.081775156781077385e-01
6.250000000000000130e-05	3.363360219363924902e-02	1.114988662302494049e-01	1.085436176508665085e-01
6.250000000000000130e-05	3.314598550713514918e-02	1.114177796989679337e-01	1.085268445312976837e-01
6.250000000000000130e-05	3.271709264645093762e-02	1.117066051810979843e-01	1.086670365184545517e-01
6.250000000000000130e-05	3.223552024345609224e-02	1.114596230909228325e-01	1.086128549650311470e-01
6.250000000000000130e-05	3.397177890697612029e-02	1.120670298114418983e-01	1.089575691148638725e-01
6.250000000000000130e-05	3.278609883936145497e-02	1.114627486094832420e-01	1.089434288442134857e-01
6.250000000000000130e-05	3.296873522804507489e-02	1.118342503905296326e-01	1.087627839297056198e-01
6.250000000000000130e-05	3.290835560499867640e-02	1.119628464803099632e-01	1.087747095152735710e-01
6.250000000000000130e-05	3.351460269923451502e-02	1.117251440882682800e-01	1.084130872040987015e-01
6.250000000000000130e-05	3.378970876241786658e-02	1.118385307490825653e-01	1.093002473935484886e-01
6.250000000000000130e-05	3.314745591222485743e-02	1.124845193699002266e-01	1.097304029390215874e-01
6.250000000000000130e-05	3.272166037106815500e-02	1.113866940140724182e-01	1.083895461633801460e-01
6.250000000000000130e-05	3.200009976855561905e-02	1.124724606052041054e-01	1.093697315081954002e-01
3.125000000000000065e-05	3.141137188937090374e-02	1.120532723143696785e-01	1.084985136985778809e-01
3.125000000000000065e-05	3.415456718376165546e-02	1.116465451195836067e-01	1.087352009490132332e-01
3.125000000000000065e-05	3.208783311368543917e-02	1.118145193904638290e-01	1.083654891699552536e-01
3.125000000000000065e-05	3.320579160052009732e-02	1.113226003944873810e-01	1.089631468057632446e-01
3.125000000000000065e-05	3.201513053684294785e-02	1.117740664631128311e-01	1.085317898541688919e-01
3.125000000000000065e-05	3.380323177840136029e-02	1.117928428575396538e-01	1.096015898510813713e-01
3.125000000000000065e-05	3.266217125744759475e-02	1.127633946016430855e-01	1.102952947840094566e-01
3.125000000000000065e-05	3.240970387771914540e-02	1.118729226291179657e-01	1.082491483539342880e-01
3.125000000000000065e-05	3.214745678573469739e-02	1.114809941500425339e-01	1.085236435756087303e-01
3.125000000000000065e-05	3.308054573739631354e-02	1.121488697826862335e-01	1.084562847390770912e-01
3.125000000000000065e-05	3.304360146763958561e-02	1.127986572682857513e-01	1.098352633416652679e-01
3.125000000000000065e-05	3.206052447233018882e-02	1.116933682933449745e-01	1.088341595605015755e-01
3.125000000000000065e-05	3.253742269700086315e-02	1.115292860195040703e-01	1.088954955339431763e-01
3.125000000000000065e-05	3.271814369702640696e-02	1.113366540521383286e-01	1.082406369969248772e-01
3.125000000000000065e-05	3.207007967690123779e-02	1.118941232562065125e-01	1.080724168568849564e-01
3.125000000000000065e-05	3.280278241049639637e-02	1.116051832213997841e-01	1.082271840423345566e-01
3.125000000000000065e-05	3.170754897254932092e-02	1.118283476680517197e-01	1.079488219693303108e-01
3.125000000000000065e-05	3.299834970620613844e-02	1.123214187100529671e-01	1.088611958548426628e-01
3.125000000000000065e-05	3.278445756605154193e-02	1.119502708315849304e-01	1.093707196414470673e-01
3.125000000000000065e-05	3.256694357134873319e-02	1.114954762160778046e-01	1.080510877072811127e-01
3.125000000000000065e-05	3.272776871542387028e-02	1.118111023679375648e-01	1.088429391384124756e-01
1.562500000000000033e-05	3.124517381568498245e-02	1.116612572222948074e-01	1.090573109686374664e-01
1.562500000000000033e-05	3.143236434818068303e-02	1.117907492443919182e-01	1.090661706402897835e-01
1.562500000000000033e-05	3.141220060141780568e-02	1.114684902131557465e-01	1.085021849721670151e-01
1.562500000000000033e-05	3.178391657486746846e-02	1.116167940199375153e-01	1.087289517745375633e-01
1.562500000000000033e-05	3.211117090209375524e-02	1.113599091768264771e-01	1.083830129355192184e-01
1.562500000000000033e-05	3.234169016816193509e-02	1.112465886399149895e-01	1.086738891899585724e-01
1.562500000000000033e-05	3.148068629110915839e-02	1.116132345050573349e-01	1.082468433305621147e-01
1.562500000000000033e-05	3.190154900562159473e-02	1.120892306789755821e-01	1.093758130446076393e-01
1.562500000000000033e-05	3.153012905128394633e-02	1.131649669259786606e-01	1.094922730699181557e-01
1.562500000000000033e-05	3.323403019693833144e-02	1.122173639014363289e-01	1.090528620406985283e-01
1.562500000000000033e-05	3.229036500465266163e-02	1.110029434785246849e-01	1.086104391142725945e-01
1.562500000000000033e-05	3.170517405282847340e-02	1.116614732891321182e-01	1.082757636904716492e-01
1.562500000000000033e-05	3.276244715987881861e-02	1.118169249966740608e-01	1.091435188427567482e-01
1.562500000000000033e-05	3.170907853430585122e-02	1.115497555583715439e-01	1.086405636742711067e-01
1.562500000000000033e-05	3.223857929623579616e-02	1.119364015758037567e-01	1.089317845180630684e-01
1.562500000000000033e-05	3.153053793726088433e-02	1.117811650037765503e-01	1.085777524858713150e-01
1.562500000000000033e-05	3.199256062979185383e-02	1.122533045709133148e-01	1.091357599943876266e-01
1.562500000000000033e-05	3.180995979641057514e-02	1.116489730775356293e-01	1.085508270189166069e-01
1.562500000000000033e-05	3.392191085068485545e-02	1.142072062939405441e-01	1.107570799067616463e-01
1.562500000000000033e-05	3.281902774130996542e-02	1.119568701833486557e-01	1.085229553282260895e-01
1.562500000000000033e-05	3.347127967148642164e-02	1.117054466158151627e-01	1.084931669756770134e-01
1.562500000000000033e-05	3.204997018262555064e-02	1.116335354745388031e-01	1.084234509617090225e-01
1.562500000000000033e-05	3.298587929693203719e-02	1.114740883931517601e-01	1.091072838753461838e-01
1.562500000000000033e-05	3.162049233347554583e-02	1.115339305251836777e-01	1.090097008273005486e-01
1.562500000000000033e-05	3.200229323363002615e-02	1.115945139899849892e-01	1.085847700014710426e-01
1.562500000000000033e-05	3.308777329570884718e-02	1.124097332358360291e-01	1.093963477760553360e-01
1.562500000000000033e-05	3.123332942022552863e-02	1.115219630300998688e-01	1.083255950361490250e-01
1.562500000000000033e-05	3.144132319979275197e-02	1.120354374870657921e-01	1.085753757506608963e-01
1.562500000000000033e-05	3.156995622417594488e-02	1.127163162454962730e-01	1.094892360270023346e-01
1.562500000000000033e-05	3.240682415758507073e-02	1.119274478405714035e-01	1.092765517532825470e-01
1.562500000000000033e-05	3.101095073868202420e-02	1.118599548935890198e-01	1.085052210837602615e-01
1.562500000000000033e-05	3.247260106609591718e-02	1.117901140823960304e-01	1.084130806848406792e-01
7.812500000000000163e-06	3.213966036616246885e-02	1.117321420460939407e-01	1.087842825800180435e-01
7.812500000000000163e-06	3.286015770480602699e-02	1.117505002766847610e-01	1.090625384822487831e-01
7.812500000000000163e-06	3.327150906943067421e-02	1.116054812446236610e-01	1.087305014953017235e-01
7.812500000000000163e-06	3.239861342914496928e-02	1.116863917559385300e-01	1.086076255887746811e-01
7.812500000000000163e-06	3.261136695082429010e-02	1.134165851399302483e-01	1.096418164670467377e-01
7.812500000000000163e-06	3.334689239346528417e-02	1.125052263960242271e-01	1.099690217524766922e-01
7.812500000000000163e-06	3.273022410613071753e-02	1.119866427034139633e-01	1.088439906015992165e-01
7.812500000000000163e-06	3.254121728241443634e-02	1.117430403828620911e-01	1.086560040712356567e-01
7.812500000000000163e-06	3.112221709629402894e-02	1.120592001825571060e-01	1.086805313825607300e-01
7.812500000000000163e-06	3.197546760681309330e-02	1.121426410973072052e-01	1.099590864032506943e-01
7.812500000000000163e-06	3.318973897095722769e-02	1.121315555647015572e-01	1.096155233681201935e-01
7.812500000000000163e-06	3.135827171934556235e-02	1.128185214474797249e-01	1.097096344456076622e-01
7.812500000000000163e-06	3.130582217834418368e-02	1.113092415034770966e-01	1.088251713663339615e-01
7.812500000000000163e-06	3.262298252386382907e-02	1.111963987350463867e-01	1.089963614940643311e-01
7.812500000000000163e-06	3.163726031308686931e-02	1.117977630347013474e-01	1.083230488002300262e-01
7.812500000000000163e-06	3.290066868066787720e-02	1.121783498674631119e-01	1.096597369760274887e-01
7.812500000000000163e-06	3.148743882775306702e-02	1.119590168818831444e-01	1.088497601449489594e-01
7.812500000000000163e-06	3.126450738857818740e-02	1.112249838188290596e-01	1.083106854930520058e-01
7.812500000000000163e-06	3.246790882718714188e-02	1.121633425354957581e-01	1.089953975751996040e-01
7.812500000000000163e-06	3.264380769827698175e-02	1.115952525287866592e-01	1.091187316924333572e-01
7.812500000000000163e-06	3.237166335876984213e-02	1.116564944386482239e-01	1.086373226717114449e-01
3.906250000000000081e-06	3.203952317185039533e-02	1.113480068743228912e-01	1.084506968036293983e-01
3.906250000000000081e-06	3.211926843357991446e-02	1.114570060744881630e-01	1.083548013120889664e-01
3.906250000000000081e-06	3.191054942487161344e-02	1.121847834438085556e-01	1.087716920301318169e-01
3.906250000000000081e-06	3.320013693993604381e-02	1.124109467491507530e-01	1.087905615568161011e-01
3.906250000000000081e-06	3.257710731859448511e-02	1.116556208580732346e-01	1.092967418953776360e-01
3.906250000000000081e-06	3.243797119188157607e-02	1.113032763823866844e-01	1.085381461307406425e-01
3.906250000000000081e-06	3.258817977731740673e-02	1.116067981347441673e-01	1.087493170052766800e-01
3.906250000000000081e-06	3.222159965883327620e-02	1.119346264749765396e-01	1.085006911307573318e-01
3.906250000000000081e-06	3.094868552929993036e-02	1.120097488164901733e-01	1.087945513427257538e-01
3.906250000000000081e-06	3.228229960968977130e-02	1.128275711089372635e-01	1.091923471540212631e-01
3.906250000000000081e-06	3.188403033285956006e-02	1.120172087103128433e-01	1.087444275617599487e-01
3.906250000000000081e-06	3.172347892688799631e-02	1.116324486210942268e-01	1.085035251453518867e-01
3.906250000000000081e-06	3.280814506019218146e-02	1.123537756502628326e-01	1.096511101350188255e-01
3.906250000000000081e-06	3.083290996713728901e-02	1.112407539039850235e-01	1.088928170502185822e-01
3.906250000000000081e-06	3.179265853441969047e-02	1.118335928767919540e-01	1.090340577065944672e-01
3.906250000000000081e-06	3.253377651017677619e-02	1.115382499992847443e-01	1.087515540421009064e-01
3.906250000000000081e-06	3.182704348258579702e-02	1.119935447350144386e-01	1.089882198721170425e-01
3.906250000000000081e-06	3.218057466364359492e-02	1.117015657946467400e-01	1.084950575605034828e-01
3.906250000000000081e-06	3.272957906504220943e-02	1.127138314768671989e-01	1.091761579737067223e-01
3.906250000000000081e-06	3.119717599659026577e-02	1.114285346120595932e-01	1.090906048193573952e-01
3.906250000000000081e-06	3.136847493580625229e-02	1.114573990926146507e-01	1.088838428258895874e-01
1.953125000000000041e-06	3.348861137239993180e-02	1.114955544471740723e-01	1.088439049199223518e-01
1.953125000000000041e-06	3.226241398649879605e-02	1.121152592822909355e-01	1.092047151178121567e-01
1.953125000000000041e-06	3.269045271828204674e-02	1.128367185592651367e-01	1.091182809323072433e-01
1.953125000000000041e-06	3.227947857466679366e-02	1.118759689852595329e-01	1.086734998971223831e-01
1.953125000000000041e-06	3.322129939458792758e-02	1.117374906316399574e-01	1.088007651269435883e-01
1.953125000000000041e-06	3.182283694608301766e-02	1.113048354163765907e-01	1.081875720992684364e-01
1.953125000000000041e-06	3.455053317018701858e-02	1.125961765646934509e-01	1.100045740604400635e-01
1.953125000000000041e-06	3.377224108840845562e-02	1.122421668842434883e-01	1.090798741206526756e-01
1.953125000000000041e-06	3.091335820057724074e-02	1.124892951920628548e-01	1.088738227263092995e-01
1.953125000000000041e-06	3.144186331973045784e-02	1.116581624373793602e-01	1.093457080423831940e-01
1.953125000000000041e-06	3.236737003243422145e-02	1.122796228155493736e-01	1.085158344358205795e-01
1.953125000000000041e-06	3.252721335031563688e-02	1.121168872341513634e-01	1.095204818993806839e-01
1.953125000000000041e-06	3.203368033695069839e-02	1.119755581021308899e-01	1.085609504953026772e-01
1.953125000000000041e-06	3.241690422726582754e-02	1.115729361772537231e-01	1.091445302590727806e-01
1.953125000000000041e-06	3.112969309374501517e-02	1.120297154411673546e-01	1.087360205128788948e-01
1.953125000000000041e-06	3.251066219203079671e-02	1.117856651544570923e-01	1.086351927369832993e-01
1.953125000000000041e-06	3.183974700543699271e-02	1.116968216374516487e-01	1.088901478797197342e-01
1.953125000000000041e-06	3.142466976106920995e-02	1.120909983292222023e-01	1.088082576170563698e-01
1.953125000000000041e-06	3.201860135208956654e-02	1.114025758579373360e-01	1.088248351588845253e-01
1.953125000000000041e-06	3.248873477966725265e-02	1.118924953043460846e-01	1.092942021787166595e-01
1.953125000000000041e-06	3.307301192721234101e-02	1.116169439628720284e-01	1.091238828375935555e-01
9.765625000000000203e-07	3.136835973474044054e-02	1.114712227135896683e-01	1.083050975576043129e-01
9.765625000000000203e-07	3.305382802610910137e-02	1.123786838725209236e-01	1.097316723316907883e-01
9.765625000000000203e-07	3.141382371983195837e-02	1.123026888817548752e-01	1.096670264378190041e-01
9.765625000000000203e-07	3.209876295037662058e-02	1.120326910167932510e-01	1.097115036100149155e-01
9.765625000000000203e-07	3.413850160999388345e-02	1.127022625878453255e-01	1.096889497712254524e-01
9.765625000000000203e-07	3.142812489708767670e-02	1.124291475862264633e-01	1.091571468859910965e-01
9.765625000000000203e-07	3.237092683586893088e-02	1.118293367326259613e-01	1.090735793113708496e-01
9.765625000000000203e-07	3.243880018686191857e-02	1.116608260199427605e-01	1.084972666576504707e-01
9.765625000000000203e-07	3.245036186108106457e-02	1.120519218966364861e-01	1.084022251889109612e-01
9.765625000000000203e-07	3.231648579711401265e-02	1.115255709737539291e-01	1.084796776995062828e-01
9.765625000000000203e-07	3.194392977070204670e-02	1.111922962591052055e-01	1.085995985195040703e-01
9.765625000000000203e-07	3.122503329304200312e-02	1.116748377680778503e-01	1.086167031899094582e-01
9.765625000000000203e-07	3.200233621593517874e-02	1.118325265124440193e-01	1.088026370853185654e-01
9.765625000000000203e-07	3.152337443979480458e-02	1.120877927169203758e-01	1.086652120575308800e-01
9.765625000000000203e-07	3.159063752693466037e-02	1.121488288044929504e-01	1.097988961264491081e-01
9.765625000000000203e-07	3.168798565770251929e-02	1.118515469133853912e-01	1.083353264257311821e-01
9.765625000000000203e-07	3.120715390372125544e-02	1.115453252568840981e-01	1.087043359875679016e-01
9.765625000000000203e-07	3.339518491131595462e-02	1.120363362133502960e-01	1.095946030691266060e-01
9.765625000000000203e-07	3.156143808855286365e-02	1.120161945000290871e-01	1.086219232529401779e-01
9.765625000000000203e-07	3.226265964345841758e-02	1.119315838441252708e-01	1.091087134554982185e-01
9.765625000000000203e-07	3.170929929312271689e-02	1.114785345271229744e-01	1.085121883079409599e-01
4.882812500000000102e-07	3.096915576371210913e-02	1.129007581621408463e-01	1.088883122429251671e-01
4.882812500000000102e-07	3.182572722906553547e-02	1.115241609513759613e-01	1.079790126532316208e-01
4.882812500000000102e-07	3.111481402493730328e-02	1.119614932686090469e-01	1.091829678043723106e-01
4.882812500000000102e-07	3.237735859672479649e-02	1.116909133270382881e-01	1.091631315648555756e-01
4.882812500000000102e-07	3.200677614894848616e-02	1.118822852149605751e-01	1.083613010123372078e-01
4.882812500000000102e-07	3.397067619746999001e-02	1.122171999886631966e-01	1.086096111685037613e-01
4.882812500000000102e-07	3.254905484522445380e-02	1.121079167351126671e-01	1.097144195809960365e-01
4.882812500000000102e-07	3.234322852443290847e-02	1.116378102451562881e-01	1.089745927602052689e-01
4.882812500000000102e-07	3.217630387767206335e-02	1.121837580576539040e-01	1.083734100684523582e-01
4.882812500000000102e-07	3.223932062900519008e-02	1.117851519957184792e-01	1.094506420195102692e-01
4.882812500000000102e-07	3.210999203633658344e-02	1.117010256275534630e-01	1.092240000143647194e-01
4.882812500000000102e-07	3.261255727538579785e-02	1.118338936939835548e-01	1.089109880849719048e-01
4.882812500000000102e-07	3.219735638910456443e-02	1.116500161588191986e-01	1.083761453628540039e-01
4.882812500000000102e-07	3.184895981338959486e-02	1.120294965803623199e-01	1.086879549548029900e-01
4.882812500000000102e-07	3.170017372298089553e-02	1.115547912195324898e-01	1.090805670246481895e-01
4.882812500000000102e-07	3.140772629199149041e-02	1.119380658492445946e-01	1.089621139690279961e-01
4.882812500000000102e-07	3.041257273075701276e-02	1.115344027057290077e-01	1.085561048239469528e-01
4.882812500000000102e-07	3.185428676631631845e-02	1.112937126308679581e-01	1.083415513858199120e-01
4.882812500000000102e-07	3.260227714818489386e-02	1.118962466716766357e-01	1.094911145046353340e-01
4.882812500000000102e-07	3.171428304778624307e-02	1.120145218446850777e-01	1.091516856104135513e-01
4.882812500000000102e-07	3.166353589371789790e-02	1.115653701126575470e-01	1.082138996571302414e-01
2.441406250000000051e-07	3.100445385597929218e-02	1.117604151368141174e-01	1.085967402905225754e-01
2.441406250000000051e-07	3.165906097126912344e-02	1.115464642643928528e-01	1.081852000206708908e-01
2.441406250000000051e-07	3.227589239330985738e-02	1.129107261076569557e-01	1.102630365639925003e-01
2.441406250000000051e-07	3.238745245941077738e-02	1.116356747224926949e-01	1.085017565637826920e-01
2.441406250000000051e-07	3.197437399833262528e-02	1.128940293565392494e-01	1.086012739688158035e-01
2.441406250000000051e-07	3.086278832788708765e-02	1.116924770176410675e-01	1.086699133738875389e-01
2.441406250000000051e-07	3.225382695658297189e-02	1.120120678097009659e-01	1.093442225828766823e-01
2.441406250000000051e-07	3.185796699946439464e-02	1.113923089578747749e-01	1.088240072131156921e-01
2.441406250000000051e-07	3.255717354956307041e-02	1.123259114101529121e-01	1.096844542771577835e-01
2.441406250000000051e-07	3.255227010084103811e-02	1.119996961206197739e-01	1.088584633544087410e-01
2.441406250000000051e-07	3.289052601196343351e-02	1.127041988074779510e-01	1.102142669260501862e-01
2.441406250000000051e-07	3.244331837454928619e-02	1.114142211154103279e-01	1.085200011730194092e-01
2.441406250000000051e-07	3.163987004398545466e-02	1.121327765285968781e-01	1.093048760667443275e-01
2.441406250000000051e-07	3.238475666959074462e-02	1.119940625503659248e-01	1.092474432662129402e-01
