2.000000000000000042e-03	3.652990483030488233e-01	3.611210919916629791e-01	3.636468239128589630e-01
2.000000000000000042e-03	2.605508094346976056e-01	2.813303098082542419e-01	2.766753174364566803e-01
2.000000000000000042e-03	2.302847929015944262e-01	2.252291329205036163e-01	2.247899323701858521e-01
2.000000000000000042e-03	2.181834201269511886e-01	2.520693764090538025e-01	2.502622995525598526e-01
2.000000000000000042e-03	2.143647625476499119e-01	2.130802031606435776e-01	2.105167880654335022e-01
2.000000000000000042e-03	2.013077624613725802e-01	2.107781451195478439e-01	2.124119270592927933e-01
2.000000000000000042e-03	1.985174743812295473e-01	1.854581236839294434e-01	1.864541582763195038e-01
2.000000000000000042e-03	1.951435419577586539e-01	2.026820927858352661e-01	2.020405326038599014e-01
2.000000000000000042e-03	1.908895999570436042e-01	1.922678779810667038e-01	1.927378326654434204e-01
2.000000000000000042e-03	1.859405084124094443e-01	1.677225474268198013e-01	1.667301971465349197e-01
2.000000000000000042e-03	1.840387546940694952e-01	1.641690693795681000e-01	1.660071592777967453e-01
2.000000000000000042e-03	1.731365091061290440e-01	1.677257381379604340e-01	1.689811330288648605e-01
2.000000000000000042e-03	1.765373679278772201e-01	1.675892751663923264e-01	1.680400669574737549e-01
2.000000000000000042e-03	1.756913056479224577e-01	1.612983215600252151e-01	1.624607928097248077e-01
2.000000000000000042e-03	1.750118343890467720e-01	1.596860792487859726e-01	1.620847787708044052e-01
2.000000000000000042e-03	1.652396806055986545e-01	1.790147237479686737e-01	1.797833293676376343e-01
2.000000000000000042e-03	1.686378724967377007e-01	1.671496685594320297e-01	1.698921155184507370e-01
2.000000000000000042e-03	1.722456858127932033e-01	1.635675635188817978e-01	1.651883646845817566e-01
2.000000000000000042e-03	1.652207331189626260e-01	1.676631998270750046e-01	1.691507510840892792e-01
2.000000000000000042e-03	1.601791234710548406e-01	1.521630082279443741e-01	1.527063865214586258e-01
2.000000000000000042e-03	1.638604623230197899e-01	1.516518350690603256e-01	1.525343526154756546e-01
2.000000000000000042e-03	1.651730275229562617e-01	1.678144130855798721e-01	1.714890375733375549e-01
2.000000000000000042e-03	1.601833799217320664e-01	1.580968853086233139e-01	1.575844660401344299e-01
2.000000000000000042e-03	1.577540206003792689e-01	1.791992839425802231e-01	1.828038264065980911e-01
2.000000000000000042e-03	1.554922607691982261e-01	1.425477396696805954e-01	1.452199891209602356e-01
2.000000000000000042e-03	1.490410119295120239e-01	1.532625071704387665e-01	1.530708149075508118e-01
2.000000000000000042e-03	1.490485963376262657e-01	1.613492593169212341e-01	1.639454606920480728e-01
2.000000000000000042e-03	1.528098369135132417e-01	1.589307468384504318e-01	1.623228732496500015e-01
2.000000000000000042e-03	1.506542201283611881e-01	1.704073697328567505e-01	1.706477589905261993e-01
2.000000000000000042e-03	1.526024240670324772e-01	1.531116142868995667e-01	1.569847967475652695e-01
2.000000000000000042e-03	1.477630010134057259e-01	1.563652195036411285e-01	1.565708424896001816e-01
2.000000000000000042e-03	1.461413004730321152e-01	1.529484577476978302e-01	1.529410611838102341e-01
2.000000000000000042e-03	1.422537817042085206e-01	1.390592120587825775e-01	1.403671372681856155e-01
2.000000000000000042e-03	1.454527771359757637e-01	1.371390819549560547e-01	1.389476098120212555e-01
2.000000000000000042e-03	1.392149218841444158e-01	1.505455151200294495e-01	1.535430885851383209e-01
2.000000000000000042e-03	1.409498554996297393e-01	1.511839237064123154e-01	1.519433297216892242e-01
2.000000000000000042e-03	1.424633286233189799e-01	1.534226797521114349e-01	1.516495700925588608e-01
2.000000000000000042e-03	1.449049550898467431e-01	1.452302597463130951e-01	1.455012224614620209e-01
2.000000000000000042e-03	1.424907621326325924e-01	1.493318434804677963e-01	1.493466123938560486e-01
2.000000000000000042e-03	1.434211887513534844e-01	1.460641659796237946e-01	1.474780626595020294e-01
2.000000000000000042e-03	1.322259123944029002e-01	1.476564873009920120e-01	1.500261910259723663e-01
2.000000000000000042e-03	1.408432515550263331e-01	1.464060489088296890e-01	1.446835864335298538e-01
2.000000000000000042e-03	1.313460419261002765e-01	1.472036186605691910e-01	1.499528940767049789e-01
2.000000000000000042e-03	1.337678017495553817e-01	1.598959024995565414e-01	1.617542169988155365e-01
2.000000000000000042e-03	1.398977360959294536e-01	1.400377098470926285e-01	1.402325425297021866e-01
2.000000000000000042e-03	1.319693232638926572e-01	1.346152657642960548e-01	1.356441769748926163e-01
2.000000000000000042e-03	1.319954447165320177e-01	1.383345611393451691e-01	1.394175011664628983e-01
2.000000000000000042e-03	1.320890357034115725e-01	1.299849003553390503e-01	1.310772253200411797e-01
2.000000000000000042e-03	1.312537144256543387e-01	1.485512163490056992e-01	1.514205951243638992e-01
2.000000000000000042e-03	1.297721593063088930e-01	1.320533175021409988e-01	1.336184851825237274e-01
2.000000000000000042e-03	1.236191897452632027e-01	1.337147681042551994e-01	1.348925121128559113e-01
2.000000000000000042e-03	1.247525148188011607e-01	1.418306119740009308e-01	1.427333503961563110e-01
2.000000000000000042e-03	1.258342171771617002e-01	1.479608360677957535e-01	1.453450266271829605e-01
2.000000000000000042e-03	1.252187099071997711e-01	1.551143582910299301e-01	1.574110165238380432e-01
2.000000000000000042e-03	1.277684958863861964e-01	1.342818047851324081e-01	1.373922172933816910e-01
2.000000000000000042e-03	1.269898900314222479e-01	1.471266243606805801e-01	1.469700187444686890e-01
2.000000000000000042e-03	1.248112182262577641e-01	1.368148922920227051e-01	1.391764804720878601e-01
2.000000000000000042e-03	1.249421111579182841e-01	1.442611720412969589e-01	1.451997552067041397e-01
2.000000000000000042e-03	1.232960309974754920e-01	1.346479402855038643e-01	1.406931243836879730e-01
2.000000000000000042e-03	1.225367422345318424e-01	1.374159716069698334e-01	1.380723807960748672e-01
2.000000000000000042e-03	1.233233734022212980e-01	1.357167586684226990e-01	1.370552629232406616e-01
2.000000000000000042e-03	1.234072991941548569e-01	1.359546128660440445e-01	1.364425756037235260e-01
2.000000000000000042e-03	1.228526254432110859e-01	1.347831534221768379e-01	1.337949763983488083e-01
2.000000000000000042e-03	1.213581527147112038e-01	1.353221014142036438e-01	1.382754612714052200e-01
2.000000000000000042e-03	1.196962620449971565e-01	1.295618098229169846e-01	1.335507705807685852e-01
2.000000000000000042e-03	1.229449925543386751e-01	1.346766604110598564e-01	1.334084458649158478e-01
2.000000000000000042e-03	1.184808401555954710e-01	1.340751592069864273e-01	1.371523579582571983e-01
2.000000000000000042e-03	1.182938636858252013e-01	1.589761655777692795e-01	1.600355636328458786e-01
2.000000000000000042e-03	1.150866138595569022e-01	1.405346784740686417e-01	1.421523634344339371e-01
2.000000000000000042e-03	1.180113318222987540e-01	1.390465348958969116e-01	1.404091957956552505e-01
2.000000000000000042e-03	1.182351544310775021e-01	1.370394080877304077e-01	1.359367165714502335e-01
2.000000000000000042e-03	1.141892228322693020e-01	1.271227803081274033e-01	1.283555235713720322e-01
2.000000000000000042e-03	1.125607800823223703e-01	1.427329443395137787e-01	1.422868259251117706e-01
2.000000000000000042e-03	1.139440067772623799e-01	1.360844746232032776e-01	1.375668272376060486e-01
2.000000000000000042e-03	1.112280413508415222e-01	1.399448830634355545e-01	1.421570796519517899e-01
2.000000000000000042e-03	1.116922477943987774e-01	1.319012762978672981e-01	1.331270840018987656e-01
2.000000000000000042e-03	1.106062895512279071e-01	1.359661789610981941e-01	1.367622883990406990e-01
2.000000000000000042e-03	1.091702116441123083e-01	1.515524834394454956e-01	1.505634840577840805e-01
2.000000000000000042e-03	1.113282409083994062e-01	1.307517718523740768e-01	1.318077798932790756e-01
2.000000000000000042e-03	1.049237428586694276e-01	1.278946604579687119e-01	1.274294666945934296e-01
2.000000000000000042e-03	1.082502057469343776e-01	1.407746411859989166e-01	1.406417191028594971e-01
2.000000000000000042e-03	1.057721261359468312e-01	1.334161181002855301e-01	1.341160023584961891e-01
2.000000000000000042e-03	1.098620693517636665e-01	1.426679324358701706e-01	1.414985004812479019e-01
2.000000000000000042e-03	1.099736838589740751e-01	1.278784004971385002e-01	1.301607303321361542e-01
2.000000000000000042e-03	1.068393823843968027e-01	1.458547189831733704e-01	1.473282463848590851e-01
2.000000000000000042e-03	1.071103158630902219e-01	1.267246063798666000e-01	1.288713384419679642e-01
2.000000000000000042e-03	1.036326694714872210e-01	1.317803533747792244e-01	1.324993446469306946e-01
2.000000000000000042e-03	1.044815879645226847e-01	1.294826259836554527e-01	1.316974209621548653e-01
2.000000000000000042e-03	1.048918787059904684e-01	1.270487261936068535e-01	1.269809706136584282e-01
2.000000000000000042e-03	1.011723292213451975e-01	1.281095631420612335e-01	1.271066162735223770e-01
2.000000000000000042e-03	1.025669637926017175e-01	1.363057699054479599e-01	1.372663695365190506e-01
2.000000000000000042e-03	1.007298496139200361e-01	1.347929229959845543e-01	1.368149742484092712e-01
2.000000000000000042e-03	1.010416307592693769e-01	1.303866328671574593e-01	1.321518095210194588e-01
2.000000000000000042e-03	1.005916800114172865e-01	1.241218419745564461e-01	1.232585469260811806e-01
2.000000000000000042e-03	1.003317916883697952e-01	1.324840234592556953e-01	1.324692750349640846e-01
2.000000000000000042e-03	1.006919592618942261e-01	1.289131864905357361e-01	1.297439541667699814e-01
2.000000000000000042e-03	9.903289047600347117e-02	1.308989804238080978e-01	1.312995851039886475e-01
2.000000000000000042e-03	9.951045590488216686e-02	1.390169579535722733e-01	1.393299847841262817e-01
2.000000000000000042e-03	9.652896348056913545e-02	1.290071336552500725e-01	1.277024522423744202e-01
2.000000000000000042e-03	9.862871053098123952e-02	1.354213003069162369e-01	1.400408428162336349e-01
2.000000000000000042e-03	9.533637196202821018e-02	1.261072643101215363e-01	1.271869558840990067e-01
2.000000000000000042e-03	9.982661459642121204e-02	1.267526522278785706e-01	1.265150485560297966e-01
2.000000000000000042e-03	9.365305917549736348e-02	1.248450996354222298e-01	1.246371492743492126e-01
2.000000000000000042e-03	9.284538841700251677e-02	1.339710671454668045e-01	1.345864739269018173e-01
2.000000000000000042e-03	9.558906575924233651e-02	1.245291596278548241e-01	1.247658934444189072e-01
2.000000000000000042e-03	9.865254729608946560e-02	1.419522222131490707e-01	1.432893294841051102e-01
2.000000000000000042e-03	9.391208804106410124e-02	1.331686452031135559e-01	1.331671532243490219e-01
2.000000000000000042e-03	9.542462069399748614e-02	1.354746632277965546e-01	1.349345427006483078e-01
2.000000000000000042e-03	8.887918019973778394e-02	1.304989932104945183e-01	1.310997093096375465e-01
2.000000000000000042e-03	9.183999160422554042e-02	1.277886023744940758e-01	1.281952140852808952e-01
2.000000000000000042e-03	8.876826717883726237e-02	1.294911010190844536e-01	1.269608754664659500e-01
2.000000000000000042e-03	9.088087317687046363e-02	1.282772868871688843e-01	1.285078246146440506e-01
2.000000000000000042e-03	9.052198002987270342e-02	1.224071551114320755e-01	1.232246272265911102e-01
2.000000000000000042e-03	9.131307635880724083e-02	1.286731082946062088e-01	1.306396387517452240e-01
2.000000000000000042e-03	9.044794766586038148e-02	1.296877954155206680e-01	1.288775103166699409e-01
2.000000000000000042e-03	8.687792963619474229e-02	1.301270741969347000e-01	1.298521971330046654e-01
2.000000000000000042e-03	8.835080209412152219e-02	1.303893215954303741e-01	1.287337327376008034e-01
2.000000000000000042e-03	8.851970213500759410e-02	1.334127178415656090e-01	1.326174475252628326e-01
2.000000000000000042e-03	8.934941416299796435e-02	1.322901006788015366e-01	1.314143193885684013e-01
2.000000000000000042e-03	8.839896264710003781e-02	1.271309750154614449e-01	1.290197549387812614e-01
2.000000000000000042e-03	8.846941656326945402e-02	1.281451471149921417e-01	1.266472311690449715e-01
2.000000000000000042e-03	8.366840983493419037e-02	1.372612081468105316e-01	1.358071081340312958e-01
2.000000000000000042e-03	8.660177660139301015e-02	1.238797437399625778e-01	1.257992861792445183e-01
2.000000000000000042e-03	8.766815019182011559e-02	1.267887447029352188e-01	1.278951680287718773e-01
2.000000000000000042e-03	8.740205261148983884e-02	1.383946249261498451e-01	1.412161746993660927e-01
2.000000000000000042e-03	8.425877771422832230e-02	1.283015785738825798e-01	1.285062246024608612e-01
2.000000000000000042e-03	8.319968428415587536e-02	1.269064415246248245e-01	1.269417712464928627e-01
2.000000000000000042e-03	8.438958982123603847e-02	1.344073805958032608e-01	1.324141258373856544e-01
2.000000000000000042e-03	8.382591265666333724e-02	1.292780553922057152e-01	1.303034285083413124e-01
2.000000000000000042e-03	8.031379063672657026e-02	1.183098163455724716e-01	1.205865247175097466e-01
2.000000000000000042e-03	8.167409076343608298e-02	1.270431270822882652e-01	1.278714854270219803e-01
2.000000000000000042e-03	8.142344851659823191e-02	1.322207581251859665e-01	1.320713479071855545e-01
2.000000000000000042e-03	8.359416668550877227e-02	1.286804014816880226e-01	1.271942956373095512e-01
2.000000000000000042e-03	8.274312656891497086e-02	1.319508459419012070e-01	1.311707086861133575e-01
2.000000000000000042e-03	8.380998237223565017e-02	1.289740866050124168e-01	1.272158697247505188e-01
2.000000000000000042e-03	9.067379692687263515e-02	1.256926963105797768e-01	1.280502872541546822e-01
2.000000000000000042e-03	7.922226445207113110e-02	1.267042318359017372e-01	1.280933767557144165e-01
2.000000000000000042e-03	8.406526199247263409e-02	1.422772966325283051e-01	1.407676879316568375e-01
2.000000000000000042e-03	8.130842796232126690e-02	1.261611450463533401e-01	1.265176553279161453e-01
2.000000000000000042e-03	7.783859468336347398e-02	1.284165894612669945e-01	1.291036279872059822e-01
2.000000000000000042e-03	8.285164465255374922e-02	1.371910311281681061e-01	1.370465606451034546e-01
2.000000000000000042e-03	7.850679274224027504e-02	1.249210946261882782e-01	1.253167456015944481e-01
2.000000000000000042e-03	7.778376713395118713e-02	1.271371291950345039e-01	1.279676686972379684e-01
2.000000000000000042e-03	7.685194532328014361e-02	1.199934128671884537e-01	1.217798152938485146e-01
2.000000000000000042e-03	7.784165064745311724e-02	1.221201689913868904e-01	1.241211956366896629e-01
2.000000000000000042e-03	7.652267931571489490e-02	1.291071046143770218e-01	1.274416111409664154e-01
2.000000000000000042e-03	7.632610036791125097e-02	1.233786819502711296e-01	1.242144359275698662e-01
2.000000000000000042e-03	7.565716314542142440e-02	1.209590323269367218e-01	1.220970498397946358e-01
2.000000000000000042e-03	7.545669273107866171e-02	1.223152130842208862e-01	1.216508205980062485e-01
2.000000000000000042e-03	7.417236542022681567e-02	1.340427212417125702e-01	1.333322580903768539e-01
2.000000000000000042e-03	7.408737259197838154e-02	1.192902456969022751e-01	1.193479429930448532e-01
1.000000000000000021e-03	6.368263980633095955e-02	1.170360622927546501e-01	1.166374878957867622e-01
1.000000000000000021e-03	6.485858946284160653e-02	1.174686588346958160e-01	1.175125082954764366e-01
1.000000000000000021e-03	6.270822868505611380e-02	1.177867688238620758e-01	1.163175422698259354e-01
1.000000000000000021e-03	6.336037795754927149e-02	1.160135064274072647e-01	1.156848641112446785e-01
1.000000000000000021e-03	6.088960618723796708e-02	1.167209260165691376e-01	1.168151423335075378e-01
1.000000000000000021e-03	6.049744119938416098e-02	1.179605601355433464e-01	1.174227315932512283e-01
1.000000000000000021e-03	6.000186587813534367e-02	1.230527674779295921e-01	1.229998506605625153e-01
1.000000000000000021e-03	6.168432321540916891e-02	1.171210622414946556e-01	1.162004815414547920e-01
1.000000000000000021e-03	5.977465165189550095e-02	1.225549671798944473e-01	1.219281293451786041e-01
1.000000000000000021e-03	6.193003827069379352e-02	1.166728949174284935e-01	1.161989942193031311e-01
1.000000000000000021e-03	6.008272806677637107e-02	1.231057262048125267e-01	1.220118375495076180e-01
1.000000000000000021e-03	6.050671505022652691e-02	1.174184903502464294e-01	1.153546581044793129e-01
1.000000000000000021e-03	5.663323548587062550e-02	1.200977573171257973e-01	1.190249929204583168e-01
1.000000000000000021e-03	5.898055500244792776e-02	1.213422436267137527e-01	1.217063963413238525e-01
1.000000000000000021e-03	5.667200703409653456e-02	1.180893555283546448e-01	1.187607888132333755e-01
1.000000000000000021e-03	5.722758867129494609e-02	1.164019946008920670e-01	1.160612199455499649e-01
1.000000000000000021e-03	5.799549766167809428e-02	1.180552253499627113e-01	1.175406863912940025e-01
1.000000000000000021e-03	5.854347937657863182e-02	1.191112762317061424e-01	1.184483738616108894e-01
1.000000000000000021e-03	5.689955281117294733e-02	1.164377294480800629e-01	1.150672752410173416e-01
1.000000000000000021e-03	5.872752922999707748e-02	1.160671943798661232e-01	1.169538507238030434e-01
1.000000000000000021e-03	5.922618517770043139e-02	1.197111830115318298e-01	1.208228170871734619e-01
1.000000000000000021e-03	5.648559421489510179e-02	1.229916196316480637e-01	1.221444793045520782e-01
1.000000000000000021e-03	5.832085112416291600e-02	1.169684119522571564e-01	1.146754566580057144e-01
1.000000000000000021e-03	5.691926968814451510e-02	1.163664441555738449e-01	1.167124854400753975e-01
1.000000000000000021e-03	5.562975790493095846e-02	1.157649932429194450e-01	1.172127686440944672e-01
1.000000000000000021e-03	5.747885238143462389e-02	1.190399006009101868e-01	1.201569652184844017e-01
1.000000000000000021e-03	5.676868619232237900e-02	1.190412556752562523e-01	1.179582523182034492e-01
1.000000000000000021e-03	5.519843436306035717e-02	1.167142949998378754e-01	1.179619804024696350e-01
1.000000000000000021e-03	5.521028205940994860e-02	1.148004811257123947e-01	1.146913394331932068e-01
1.000000000000000021e-03	5.608693038738226527e-02	1.160640614107251167e-01	1.160791683942079544e-01
1.000000000000000021e-03	5.401615774895571209e-02	1.183062531054019928e-01	1.159606836736202240e-01
1.000000000000000021e-03	5.400954931974411011e-02	1.162776472046971321e-01	1.166815981268882751e-01
1.000000000000000021e-03	5.578966698125947810e-02	1.204713797196745872e-01	1.222225232049822807e-01
1.000000000000000021e-03	5.648786805664436639e-02	1.258094031363725662e-01	1.240587877109646797e-01
1.000000000000000021e-03	5.521951111245759075e-02	1.172338370233774185e-01	1.171293165534734726e-01
1.000000000000000021e-03	5.607051119396957994e-02	1.176058286800980568e-01	1.187763037160038948e-01
1.000000000000000021e-03	5.580368293802949464e-02	1.256005447357892990e-01	1.247369190678000450e-01
1.000000000000000021e-03	5.601722266100629677e-02	1.250217994675040245e-01	1.232622023671865463e-01
1.000000000000000021e-03	5.574776788678350442e-02	1.182963373139500618e-01	1.189987398684024811e-01
1.000000000000000021e-03	5.390654862681521636e-02	1.164843915030360222e-01	1.159675056114792824e-01
1.000000000000000021e-03	5.416526018252855457e-02	1.161016514524817467e-01	1.156996367499232292e-01
1.000000000000000021e-03	5.473459856231001341e-02	1.170979524031281471e-01	1.183562474325299263e-01
1.000000000000000021e-03	5.244487783388246394e-02	1.173354871571063995e-01	1.166969025507569313e-01
1.000000000000000021e-03	5.329856997992418743e-02	1.163724130019545555e-01	1.167695187032222748e-01
1.000000000000000021e-03	5.568192295635802924e-02	1.151042021811008453e-01	1.155682671815156937e-01
1.000000000000000021e-03	5.372282301511945718e-02	1.172513831406831741e-01	1.177505953237414360e-01
1.000000000000000021e-03	5.186043835327595192e-02	1.175506776198744774e-01	1.181059246882796288e-01
1.000000000000000021e-03	5.553675796600836961e-02	1.175274830311536789e-01	1.157510094344615936e-01
1.000000000000000021e-03	5.792436767605286391e-02	1.178508270531892776e-01	1.172284251078963280e-01
1.000000000000000021e-03	5.371934382975855626e-02	1.182893188670277596e-01	1.191818937659263611e-01
5.000000000000000104e-04	4.880026973123791773e-02	1.133200218901038170e-01	1.133108669891953468e-01
5.000000000000000104e-04	4.681815867182574642e-02	1.133877877146005630e-01	1.131259510293602943e-01
5.000000000000000104e-04	4.563088545316382194e-02	1.134097268804907799e-01	1.129532884806394577e-01
5.000000000000000104e-04	4.789243398022047932e-02	1.130597004666924477e-01	1.133792744949460030e-01
5.000000000000000104e-04	4.614973219135139887e-02	1.160604450851678848e-01	1.151066413149237633e-01
5.000000000000000104e-04	4.627396270066876788e-02	1.179841775447130203e-01	1.171512724831700325e-01
5.000000000000000104e-04	4.534588089283508872e-02	1.138984821736812592e-01	1.129819527268409729e-01
5.000000000000000104e-04	4.652609270584734391e-02	1.149803372099995613e-01	1.144022662192583084e-01
5.000000000000000104e-04	4.602220343260825242e-02	1.140103368088603020e-01	1.126505844295024872e-01
5.000000000000000104e-04	4.766679871120030332e-02	1.157742040231823921e-01	1.147984238341450691e-01
5.000000000000000104e-04	4.538345318051833360e-02	1.168989436700940132e-01	1.157358409836888313e-01
5.000000000000000104e-04	4.594511468010612637e-02	1.130810296162962914e-01	1.127333808690309525e-01
5.000000000000000104e-04	4.381831782528116531e-02	1.123019931837916374e-01	1.120957843959331512e-01
5.000000000000000104e-04	4.416283036145982749e-02	1.132180504500865936e-01	1.130695398896932602e-01
5.000000000000000104e-04	4.527092093153844976e-02	1.139294737949967384e-01	1.136189680546522141e-01
5.000000000000000104e-04	4.484151563123811579e-02	1.160416146740317345e-01	1.148837795481085777e-01
5.000000000000000104e-04	4.456037563519387595e-02	1.148745641112327576e-01	1.151207145303487778e-01
5.000000000000000104e-04	4.395649426534205956e-02	1.160345179960131645e-01	1.156687298789620399e-01
5.000000000000000104e-04	4.390420868426938433e-02	1.146486569195985794e-01	1.137287952005863190e-01
5.000000000000000104e-04	4.199797879385797073e-02	1.147186234593391418e-01	1.141066495329141617e-01
5.000000000000000104e-04	4.415952569887608009e-02	1.143526174128055573e-01	1.131024099886417389e-01
5.000000000000000104e-04	4.290949374060087224e-02	1.135542849078774452e-01	1.129080438986420631e-01
5.000000000000000104e-04	4.275783255130429644e-02	1.145082581788301468e-01	1.138150142505764961e-01
5.000000000000000104e-04	4.364142015199117680e-02	1.131099741905927658e-01	1.120175952091813087e-01
5.000000000000000104e-04	4.211155494934396004e-02	1.142336055636405945e-01	1.135772885754704475e-01
5.000000000000000104e-04	4.220053082025503749e-02	1.128069926053285599e-01	1.124893166124820709e-01
5.000000000000000104e-04	4.292538490948043239e-02	1.144172111526131630e-01	1.125525562092661858e-01
5.000000000000000104e-04	4.284346622379520131e-02	1.139699406921863556e-01	1.130450088530778885e-01
5.000000000000000104e-04	4.275323412840879161e-02	1.124267531558871269e-01	1.114914743229746819e-01
5.000000000000000104e-04	4.472855577551865941e-02	1.153648393228650093e-01	1.152065237984061241e-01
5.000000000000000104e-04	4.513063003556638114e-02	1.144598517566919327e-01	1.146054174751043320e-01
5.000000000000000104e-04	4.302313890826853227e-02	1.137632541358470917e-01	1.137402197346091270e-01
5.000000000000000104e-04	4.346572598324546094e-02	1.131695397198200226e-01	1.128218332305550575e-01
5.000000000000000104e-04	4.152043258087544791e-02	1.134779052808880806e-01	1.123841125518083572e-01
2.500000000000000052e-04	4.125551648343665778e-02	1.129897339269518852e-01	1.124184122309088707e-01
2.500000000000000052e-04	4.006883150697508611e-02	1.127243293449282646e-01	1.121213659644126892e-01
2.500000000000000052e-04	3.895667376869087206e-02	1.119678886607289314e-01	1.120302807539701462e-01
2.500000000000000052e-04	4.055919863660879116e-02	1.129401391372084618e-01	1.131350677460432053e-01
2.500000000000000052e-04	4.053852346407461893e-02	1.136906985193490982e-01	1.140035009011626244e-01
2.500000000000000052e-04	3.918541413790817274e-02	1.131554115563631058e-01	1.125464942306280136e-01
2.500000000000000052e-04	3.920971191947972972e-02	1.123328255489468575e-01	1.110937828198075294e-01
2.500000000000000052e-04	3.852266386811491888e-02	1.120810713618993759e-01	1.112342011183500290e-01
2.500000000000000052e-04	3.948337252287170696e-02	1.122083449736237526e-01	1.119466312229633331e-01
2.500000000000000052e-04	3.857388212993929921e-02	1.125753130763769150e-01	1.116875931620597839e-01
2.500000000000000052e-04	3.847460236541832418e-02	1.130533227697014809e-01	1.141420649364590645e-01
2.500000000000000052e-04	3.862261826384671276e-02	1.142171043902635574e-01	1.135821109637618065e-01
2.500000000000000052e-04	3.814662068705015202e-02	1.130749695003032684e-01	1.124106952920556068e-01
2.500000000000000052e-04	3.832094333594358165e-02	1.133866952732205391e-01	1.126963673159480095e-01
2.500000000000000052e-04	3.846373772130736585e-02	1.129517387598752975e-01	1.125758886337280273e-01
2.500000000000000052e-04	3.748227309294139414e-02	1.123913265764713287e-01	1.118877092376351357e-01
2.500000000000000052e-04	3.723076679095436992e-02	1.125595793128013611e-01	1.126004522666335106e-01
2.500000000000000052e-04	3.833139407200903542e-02	1.126457722857594490e-01	1.122997282072901726e-01
2.500000000000000052e-04	3.747661897464643621e-02	1.128432722762227058e-01	1.128060538321733475e-01
2.500000000000000052e-04	3.725967560953731550e-02	1.135537605732679367e-01	1.128085069358348846e-01
2.500000000000000052e-04	3.779531081643285745e-02	1.126633565872907639e-01	1.128150429576635361e-01
2.500000000000000052e-04	3.835652737960785347e-02	1.127322725951671600e-01	1.121073383837938309e-01
2.500000000000000052e-04	3.718329763299302315e-02	1.149556962773203850e-01	1.134396633133292198e-01
2.500000000000000052e-04	3.861269394902488994e-02	1.130162365734577179e-01	1.125765126198530197e-01
1.250000000000000026e-04	3.729022039642816699e-02	1.130748931318521500e-01	1.124745737761259079e-01
1.250000000000000026e-04	3.587533087952982092e-02	1.123295826837420464e-01	1.120216799899935722e-01
1.250000000000000026e-04	3.575183910942530269e-02	1.124782301485538483e-01	1.120841400697827339e-01
1.250000000000000026e-04	3.607462365416031630e-02	1.125098234042525291e-01	1.114080781117081642e-01
1.250000000000000026e-04	3.487962738999837720e-02	1.121963681653141975e-01	1.119165476411581039e-01
1.250000000000000026e-04	3.530990733187409913e-02	1.127644041553139687e-01	1.115279197692871094e-01
1.250000000000000026e-04	3.682718029882334210e-02	1.126165715977549553e-01	1.115869963541626930e-01
1.250000000000000026e-04	3.673251128838032203e-02	1.129301162436604500e-01	1.128014223650097847e-01
1.250000000000000026e-04	3.552718974555595099e-02	1.123906364664435387e-01	1.119416179135441780e-01
1.250000000000000026e-04	3.726629009824010408e-02	1.148319737985730171e-01	1.128495335578918457e-01
1.250000000000000026e-04	3.528100990136213283e-02	1.124973772093653679e-01	1.117620337754487991e-01
1.250000000000000026e-04	3.604049308673490382e-02	1.130471983924508095e-01	1.127759823575615883e-01
1.250000000000000026e-04	3.508216656650169074e-02	1.131772212684154510e-01	1.120729856193065643e-01
1.250000000000000026e-04	3.517453264020665993e-02	1.127379424870014191e-01	1.123019726946949959e-01
1.250000000000000026e-04	3.491818442752089857e-02	1.122166775166988373e-01	1.113153938204050064e-01
1.250000000000000026e-04	3.498732447152650554e-02	1.124424245208501816e-01	1.122740069404244423e-01
1.250000000000000026e-04	3.501607826616190411e-02	1.132779158651828766e-01	1.135376067832112312e-01
1.250000000000000026e-04	3.631332573256915164e-02	1.124621843919157982e-01	1.115125389769673347e-01
1.250000000000000026e-04	3.649417355750934899e-02	1.131171314045786858e-01	1.128141544759273529e-01
1.250000000000000026e-04	3.645592189948015233e-02	1.130276136100292206e-01	1.127435211092233658e-01
1.250000000000000026e-04	3.604178163635579635e-02	1.128297876566648483e-01	1.123634325340390205e-01
6.250000000000000130e-05	3.370146321344979351e-02	1.121222227811813354e-01	1.114989090710878372e-01
6.250000000000000130e-05	3.508526482914067768e-02	1.122975964099168777e-01	1.118083121255040169e-01
6.250000000000000130e-05	3.403696596999711971e-02	1.127543989568948746e-01	1.115415431559085846e-01
6.250000000000000130e-05	3.479362338121178705e-02	1.114035025238990784e-01	1.114509338513016701e-01
6.250000000000000130e-05	3.379850405492360044e-02	1.122209420427680016e-01	1.114088399335741997e-01
6.250000000000000130e-05	3.484281357613545210e-02	1.117767086252570152e-01	1.117715192958712578e-01
6.250000000000000130e-05	3.397039503236360530e-02	1.122682606801390648e-01	1.126288706436753273e-01
6.250000000000000130e-05	3.348332393584372429e-02	1.123208273202180862e-01	1.119373627007007599e-01
6.250000000000000130e-05	3.500575874047943264e-02	1.120192185044288635e-01	1.114381551742553711e-01
6.250000000000000130e-05	3.572720425981509851e-02	1.123271370306611061e-01	1.117085991427302361e-01
6.250000000000000130e-05	3.342589889240416001e-02	1.128422925248742104e-01	1.118538491427898407e-01
6.250000000000000130e-05	3.437372162655184804e-02	1.121442774310708046e-01	1.119475178420543671e-01
6.250000000000000130e-05	3.398925030627582972e-02	1.125691141933202744e-01	1.119050038978457451e-01
6.250000000000000130e-05	3.453388963413389634e-02	1.127403369173407555e-01	1.127801360562443733e-01
6.250000000000000130e-05	3.406218660971786077e-02	1.129571022465825081e-01	1.122857006266713142e-01
6.250000000000000130e-05	3.305434395523765279e-02	1.126856338232755661e-01	1.120369061827659607e-01
6.250000000000000130e-05	3.446863436057597679e-02	1.134000411257147789e-01	1.125767147168517113e-01
6.250000000000000130e-05	3.636721309415901632e-02	1.143601927906274796e-01	1.150401737540960312e-01
6.250000000000000130e-05	3.490494611331178970e-02	1.125757843255996704e-01	1.117771109566092491e-01
6.250000000000000130e-05	3.410342253178735156e-02	1.122086187824606895e-01	1.119409175589680672e-01
6.250000000000000130e-05	3.349767219793947648e-02	1.126922741532325745e-01	1.120440950617194176e-01
6.250000000000000130e-05	3.378379821211476702e-02	1.125438399612903595e-01	1.119727781042456627e-01
6.250000000000000130e-05	3.336586760757844633e-02	1.119953999295830727e-01	1.114927371963858604e-01
6.250000000000000130e-05	3.428157138390631326e-02	1.131043974310159683e-01	1.121968831866979599e-01
6.250000000000000130e-05	3.390978007942815203e-02	1.121929492801427841e-01	1.113162301480770111e-01
3.125000000000000065e-05	3.283782305691061026e-02	1.129048010334372520e-01	1.120965257287025452e-01
3.125000000000000065e-05	3.303571983794622441e-02	1.120556769892573357e-01	1.117209112271666527e-01
3.125000000000000065e-05	3.506928248495995437e-02	1.132414629682898521e-01	1.128988917917013168e-01
3.125000000000000065e-05	3.300892255162891226e-02	1.122658792883157730e-01	1.118814954534173012e-01
3.125000000000000065e-05	3.350691636434838944e-02	1.123837362974882126e-01	1.116981077939271927e-01
3.125000000000000065e-05	3.331186044725436418e-02	1.125115687027573586e-01	1.117030093446373940e-01
3.125000000000000065e-05	3.476697199423856716e-02	1.118826167657971382e-01	1.112652216106653214e-01
3.125000000000000065e-05	3.354207159880595590e-02	1.125943120568990707e-01	1.122668124735355377e-01
3.125000000000000065e-05	3.487316438857512857e-02	1.127907885238528252e-01	1.122227115556597710e-01
3.125000000000000065e-05	3.381372021534775202e-02	1.130616506561636925e-01	1.123665627092123032e-01
3.125000000000000065e-05	3.453049837033959901e-02	1.122836340218782425e-01	1.121820537373423576e-01
3.125000000000000065e-05	3.394434799121905100e-02	1.121048564091324806e-01	1.119873030111193657e-01
3.125000000000000065e-05	3.374416859749751474e-02	1.127682225778698921e-01	1.126894056797027588e-01
3.125000000000000065e-05	3.432601223452181466e-02	1.120309345424175262e-01	1.121336836367845535e-01
3.125000000000000065e-05	3.442928633546527700e-02	1.126890946179628372e-01	1.120801204815506935e-01
3.125000000000000065e-05	3.339510401592978711e-02	1.124980216845870018e-01	1.123405061662197113e-01
3.125000000000000065e-05	3.309844292794601739e-02	1.130688907578587532e-01	1.121869795024394989e-01
3.125000000000000065e-05	3.438403308863127034e-02	1.131251761689782143e-01	1.122717792168259621e-01
3.125000000000000065e-05	3.348478443826301276e-02	1.127429651096463203e-01	1.123067131265997887e-01
3.125000000000000065e-05	3.379056430598603028e-02	1.117645893245935440e-01	1.121344622224569321e-01
3.125000000000000065e-05	3.372637710616558510e-02	1.124361865222454071e-01	1.120337201282382011e-01
1.562500000000000033e-05	3.323244456720503281e-02	1.132062524557113647e-01	1.123668765649199486e-01
1.562500000000000033e-05	3.342267587969574572e-02	1.120101585984230042e-01	1.119127515703439713e-01
1.562500000000000033e-05	3.247335397555858177e-02	1.126776691526174545e-01	1.120606679469347000e-01
1.562500000000000033e-05	3.399092454133154778e-02	1.129433792084455490e-01	1.125668650493025780e-01
1.562500000000000033e-05	3.320647099444383465e-02	1.126117631793022156e-01	1.120497845113277435e-01
1.562500000000000033e-05	3.294806368649005890e-02	1.122951377183198929e-01	1.119037894532084465e-01
1.562500000000000033e-05	3.314042805776565986e-02	1.118846442550420761e-01	1.114644380286335945e-01
1.562500000000000033e-05	3.343427129372765483e-02	1.121741458773612976e-01	1.113469433039426804e-01
1.562500000000000033e-05	3.290304866961286240e-02	1.121834209188818932e-01	1.119367452338337898e-01
1.562500000000000033e-05	3.297093760552285285e-02	1.122867912054061890e-01	1.119279088452458382e-01
1.562500000000000033e-05	3.326195867472811485e-02	1.125280987471342087e-01	1.120743183419108391e-01
1.562500000000000033e-05	3.380760475050045150e-02	1.118497913703322411e-01	1.118162907660007477e-01
1.562500000000000033e-05	3.192769993049434513e-02	1.125195166096091270e-01	1.115011116489768028e-01
1.562500000000000033e-05	3.388085572308377480e-02	1.128536658361554146e-01	1.121467109769582748e-01
1.562500000000000033e-05	3.370140035507045162e-02	1.122627397999167442e-01	1.119762053713202477e-01
1.562500000000000033e-05	3.202074365336683714e-02	1.121109230443835258e-01	1.115325950086116791e-01
1.562500000000000033e-05	3.296835338578948255e-02	1.123784286901354790e-01	1.123722670599818230e-01
1.562500000000000033e-05	3.249161909746972610e-02	1.117725139483809471e-01	1.114000491797924042e-01
1.562500000000000033e-05	3.231691875601116343e-02	1.126961577683687210e-01	1.119497781619429588e-01
1.562500000000000033e-05	3.352881354998938496e-02	1.121957246214151382e-01	1.117257280275225639e-01
1.562500000000000033e-05	3.383980297683915339e-02	1.125658340752124786e-01	1.125263273715972900e-01
7.812500000000000163e-06	3.260660652495638023e-02	1.125083481892943382e-01	1.118649942800402641e-01
7.812500000000000163e-06	3.369000018869020008e-02	1.122679077088832855e-01	1.117096748203039169e-01
7.812500000000000163e-06	3.436153606051885884e-02	1.133431065827608109e-01	1.134151434525847435e-01
7.812500000000000163e-06	3.287458698017687447e-02	1.126629253849387169e-01	1.117489812895655632e-01
7.812500000000000163e-06	3.290694122073016537e-02	1.126083210110664368e-01	1.122154407203197479e-01
7.812500000000000163e-06	3.294996837083297159e-02	1.122638611122965813e-01	1.119494102895259857e-01
7.812500000000000163e-06	3.210995494847810466e-02	1.129557779058814049e-01	1.122001530602574348e-01
7.812500000000000163e-06	3.326788608314869972e-02	1.122719710692763329e-01	1.117055183276534081e-01
7.812500000000000163e-06	3.325385581466216295e-02	1.124944807961583138e-01	1.120845666155219078e-01
7.812500000000000163e-06	3.352802279817906905e-02	1.147417519241571426e-01	1.131812781095504761e-01
7.812500000000000163e-06	3.277183522151995432e-02	1.125467568635940552e-01	1.119025563821196556e-01
7.812500000000000163e-06	3.360168925851960559e-02	1.126499837264418602e-01	1.125941220670938492e-01
7.812500000000000163e-06	3.428349502478973687e-02	1.135233547538518906e-01	1.133831683546304703e-01
7.812500000000000163e-06	3.259309133679806625e-02	1.123641477897763252e-01	1.115485681220889091e-01
7.812500000000000163e-06	3.308247906875006611e-02	1.133794980123639107e-01	1.127864047884941101e-01
7.812500000000000163e-06	3.346422498550596231e-02	1.135076545178890228e-01	1.127726742997765541e-01
7.812500000000000163e-06	3.254491670788088598e-02	1.120220152661204338e-01	1.118104504421353340e-01
7.812500000000000163e-06	3.467327330402935476e-02	1.119019761681556702e-01	1.117815505713224411e-01
7.812500000000000163e-06	3.281387010046953046e-02	1.128250872716307640e-01	1.120152845978736877e-01
7.812500000000000163e-06	3.217071773413615610e-02	1.135684251785278320e-01	1.136492248624563217e-01
7.812500000000000163e-06	3.175770981779581226e-02	1.120496746152639389e-01	1.117929089814424515e-01
3.906250000000000081e-06	3.273546728718129684e-02	1.125589739531278610e-01	1.115394597873091698e-01
3.906250000000000081e-06	3.394390531827377183e-02	1.136810667812824249e-01	1.130091967061161995e-01
3.906250000000000081e-06	3.270380269688896030e-02	1.128717362880706787e-01	1.128309620544314384e-01
3.906250000000000081e-06	3.382098288098468047e-02	1.135134017094969749e-01	1.132507976144552231e-01
3.906250000000000081e-06	3.192779964095429635e-02	1.122273746877908707e-01	1.120634023100137711e-01
3.906250000000000081e-06	3.367569224460970068e-02	1.117653027176856995e-01	1.109358202666044235e-01
3.906250000000000081e-06	3.262211196124553680e-02	1.122090322896838188e-01	1.113758217543363571e-01
3.906250000000000081e-06	3.229338972817493575e-02	1.123690167441964149e-01	1.118400096893310547e-01
3.906250000000000081e-06	3.126486034804507042e-02	1.126362001523375511e-01	1.113813472911715508e-01
3.906250000000000081e-06	3.301513176175612657e-02	1.120734419673681259e-01	1.115139322355389595e-01
3.906250000000000081e-06	3.327490295035929330e-02	1.126894420012831688e-01	1.120304297655820847e-01
3.906250000000000081e-06	3.249120327962350119e-02	1.123790852725505829e-01	1.120970007032155991e-01
3.906250000000000081e-06	3.293402804226815139e-02	1.128745032474398613e-01	1.128547647967934608e-01
3.906250000000000081e-06	3.456923070870622505e-02	1.127276495099067688e-01	1.127951564267277718e-01
3.906250000000000081e-06	3.280271912771690057e-02	1.121172998100519180e-01	1.116226222366094589e-01
3.906250000000000081e-06	3.242128120758865778e-02	1.117168031632900238e-01	1.114467997103929520e-01
3.906250000000000081e-06	3.286730498075485229e-02	1.122993584722280502e-01	1.119798114523291588e-01
3.906250000000000081e-06	3.396308481033089716e-02	1.122453231364488602e-01	1.117990305647253990e-01
3.906250000000000081e-06	3.289611682390110314e-02	1.126164887100458145e-01	1.119290599599480629e-01
3.906250000000000081e-06	3.412748750629304023e-02	1.126883216202259064e-01	1.121979421004652977e-01
3.906250000000000081e-06	3.309903376370291334e-02	1.132447402924299240e-01	1.127121206372976303e-01
1.953125000000000041e-06	3.349107480313204266e-02	1.117019122466444969e-01	1.119187735021114349e-01
1.953125000000000041e-06	3.287905289591112890e-02	1.128697944805026054e-01	1.132446685805916786e-01
1.953125000000000041e-06	3.404275349140921392e-02	1.138423653319478035e-01	1.135215042158961296e-01
1.953125000000000041e-06	3.307238525321966327e-02	1.139033446088433266e-01	1.130541013553738594e-01
1.953125000000000041e-06	3.262345884231072218e-02	1.117737432941794395e-01	1.113816220313310623e-01
1.953125000000000041e-06	3.240305223042452137e-02	1.130595244467258453e-01	1.119870431721210480e-01
1.953125000000000041e-06	3.189528033231632531e-02	1.124103795737028122e-01	1.119894897565245628e-01
1.953125000000000041e-06	3.376808319287964016e-02	1.124849896878004074e-01	1.120007112622261047e-01
1.953125000000000041e-06	3.354979082470452983e-02	1.123228119686245918e-01	1.124221421778202057e-01
1.953125000000000041e-06	3.341705236536792606e-02	1.131827570497989655e-01	1.129319043830037117e-01
1.953125000000000041e-06	3.346109444487698620e-02	1.128137568011879921e-01	1.120911519974470139e-01
1.953125000000000041e-06	3.317297745165945916e-02	1.122539704665541649e-01	1.117402939125895500e-01
1.953125000000000041e-06	3.358331935692437237e-02	1.135189542546868324e-01	1.127488622441887856e-01
1.953125000000000041e-06	3.343558502442474378e-02	1.125079197809100151e-01	1.115681314840912819e-01
1.953125000000000041e-06	3.250349643109719938e-02	1.144658783450722694e-01	1.134468233212828636e-01
1.953125000000000041e-06	3.224010930597027980e-02	1.127042351290583611e-01	1.114205000922083855e-01
1.953125000000000041e-06	3.299305201331271392e-02	1.129655567929148674e-01	1.121644936501979828e-01
1.953125000000000041e-06	3.365167242156553995e-02	1.123449951410293579e-01	1.116220587864518166e-01
1.953125000000000041e-06	3.192334492466872287e-02	1.126834582537412643e-01	1.118375323712825775e-01
1.953125000000000041e-06	3.220208102389227056e-02	1.124827656894922256e-01	1.119580734521150589e-01
1.953125000000000041e-06	3.231681576823886709e-02	1.121678873896598816e-01	1.115972986444830894e-01
9.765625000000000203e-07	3.197888447608374096e-02	1.128622442483901978e-01	1.119185751304030418e-01
9.765625000000000203e-07	3.287667526474481738e-02	1.137886699289083481e-01	1.128062102943658829e-01
9.765625000000000203e-07	3.298163312616982090e-02	1.123776147142052650e-01	1.126562114804983139e-01
9.765625000000000203e-07	3.327091842229607660e-02	1.125663435086607933e-01	1.123618306592106819e-01
9.765625000000000203e-07	3.346220568954190455e-02	1.127059422433376312e-01	1.119846766814589500e-01
9.765625000000000203e-07	3.220113154642189474e-02	1.124026784673333168e-01	1.116190310567617416e-01
9.765625000000000203e-07	3.202609790937055445e-02	1.131739215925335884e-01	1.122968262061476707e-01
9.765625000000000203e-07	3.257150122825103189e-02	1.126263178884983063e-01	1.122163776308298111e-01
9.765625000000000203e-07	3.312958107341693742e-02	1.129053868353366852e-01	1.119377538561820984e-01
9.765625000000000203e-07	3.239953032211412287e-02	1.117253927513957024e-01	1.117985453456640244e-01
9.765625000000000203e-07	3.332953044225143296e-02	1.124102640897035599e-01	1.120058614760637283e-01
9.765625000000000203e-07	3.261270998871024923e-02	1.125312950462102890e-01	1.114740734919905663e-01
9.765625000000000203e-07	3.241117567389826398e-02	1.123575624078512192e-01	1.120141223073005676e-01
9.765625000000000203e-07	3.297476498763772523e-02	1.122988900169730186e-01	1.118086026981472969e-01
9.765625000000000203e-07	3.297967888131926595e-02	1.127043096348643303e-01	1.122827129438519478e-01
9.765625000000000203e-07	3.253834968126272792e-02	1.125185340642929077e-01	1.117642587050795555e-01
9.765625000000000203e-07	3.299857824569261272e-02	1.127235200256109238e-01	1.121544176712632179e-01
9.765625000000000203e-07	3.320165744782248296e-02	1.126663768664002419e-01	1.122092762961983681e-01
9.765625000000000203e-07	3.272131837527208348e-02	1.125117894262075424e-01	1.117664277553558350e-01
9.765625000000000203e-07	3.293159215039090371e-02	1.120986249297857285e-01	1.119956178590655327e-01
9.765625000000000203e-07	3.264647062066235172e-02	1.131123537197709084e-01	1.120280437171459198e-01
4.882812500000000102e-07	3.385512714710416787e-02	1.133919060230255127e-01	1.136692939326167107e-01
4.882812500000000102e-07	3.185771252441255141e-02	1.119846664369106293e-01	1.121108978986740112e-01
4.882812500000000102e-07	3.365606937227370171e-02	1.118648489937186241e-01	1.111115505918860435e-01
4.882812500000000102e-07	3.284620111690291638e-02	1.126079894602298737e-01	1.121755521744489670e-01
4.882812500000000102e-07	3.279362383145320581e-02	1.129016270861029625e-01	1.122690513730049133e-01
4.882812500000000102e-07	3.248221057030973441e-02	1.123576024547219276e-01	1.121229110285639763e-01
4.882812500000000102e-07	3.167048940741563207e-02	1.120602637529373169e-01	1.113161994144320488e-01
4.882812500000000102e-07	3.259602898755405848e-02	1.125333551317453384e-01	1.118145920336246490e-01
4.882812500000000102e-07	3.425616589433784498e-02	1.133263697847723961e-01	1.131167300045490265e-01
4.882812500000000102e-07	3.214637918657139992e-02	1.123846331611275673e-01	1.118058487772941589e-01
4.882812500000000102e-07	3.248001300270044606e-02	1.123537998646497726e-01	1.117553049698472023e-01
4.882812500000000102e-07	3.246288680577579661e-02	1.124265724793076515e-01	1.125181037932634354e-01
4.882812500000000102e-07	3.263560307648363107e-02	1.128613399341702461e-01	1.121225254610180855e-01
4.882812500000000102e-07	3.329290074732484811e-02	1.120302537456154823e-01	1.125826612114906311e-01
4.882812500000000102e-07	3.240900602238842160e-02	1.128715882077813148e-01	1.121138110756874084e-01
4.882812500000000102e-07	3.201867137811606479e-02	1.124896453693509102e-01	1.120883384719491005e-01
4.882812500000000102e-07	3.215956720936147262e-02	1.121118469163775444e-01	1.120618116110563278e-01
4.882812500000000102e-07	3.331439779434777759e-02	1.126968292519450188e-01	1.123182298615574837e-01
4.882812500000000102e-07	3.276874471597279043e-02	1.120566278696060181e-01	1.114946221932768822e-01
4.882812500000000102e-07	3.313179241045366430e-02	1.125323120504617691e-01	1.117366552352905273e-01
4.882812500000000102e-07	3.425062530308584791e-02	1.119792107492685318e-01	1.118424963206052780e-01
2.441406250000000051e-07	3.329557326586940480e-02	1.132648857310414314e-01	1.129113035276532173e-01
2.441406250000000051e-07	3.351995532837095254e-02	1.136583676561713219e-01	1.121018882840871811e-01
2.441406250000000051e-07	3.473645323722422684e-02	1.132244374603033066e-01	1.134745823219418526e-01
2.441406250000000051e-07	3.281951485838316418e-02	1.125539271160960197e-01	1.115271942690014839e-01
2.441406250000000051e-07	3.301986346987983989e-02	1.137188402935862541e-01	1.125184306874871254e-01
2.441406250000000051e-07	3.223416468576539851e-02	1.132390489801764488e-01	1.127197854220867157e-01
2.441406250000000051e-07	3.290275173096716965e-02	1.121634636074304581e-01	1.118547981604933739e-01
2.441406250000000051e-07	3.307251601562469917e-02	1.128021217882633209e-01	1.116018453612923622e-01
2.441406250000000051e-07	3.190673352513886951e-02	1.127503830939531326e-01	1.117053283378481865e-01
2.441406250000000051e-07	3.343036952369575487e-02	1.123103005811572075e-01	1.118798619136214256e-01
2.441406250000000051e-07	3.204143393926228017e-02	1.124398671090602875e-01	1.118737747892737389e-01
2.441406250000000051e-07	3.288629735949673283e-02	1.133591467514634132e-01	1.122323041781783104e-01
2.441406250000000051e-07	3.275730937153478045e-02	1.126660220324993134e-01	1.124305482953786850e-01
2.441406250000000051e-07	3.160474015564858352e-02	1.117844441905617714e-01	1.117802448570728302e-01
2.441406250000000051e-07	3.143304758528365356e-02	1.120071280747652054e-01	1.118546426296234131e-01
2.441406250000000051e-07	3.275822932961620915e-02	1.130261477082967758e-01	1.119850277900695801e-01
2.441406250000000051e-07	3.221678413167784749e-02	1.120905652642250061e-01	1.113891620188951492e-01
2.441406250000000051e-07	3.320558131024052562e-02	1.126605765894055367e-01	1.126650851219892502e-01
2.441406250000000051e-07	3.249380400380755957e-02	1.126781702041625977e-01	1.119480412453413010e-01
2.441406250000000051e-07	3.218307206996633835e-02	1.120388526469469070e-01	1.127283349633216858e-01
2.441406250000000051e-07	3.241235701532303726e-02	1.129863336682319641e-01	1.123284157365560532e-01
1.220703125000000025e-07	3.301717034434970693e-02	1.124234935268759727e-01	1.119376849383115768e-01
1.220703125000000025e-07	3.236404021235206319e-02	1.122568948194384575e-01	1.115625593811273575e-01
1.220703125000000025e-07	3.238846394646016646e-02	1.122656362131237984e-01	1.120080845430493355e-01
1.220703125000000025e-07	3.280157145537153374e-02	1.124379970133304596e-01	1.119859023019671440e-01
1.220703125000000025e-07	3.176452594373044974e-02	1.122628394514322281e-01	1.114080855622887611e-01
1.220703125000000025e-07	3.201593784025952988e-02	1.122931428253650665e-01	1.114158015698194504e-01
1.220703125000000025e-07	3.288821404493307704e-02	1.116738347336649895e-01	1.113646710291504860e-01
1.220703125000000025e-07	3.376845749024348642e-02	1.122504593804478645e-01	1.118191760033369064e-01
1.220703125000000025e-07	3.266022219971011220e-02	1.122615160420536995e-01	1.120657902210950851e-01
1.220703125000000025e-07	3.205951829028280686e-02	1.126311123371124268e-01	1.119752293452620506e-01
1.220703125000000025e-07	3.320293199223808139e-02	1.121666915714740753e-01	1.117257820442318916e-01
1.220703125000000025e-07	3.241891027251376373e-02	1.125671379268169403e-01	1.124989837408065796e-01
1.220703125000000025e-07	3.273417364475848107e-02	1.128647942095994949e-01	1.124637201428413391e-01
1.220703125000000025e-07	3.300920671111420845e-02	1.126756407320499420e-01	1.116111399605870247e-01
1.220703125000000025e-07	3.247892495857764017e-02	1.123204007744789124e-01	1.119889346882700920e-01
1.220703125000000025e-07	3.246910205181641196e-02	1.130023980513215065e-01	1.121586868539452553e-01
1.220703125000000025e-07	3.174812193441239883e-02	1.122141825035214424e-01	1.116076856851577759e-01
1.220703125000000025e-07	3.296649333419678779e-02	1.124223684892058372e-01	1.128308046609163284e-01
1.220703125000000025e-07	3.304972268546683967e-02	1.131419772282242775e-01	1.118848910555243492e-01
1.220703125000000025e-07	3.294750529376766490e-02	1.132141649723052979e-01	1.129803480580449104e-01
1.220703125000000025e-07	3.346655838474442424e-02	1.126377508044242859e-01	1.125077242031693459e-01
6.103515625000000127e-08	3.288297305661666559e-02	1.120876707136631012e-01	1.116292448714375496e-01
6.103515625000000127e-08	3.289974874616423406e-02	1.122422823682427406e-01	1.116527505218982697e-01
6.103515625000000127e-08	3.241910844381096918e-02	1.134171271696686745e-01	1.126579921692609787e-01
6.103515625000000127e-08	3.280569261670866765e-02	1.123263128101825714e-01	1.125901145860552788e-01
6.103515625000000127e-08	3.245509918071801114e-02	1.125564668327569962e-01	1.115354700013995171e-01
6.103515625000000127e-08	3.263225427628317632e-02	1.132515836507081985e-01	1.127186948433518410e-01
