2.000000000000000042e-03	3.673035144051419176e-01	3.054266236722469330e-01	3.019327111542224884e-01
2.000000000000000042e-03	2.547285732211945763e-01	2.929694801568984985e-01	2.891562208533287048e-01
2.000000000000000042e-03	2.326970866209344124e-01	2.284308839589357376e-01	2.268544025719165802e-01
2.000000000000000042e-03	2.146794978953615041e-01	2.161017023026943207e-01	2.153196688741445541e-01
2.000000000000000042e-03	2.130370651242099178e-01	2.187080718576908112e-01	2.208639364689588547e-01
2.000000000000000042e-03	2.135969140107118747e-01	2.273435983806848526e-01	2.265758085995912552e-01
2.000000000000000042e-03	1.966005184605151834e-01	2.036679759621620178e-01	2.025389075279235840e-01
2.000000000000000042e-03	1.961537301540374756e-01	1.878548655658960342e-01	1.915884725749492645e-01
2.000000000000000042e-03	1.871271638930598336e-01	1.821662094444036484e-01	1.844288632273674011e-01
2.000000000000000042e-03	1.882034625056423771e-01	1.864646002650260925e-01	1.904456596821546555e-01
2.000000000000000042e-03	1.834346150295643740e-01	1.646566670387983322e-01	1.656026877462863922e-01
2.000000000000000042e-03	1.834208608805378837e-01	1.595326568931341171e-01	1.617005839943885803e-01
2.000000000000000042e-03	1.755565665190732816e-01	1.711918786168098450e-01	1.713806446641683578e-01
2.000000000000000042e-03	1.736480867183661236e-01	1.921412479132413864e-01	1.901246048510074615e-01
2.000000000000000042e-03	1.723665157450905427e-01	1.824813112616539001e-01	1.820118632167577744e-01
2.000000000000000042e-03	1.795484225583981741e-01	1.697225812822580338e-01	1.690698340535163879e-01
2.000000000000000042e-03	1.719905998133405833e-01	1.627606414258480072e-01	1.622982230037450790e-01
2.000000000000000042e-03	1.688722160798084848e-01	1.714400630444288254e-01	1.727701760828495026e-01
2.000000000000000042e-03	1.647381648609909932e-01	1.595588251948356628e-01	1.601130496710538864e-01
2.000000000000000042e-03	1.668886117920090895e-01	1.729460656642913818e-01	1.739113703370094299e-01
2.000000000000000042e-03	1.618636010945597725e-01	1.660205777734518051e-01	1.653652843087911606e-01
2.000000000000000042e-03	1.599463522434234619e-01	1.530056521296501160e-01	1.521775014698505402e-01
2.000000000000000042e-03	1.550732990608939543e-01	1.708878539502620697e-01	1.720346473157405853e-01
2.000000000000000042e-03	1.531612843840937099e-01	1.480004079639911652e-01	1.483369879424571991e-01
2.000000000000000042e-03	1.517830868310566239e-01	1.489545162767171860e-01	1.511568930000066757e-01
2.000000000000000042e-03	1.562892939848235796e-01	1.492960751056671143e-01	1.498035695403814316e-01
2.000000000000000042e-03	1.547748171075989942e-01	1.470454875379800797e-01	1.497170682996511459e-01
2.000000000000000042e-03	1.466087774385379794e-01	1.465486492961645126e-01	1.490193139761686325e-01
2.000000000000000042e-03	1.483156559399411711e-01	1.402347199618816376e-01	1.406090278178453445e-01
2.000000000000000042e-03	1.458411618501325169e-01	1.635502614080905914e-01	1.649178750813007355e-01
2.000000000000000042e-03	1.519053474634508571e-01	1.615151427686214447e-01	1.655742246657609940e-01
2.000000000000000042e-03	1.465336661550063202e-01	1.603811755776405334e-01	1.614988259971141815e-01
2.000000000000000042e-03	1.510180786629266303e-01	1.578134745359420776e-01	1.629200577735900879e-01
2.000000000000000042e-03	1.463196252154398691e-01	1.464844960719347000e-01	1.490934155881404877e-01
2.000000000000000042e-03	1.490686871582948825e-01	1.449849773198366165e-01	1.474238149821758270e-01
2.000000000000000042e-03	1.466910688182975764e-01	1.421009730547666550e-01	1.425837334245443344e-01
2.000000000000000042e-03	1.427842133407351277e-01	1.383259585127234459e-01	1.418098546564579010e-01
2.000000000000000042e-03	1.421265312576595607e-01	1.551530286669731140e-01	1.551119927316904068e-01
2.000000000000000042e-03	1.403262635952309823e-01	1.330448854714632034e-01	1.368703721091151237e-01
2.000000000000000042e-03	1.358905813739269552e-01	1.442513577640056610e-01	1.416149064898490906e-01
2.000000000000000042e-03	1.338987496646144859e-01	1.596800386905670166e-01	1.595358401536941528e-01
2.000000000000000042e-03	1.363639773070057792e-01	1.474729012697935104e-01	1.492774486541748047e-01
2.000000000000000042e-03	1.344842715542527711e-01	1.400249414145946503e-01	1.389987040311098099e-01
2.000000000000000042e-03	1.329103289525720155e-01	1.401820555329322815e-01	1.382420063018798828e-01
2.000000000000000042e-03	1.323701854370817332e-01	1.357230134308338165e-01	1.360133308917284012e-01
2.000000000000000042e-03	1.346950228267078109e-01	1.507221739739179611e-01	1.508410833775997162e-01
2.000000000000000042e-03	1.320181803990014002e-01	1.431922670453786850e-01	1.415963415056467056e-01
2.000000000000000042e-03	1.326248724060722639e-01	1.495714709162712097e-01	1.497584246098995209e-01
2.000000000000000042e-03	1.337189928074426215e-01	1.390231633558869362e-01	1.437045820057392120e-01
2.000000000000000042e-03	1.313978465674798812e-01	1.401980295777320862e-01	1.421788278967142105e-01
2.000000000000000042e-03	1.301734178692479649e-01	1.416549077257514000e-01	1.435080543160438538e-01
2.000000000000000042e-03	1.340380919319164865e-01	1.366395056247711182e-01	1.406210977584123611e-01
2.000000000000000042e-03	1.280065129829358328e-01	1.321324156597256660e-01	1.344855101779103279e-01
2.000000000000000042e-03	1.268867058090016875e-01	1.450587362051010132e-01	1.438911855220794678e-01
2.000000000000000042e-03	1.251959445167191431e-01	1.395603939890861511e-01	1.419504098594188690e-01
2.000000000000000042e-03	1.227680744626854087e-01	1.346012447029352188e-01	1.366052813827991486e-01
2.000000000000000042e-03	1.203344052162351463e-01	1.277687028050422668e-01	1.296571353450417519e-01
2.000000000000000042e-03	1.217326725585551189e-01	1.310036992654204369e-01	1.321555944159626961e-01
2.000000000000000042e-03	1.268180055142957841e-01	1.432294864207506180e-01	1.428400184959173203e-01
2.000000000000000042e-03	1.203878625661511936e-01	1.349985953420400620e-01	1.373168211430311203e-01
2.000000000000000042e-03	1.220435488827620873e-01	1.345941238105297089e-01	1.351400958374142647e-01
2.000000000000000042e-03	1.209408857777148905e-01	1.520462259650230408e-01	1.531035378575325012e-01
2.000000000000000042e-03	1.217436930989917315e-01	1.406067572534084320e-01	1.413907743990421295e-01
2.000000000000000042e-03	1.210736837945406985e-01	1.399433594197034836e-01	1.381010413169860840e-01
2.000000000000000042e-03	1.244616324577150490e-01	1.443879734724760056e-01	1.428131330758333206e-01
2.000000000000000042e-03	1.242012886118285253e-01	1.336687328293919563e-01	1.311639863997697830e-01
2.000000000000000042e-03	1.159319224991375852e-01	1.418011169880628586e-01	1.436903961002826691e-01
2.000000000000000042e-03	1.187753270887121348e-01	1.370129464194178581e-01	1.383676696568727493e-01
2.000000000000000042e-03	1.135285005350656212e-01	1.320816036313772202e-01	1.316781798377633095e-01
2.000000000000000042e-03	1.184803928378262150e-01	1.333812754601240158e-01	1.347454376518726349e-01
2.000000000000000042e-03	1.109358207145823699e-01	1.316020814701914787e-01	1.325315795838832855e-01
2.000000000000000042e-03	1.116776900200904116e-01	1.448500435799360275e-01	1.455049831420183182e-01
2.000000000000000042e-03	1.105193232622327659e-01	1.264094067737460136e-01	1.282659685239195824e-01
2.000000000000000042e-03	1.146670552560045686e-01	1.510977931320667267e-01	1.513146664947271347e-01
2.000000000000000042e-03	1.154356065052974112e-01	1.327533312141895294e-01	1.322384625673294067e-01
2.000000000000000042e-03	1.086012445673157911e-01	1.321670953184366226e-01	1.322786435484886169e-01
2.000000000000000042e-03	1.134232822098309446e-01	1.290419548749923706e-01	1.288699246942996979e-01
2.000000000000000042e-03	1.077537919524349797e-01	1.313756490126252174e-01	1.322426553815603256e-01
2.000000000000000042e-03	1.054881523492970097e-01	1.507348958402872086e-01	1.496853902935981750e-01
2.000000000000000042e-03	1.050452128807200652e-01	1.238220008090138435e-01	1.241596303880214691e-01
2.000000000000000042e-03	1.067278412512586150e-01	1.275860415771603584e-01	1.272675832733511925e-01
2.000000000000000042e-03	1.073024538876135164e-01	1.305820476263761520e-01	1.308788973838090897e-01
2.000000000000000042e-03	1.069976779856259275e-01	1.334226839244365692e-01	1.323915896937251091e-01
2.000000000000000042e-03	1.028160043532335283e-01	1.388372443616390228e-01	1.407465599477291107e-01
2.000000000000000042e-03	1.047800196499764219e-01	1.229746863245964050e-01	1.222893046215176582e-01
2.000000000000000042e-03	1.041605881875074385e-01	1.291879452764987946e-01	1.277585057541728020e-01
2.000000000000000042e-03	1.014960212043569121e-01	1.379969175904989243e-01	1.386695066466927528e-01
2.000000000000000042e-03	1.063762681582306052e-01	1.292899642139673233e-01	1.284667449072003365e-01
2.000000000000000042e-03	1.053372066043600230e-01	1.311646653339266777e-01	1.288043009117245674e-01
2.000000000000000042e-03	1.003929461482205021e-01	1.353952605277299881e-01	1.357216360047459602e-01
2.000000000000000042e-03	1.013815301128580537e-01	1.346411332488059998e-01	1.345197465270757675e-01
2.000000000000000042e-03	1.018467423847959075e-01	1.316263768821954727e-01	1.334461029618978500e-01
2.000000000000000042e-03	9.938661678682399192e-02	1.318194540217518806e-01	1.323743201792240143e-01
2.000000000000000042e-03	1.006221676929087566e-01	1.360439956188201904e-01	1.378629840910434723e-01
2.000000000000000042e-03	9.769907291931441418e-02	1.278895558789372444e-01	1.254068473353981972e-01
2.000000000000000042e-03	9.749962747851505240e-02	1.308526806533336639e-01	1.303948434069752693e-01
2.000000000000000042e-03	1.002331297797492832e-01	1.351328659802675247e-01	1.332121323794126511e-01
2.000000000000000042e-03	9.718346331692949425e-02	1.484277639538049698e-01	1.480726469308137894e-01
2.000000000000000042e-03	9.890341334327866496e-02	1.325605465099215508e-01	1.329541187733411789e-01
2.000000000000000042e-03	9.730124115189418832e-02	1.256050942465662956e-01	1.240782197564840317e-01
2.000000000000000042e-03	9.520877096094662595e-02	1.244208840653300285e-01	1.246300889179110527e-01
2.000000000000000042e-03	9.788889400189436374e-02	1.274136928841471672e-01	1.249450715258717537e-01
2.000000000000000042e-03	9.326648985660529467e-02	1.338940719142556190e-01	1.327638141810894012e-01
2.000000000000000042e-03	1.005187282645249730e-01	1.307523027062416077e-01	1.295838514342904091e-01
2.000000000000000042e-03	9.925602131252046767e-02	1.328545939177274704e-01	1.324936561286449432e-01
2.000000000000000042e-03	9.456327425528175679e-02	1.342547750100493431e-01	1.323693180456757545e-01
1.000000000000000021e-03	8.347964682911016010e-02	1.198537917807698250e-01	1.169453850015997887e-01
1.000000000000000021e-03	8.025156102980239570e-02	1.168656535446643829e-01	1.146526206284761429e-01
1.000000000000000021e-03	7.885878674591643989e-02	1.248618541285395622e-01	1.221919972449541092e-01
1.000000000000000021e-03	7.761669903993606567e-02	1.224241275340318680e-01	1.198585256934165955e-01
1.000000000000000021e-03	7.956206251548815500e-02	1.246383497491478920e-01	1.216946225613355637e-01
1.000000000000000021e-03	7.952977419842648110e-02	1.210577068850398064e-01	1.160680176690220833e-01
1.000000000000000021e-03	7.692042775923692288e-02	1.237735394388437271e-01	1.210426324978470802e-01
1.000000000000000021e-03	7.601926254132125582e-02	1.310666026547551155e-01	1.286173118278384209e-01
1.000000000000000021e-03	7.372758122561853811e-02	1.240133810788393021e-01	1.214678985998034477e-01
1.000000000000000021e-03	7.386173949211458090e-02	1.196084246039390564e-01	1.177210640162229538e-01
1.000000000000000021e-03	7.395518424956104564e-02	1.216691574081778526e-01	1.182134943082928658e-01
1.000000000000000021e-03	7.509922424826441512e-02	1.238308083266019821e-01	1.221784409135580063e-01
1.000000000000000021e-03	7.302151771285865511e-02	1.242307703942060471e-01	1.208963850513100624e-01
1.000000000000000021e-03	7.298740018394929419e-02	1.207567406818270683e-01	1.165161989629268646e-01
1.000000000000000021e-03	7.117877061231227265e-02	1.211415976285934448e-01	1.164445793256163597e-01
1.000000000000000021e-03	7.341240648227402577e-02	1.187738785520195961e-01	1.153658386319875717e-01
1.000000000000000021e-03	7.405314122951484057e-02	1.229243138805031776e-01	1.190925789996981621e-01
1.000000000000000021e-03	7.516462704803369976e-02	1.209613876417279243e-01	1.169784469529986382e-01
1.000000000000000021e-03	7.160094092729725468e-02	1.235316563397645950e-01	1.208329787477850914e-01
1.000000000000000021e-03	7.030535324276247777e-02	1.202986091375350952e-01	1.168089555576443672e-01
1.000000000000000021e-03	6.855907625978506503e-02	1.182897565886378288e-01	1.137697082012891769e-01
1.000000000000000021e-03	7.181608667479286168e-02	1.193155040964484215e-01	1.165899317711591721e-01
1.000000000000000021e-03	6.874104678819450975e-02	1.196251148357987404e-01	1.145006557926535606e-01
5.000000000000000104e-04	6.634696469276765707e-02	1.271653957664966583e-01	1.226086234673857689e-01
5.000000000000000104e-04	6.243871468343312192e-02	1.161611694842576981e-01	1.140661016106605530e-01
5.000000000000000104e-04	6.317058658298058127e-02	1.189990080893039703e-01	1.144826440140604973e-01
5.000000000000000104e-04	6.130435350763646651e-02	1.177755882963538170e-01	1.142884520813822746e-01
5.000000000000000104e-04	6.191554094983052481e-02	1.153473928570747375e-01	1.123353382572531700e-01
5.000000000000000104e-04	6.038418596115293496e-02	1.154295550659298897e-01	1.128597082570195198e-01
5.000000000000000104e-04	6.281594210599042438e-02	1.177245257422327995e-01	1.148275528103113174e-01
5.000000000000000104e-04	6.190215272805358465e-02	1.165494602173566818e-01	1.126678623259067535e-01
5.000000000000000104e-04	6.055928898763052876e-02	1.149792522192001343e-01	1.120999157428741455e-01
5.000000000000000104e-04	6.092009452890746052e-02	1.152683729305863380e-01	1.109802983701229095e-01
5.000000000000000104e-04	6.022535561572147506e-02	1.180257936939597130e-01	1.146056428551673889e-01
5.000000000000000104e-04	5.694758920352670228e-02	1.166758351027965546e-01	1.126337554305791855e-01
5.000000000000000104e-04	5.837180677659904032e-02	1.158117353916168213e-01	1.120252432301640511e-01
5.000000000000000104e-04	6.093546809463561142e-02	1.149050714448094368e-01	1.113609699532389641e-01
5.000000000000000104e-04	5.892083062967167634e-02	1.160830585286021233e-01	1.116448743268847466e-01
5.000000000000000104e-04	5.839527742583540404e-02	1.167880287393927574e-01	1.119183544069528580e-01
5.000000000000000104e-04	5.711970416994034683e-02	1.170235062018036842e-01	1.134243374690413475e-01
5.000000000000000104e-04	5.973091877148121315e-02	1.160848597064614296e-01	1.119228005409240723e-01
5.000000000000000104e-04	6.096018846087818133e-02	1.177188754081726074e-01	1.132279820740222931e-01
5.000000000000000104e-04	5.808295851832703804e-02	1.178899947553873062e-01	1.149785472080111504e-01
5.000000000000000104e-04	5.591252634796915061e-02	1.165849575772881508e-01	1.123221395537257195e-01
5.000000000000000104e-04	5.845672703242000418e-02	1.166862137615680695e-01	1.118244426324963570e-01
5.000000000000000104e-04	5.762800102746939296e-02	1.164763905107975006e-01	1.122233634814620018e-01
5.000000000000000104e-04	5.835491890394235021e-02	1.171540673822164536e-01	1.127092167735099792e-01
5.000000000000000104e-04	5.533592497246175163e-02	1.183058032765984535e-01	1.129884086549282074e-01
5.000000000000000104e-04	5.806615943961505877e-02	1.196177033707499504e-01	1.163255376741290092e-01
5.000000000000000104e-04	5.617219138937660367e-02	1.160492599010467529e-01	1.133315023034811020e-01
5.000000000000000104e-04	5.652040766575668757e-02	1.199037423357367516e-01	1.151096979156136513e-01
5.000000000000000104e-04	5.662602813372129285e-02	1.168744806200265884e-01	1.136796213686466217e-01
5.000000000000000104e-04	5.648060614549661046e-02	1.174278743565082550e-01	1.129657104611396790e-01
5.000000000000000104e-04	5.440867871423311214e-02	1.190280066803097725e-01	1.147502455860376358e-01
5.000000000000000104e-04	5.678236847625502820e-02	1.167481699958443642e-01	1.136054014787077904e-01
5.000000000000000104e-04	5.977629667407349801e-02	1.197067685425281525e-01	1.149064805358648300e-01
5.000000000000000104e-04	5.399854368046869135e-02	1.162035446614027023e-01	1.126028345897793770e-01
5.000000000000000104e-04	5.421743900338305694e-02	1.160682924091815948e-01	1.130499402061104774e-01
2.500000000000000052e-04	5.146708098959319050e-02	1.146227540448307991e-01	1.111907605081796646e-01
2.500000000000000052e-04	5.106001238845571388e-02	1.155027272179722786e-01	1.117483302950859070e-01
2.500000000000000052e-04	5.111742231853400736e-02	1.145385447889566422e-01	1.106217037886381149e-01
2.500000000000000052e-04	5.048302589338037050e-02	1.172009631991386414e-01	1.125563913956284523e-01
2.500000000000000052e-04	4.963655967878390085e-02	1.154592009261250496e-01	1.118820216506719589e-01
2.500000000000000052e-04	5.150457514049131685e-02	1.161332270130515099e-01	1.117432694882154465e-01
2.500000000000000052e-04	4.930374224351931345e-02	1.168498545885086060e-01	1.118477405980229378e-01
2.500000000000000052e-04	5.151177504206005259e-02	1.164972931146621704e-01	1.114200102165341377e-01
2.500000000000000052e-04	4.824710477002059489e-02	1.157946195453405380e-01	1.112996693700551987e-01
2.500000000000000052e-04	5.109593413675887763e-02	1.164849540218710899e-01	1.125587727874517441e-01
2.500000000000000052e-04	4.908884269527242356e-02	1.159491678699851036e-01	1.115508023649454117e-01
2.500000000000000052e-04	4.898134831197654276e-02	1.160767152905464172e-01	1.118057128041982651e-01
2.500000000000000052e-04	4.973650935895835429e-02	1.152184959501028061e-01	1.114360522478818893e-01
2.500000000000000052e-04	4.939892411797861677e-02	1.172281987965106964e-01	1.135187465697526932e-01
2.500000000000000052e-04	4.928674888384493302e-02	1.158641949295997620e-01	1.121419388800859451e-01
2.500000000000000052e-04	5.047396777928629674e-02	1.168785365298390388e-01	1.126561593264341354e-01
2.500000000000000052e-04	5.032946645647664446e-02	1.171244457364082336e-01	1.118508037179708481e-01
2.500000000000000052e-04	5.001890640470046251e-02	1.159487441182136536e-01	1.111351661384105682e-01
2.500000000000000052e-04	4.887540369660039324e-02	1.155000254511833191e-01	1.117372615262866020e-01
2.500000000000000052e-04	4.901308589909650348e-02	1.158271869644522667e-01	1.118482425808906555e-01
2.500000000000000052e-04	4.815495042484017885e-02	1.167044313624501228e-01	1.119498759508132935e-01
2.500000000000000052e-04	4.953852503360071935e-02	1.171006411314010620e-01	1.134950034320354462e-01
2.500000000000000052e-04	4.883154439209382719e-02	1.176792634651064873e-01	1.146251447498798370e-01
2.500000000000000052e-04	4.969895475461513085e-02	1.163145592436194420e-01	1.129904109984636307e-01
1.250000000000000026e-04	4.584112405022488373e-02	1.155275488272309303e-01	1.114205587655305862e-01
1.250000000000000026e-04	4.569948455200919385e-02	1.152148144319653511e-01	1.110015055164694786e-01
1.250000000000000026e-04	4.657523036946224076e-02	1.151630645617842674e-01	1.107187094166874886e-01
1.250000000000000026e-04	4.784764028802702962e-02	1.157502792775630951e-01	1.123249391093850136e-01
1.250000000000000026e-04	4.589092566431322850e-02	1.151782171800732613e-01	1.117777479812502861e-01
1.250000000000000026e-04	4.533198315508758097e-02	1.158883646130561829e-01	1.120068347081542015e-01
1.250000000000000026e-04	4.662473381885999524e-02	1.154921632260084152e-01	1.103107994422316551e-01
1.250000000000000026e-04	4.631378723284865911e-02	1.150155328214168549e-01	1.109549440443515778e-01
1.250000000000000026e-04	4.647285227156892906e-02	1.158993998542428017e-01	1.105273636057972908e-01
1.250000000000000026e-04	4.720586665634867590e-02	1.150127090513706207e-01	1.106333136558532715e-01
1.250000000000000026e-04	4.717177487438237865e-02	1.151693267747759819e-01	1.113753616809844971e-01
1.250000000000000026e-04	4.467108694812919195e-02	1.153003200888633728e-01	1.110973590984940529e-01
1.250000000000000026e-04	4.609249673689468085e-02	1.159728849306702614e-01	1.126919584348797798e-01
1.250000000000000026e-04	4.407759557796429861e-02	1.158414129167795181e-01	1.115467129275202751e-01
1.250000000000000026e-04	4.482390010092832111e-02	1.151802120730280876e-01	1.113878153264522552e-01
1.250000000000000026e-04	4.479160796426519264e-02	1.166832176968455315e-01	1.132249115034937859e-01
1.250000000000000026e-04	4.607363658238061016e-02	1.158929020166397095e-01	1.116239940747618675e-01
1.250000000000000026e-04	4.619601802735388840e-02	1.169663295149803162e-01	1.128014996647834778e-01
1.250000000000000026e-04	4.567064608954175819e-02	1.148748323321342468e-01	1.105842841789126396e-01
1.250000000000000026e-04	4.484438335027875894e-02	1.159094683825969696e-01	1.116073811426758766e-01
1.250000000000000026e-04	4.479881852299352069e-02	1.153465900570154190e-01	1.116699585691094398e-01
6.250000000000000130e-05	4.435256425338455349e-02	1.153905587270855904e-01	1.112566441297531128e-01
6.250000000000000130e-05	4.488794364129440606e-02	1.154161654412746429e-01	1.118663633242249489e-01
6.250000000000000130e-05	4.303226188485381049e-02	1.146263470873236656e-01	1.108081061393022537e-01
6.250000000000000130e-05	4.505445449789868134e-02	1.169211668893694878e-01	1.123758750036358833e-01
6.250000000000000130e-05	4.398372373248957135e-02	1.149047603830695152e-01	1.112531423568725586e-01
6.250000000000000130e-05	4.432197650776633496e-02	1.154589727520942688e-01	1.114918747916817665e-01
6.250000000000000130e-05	4.421868472348285811e-02	1.151871979236602783e-01	1.116871545091271400e-01
6.250000000000000130e-05	4.344820488197139591e-02	1.143084336072206497e-01	1.107491059228777885e-01
6.250000000000000130e-05	4.298743155277982841e-02	1.157858641818165779e-01	1.118578510358929634e-01
6.250000000000000130e-05	4.282883432092545600e-02	1.140436632558703423e-01	1.106864735484123230e-01
6.250000000000000130e-05	4.446461171949211283e-02	1.143903331831097603e-01	1.111514661461114883e-01
6.250000000000000130e-05	4.443278010415879775e-02	1.143742511048913002e-01	1.106102103367447853e-01
6.250000000000000130e-05	4.266786716784103095e-02	1.161042498424649239e-01	1.125718541443347931e-01
6.250000000000000130e-05	4.154726853476294751e-02	1.142391813918948174e-01	1.108638662844896317e-01
6.250000000000000130e-05	4.372372490035582315e-02	1.151475505903363228e-01	1.103091044351458549e-01
6.250000000000000130e-05	4.307394795402695598e-02	1.154394820332527161e-01	1.118406206369400024e-01
6.250000000000000130e-05	4.259941451062884687e-02	1.156915938481688499e-01	1.111941076815128326e-01
6.250000000000000130e-05	4.380852526313142037e-02	1.156498268246650696e-01	1.116454163566231728e-01
6.250000000000000130e-05	4.164861887693405151e-02	1.148746395483613014e-01	1.108468109741806984e-01
6.250000000000000130e-05	4.347636965633947664e-02	1.150771901011466980e-01	1.114594656974077225e-01
6.250000000000000130e-05	4.346249853791315371e-02	1.152918944135308266e-01	1.107041826471686363e-01
6.250000000000000130e-05	4.242437137172946210e-02	1.158997938036918640e-01	1.115096164867281914e-01
6.250000000000000130e-05	4.387983642046964367e-02	1.158552458509802818e-01	1.116203730925917625e-01
6.250000000000000130e-05	4.196351575606231676e-02	1.147723942995071411e-01	1.106655476614832878e-01
6.250000000000000130e-05	4.236605666766438127e-02	1.148149054497480392e-01	1.109867198392748833e-01
6.250000000000000130e-05	4.272078340755233045e-02	1.142170773819088936e-01	1.110942391678690910e-01
6.250000000000000130e-05	4.298534065107755681e-02	1.150910397991538048e-01	1.108194319531321526e-01
6.250000000000000130e-05	4.442110942983174687e-02	1.161768222227692604e-01	1.119467215612530708e-01
6.250000000000000130e-05	4.305681192516526423e-02	1.152058914303779602e-01	1.110745789483189583e-01
6.250000000000000130e-05	4.276955019258245339e-02	1.153100272640585899e-01	1.114988541230559349e-01
6.250000000000000130e-05	4.375392516862742359e-02	1.156125450506806374e-01	1.118088681250810623e-01
3.125000000000000065e-05	4.122014049016221870e-02	1.149420067667961121e-01	1.118540009483695030e-01
3.125000000000000065e-05	4.183749489108972569e-02	1.154085071757435799e-01	1.119659543037414551e-01
3.125000000000000065e-05	4.064389964259123439e-02	1.143354438245296478e-01	1.107931733131408691e-01
3.125000000000000065e-05	4.099556699961046796e-02	1.150541454553604126e-01	1.118143871426582336e-01
3.125000000000000065e-05	4.188790243071845859e-02	1.147965695708990097e-01	1.104665463790297508e-01
3.125000000000000065e-05	4.136292261507692331e-02	1.150825722143054008e-01	1.112017650157213211e-01
3.125000000000000065e-05	4.230300469111792500e-02	1.147434134036302567e-01	1.109694559127092361e-01
3.125000000000000065e-05	4.140269449805911856e-02	1.144685884937644005e-01	1.107641272246837616e-01
3.125000000000000065e-05	4.237464077393465062e-02	1.151213496923446655e-01	1.107148956507444382e-01
3.125000000000000065e-05	4.389889241208003862e-02	1.153290057554841042e-01	1.117236390709877014e-01
3.125000000000000065e-05	4.218178150491624229e-02	1.152782160788774490e-01	1.114018978551030159e-01
3.125000000000000065e-05	4.249744105471085776e-02	1.149702435359358788e-01	1.110529284924268723e-01
3.125000000000000065e-05	4.184173799673967381e-02	1.151332436129450798e-01	1.109762825071811676e-01
3.125000000000000065e-05	4.013478838473181348e-02	1.143453959375619888e-01	1.111117992550134659e-01
3.125000000000000065e-05	4.122621125152593768e-02	1.151874242350459099e-01	1.116377841681241989e-01
3.125000000000000065e-05	4.352528825873815815e-02	1.165885906666517258e-01	1.133392285555601120e-01
3.125000000000000065e-05	4.300506886896453274e-02	1.161242108792066574e-01	1.123321605846285820e-01
3.125000000000000065e-05	4.150120171282110221e-02	1.142135970294475555e-01	1.107379673048853874e-01
3.125000000000000065e-05	4.160374636419966049e-02	1.152598112821578979e-01	1.114838309586048126e-01
3.125000000000000065e-05	4.189434454222269039e-02	1.150442967191338539e-01	1.114489054307341576e-01
3.125000000000000065e-05	4.197359448180922742e-02	1.153846355155110359e-01	1.122419517487287521e-01
1.562500000000000033e-05	4.111138464812236215e-02	1.149539276957511902e-01	1.117769284173846245e-01
1.562500000000000033e-05	4.137542049247253106e-02	1.172418957576155663e-01	1.146121798083186150e-01
1.562500000000000033e-05	4.084936262968974496e-02	1.153292972594499588e-01	1.114470232278108597e-01
1.562500000000000033e-05	4.074282067108758038e-02	1.149878520518541336e-01	1.109495079144835472e-01
1.562500000000000033e-05	4.169693315708184606e-02	1.152991475537419319e-01	1.121682580560445786e-01
1.562500000000000033e-05	4.158436292428759062e-02	1.155149089172482491e-01	1.120875338092446327e-01
1.562500000000000033e-05	4.196917647613754992e-02	1.139341434463858604e-01	1.101671457290649414e-01
1.562500000000000033e-05	4.274664199144780075e-02	1.173737337812781334e-01	1.139923809096217155e-01
1.562500000000000033e-05	4.130433304117449994e-02	1.141763534396886826e-01	1.106899660080671310e-01
1.562500000000000033e-05	4.009668722371511479e-02	1.157448105514049530e-01	1.116448817774653435e-01
1.562500000000000033e-05	4.170288459126707953e-02	1.146628670394420624e-01	1.105475639924407005e-01
1.562500000000000033e-05	4.178732900019688223e-02	1.144370958209037781e-01	1.115489099174737930e-01
1.562500000000000033e-05	4.139650306558307485e-02	1.155517809092998505e-01	1.115322494879364967e-01
1.562500000000000033e-05	4.050821450220633280e-02	1.151141654700040817e-01	1.118021812289953232e-01
1.562500000000000033e-05	4.241637975166115404e-02	1.167877549305558205e-01	1.131196105852723122e-01
1.562500000000000033e-05	4.041551904682116891e-02	1.143743246793746948e-01	1.107238652184605598e-01
1.562500000000000033e-05	4.277079066709627009e-02	1.147276200354099274e-01	1.106131132692098618e-01
1.562500000000000033e-05	4.173065028801749288e-02	1.146971462294459343e-01	1.114372545853257179e-01
1.562500000000000033e-05	4.119231867827946592e-02	1.142697501927614212e-01	1.109936647117137909e-01
1.562500000000000033e-05	4.028986481643175716e-02	1.153950700536370277e-01	1.112718787044286728e-01
1.562500000000000033e-05	4.108190913743610395e-02	1.155387740582227707e-01	1.119073005393147469e-01
1.562500000000000033e-05	4.188819710589662682e-02	1.153376800939440727e-01	1.115977242588996887e-01
1.562500000000000033e-05	4.060326167677022480e-02	1.148891132324934006e-01	1.108430922031402588e-01
1.562500000000000033e-05	4.131891969827156813e-02	1.148075126111507416e-01	1.105953408405184746e-01
1.562500000000000033e-05	3.990016257555424606e-02	1.153740286827087402e-01	1.110968841239809990e-01
1.562500000000000033e-05	4.308033536506604422e-02	1.163206407800316811e-01	1.126723187044262886e-01
1.562500000000000033e-05	4.300701134849952562e-02	1.154830930754542351e-01	1.117374086752533913e-01
1.562500000000000033e-05	4.089233786150624217e-02	1.151373963803052902e-01	1.113971807062625885e-01
7.812500000000000163e-06	4.039808018486711061e-02	1.153788818046450615e-01	1.115908119827508926e-01
7.812500000000000163e-06	3.965638742982587062e-02	1.157604493200778961e-01	1.106453128159046173e-01
7.812500000000000163e-06	4.099784873991827588e-02	1.150657646358013153e-01	1.110146827995777130e-01
7.812500000000000163e-06	4.053072065492219905e-02	1.153887743130326271e-01	1.109646484255790710e-01
7.812500000000000163e-06	4.227069121655784023e-02	1.157797118648886681e-01	1.119707766920328140e-01
7.812500000000000163e-06	4.095579103767117701e-02	1.147576523944735527e-01	1.109669134020805359e-01
7.812500000000000163e-06	4.106034482298772520e-02	1.150341778993606567e-01	1.114534521475434303e-01
7.812500000000000163e-06	4.069270563748064035e-02	1.154830139130353928e-01	1.117611126974225044e-01
7.812500000000000163e-06	4.127775102004974800e-02	1.159385815262794495e-01	1.113155856728553772e-01
7.812500000000000163e-06	4.051436476786680202e-02	1.147709256038069725e-01	1.112511223182082176e-01
7.812500000000000163e-06	4.077596493253979326e-02	1.167862750589847565e-01	1.132190003991127014e-01
7.812500000000000163e-06	3.951856001174148397e-02	1.148827485740184784e-01	1.115356897935271263e-01
7.812500000000000163e-06	4.202392527574225212e-02	1.157533209770917892e-01	1.121296370401978493e-01
7.812500000000000163e-06	4.114229852168620194e-02	1.151519836857914925e-01	1.114855902269482613e-01
7.812500000000000163e-06	4.058364507612548244e-02	1.150436950847506523e-01	1.120818024501204491e-01
7.812500000000000163e-06	4.100289026015921379e-02	1.145928567275404930e-01	1.111015751957893372e-01
7.812500000000000163e-06	3.947019527513015436e-02	1.156057240441441536e-01	1.116986963897943497e-01
7.812500000000000163e-06	4.130389574396459151e-02	1.151781659573316574e-01	1.113750459626317024e-01
7.812500000000000163e-06	3.978065846935857630e-02	1.150911720469594002e-01	1.112337708473205566e-01
7.812500000000000163e-06	4.125433594365663509e-02	1.147305956110358238e-01	1.107783894985914230e-01
7.812500000000000163e-06	4.137749767190293526e-02	1.153209144249558449e-01	1.107946643605828285e-01
3.906250000000000081e-06	4.159735187982456506e-02	1.151961907744407654e-01	1.115113794803619385e-01
3.906250000000000081e-06	4.053691659075549930e-02	1.165302172303199768e-01	1.129416553303599358e-01
3.906250000000000081e-06	3.961104201742365188e-02	1.151385931298136711e-01	1.112929787486791611e-01
3.906250000000000081e-06	3.972950639038146103e-02	1.152202943339943886e-01	1.111897686496376991e-01
3.906250000000000081e-06	4.005740224560604829e-02	1.148553742095828056e-01	1.108066895976662636e-01
3.906250000000000081e-06	4.265663051341153644e-02	1.151323849335312843e-01	1.119147557765245438e-01
3.906250000000000081e-06	3.978128834993024249e-02	1.148694790899753571e-01	1.109924316406250000e-01
3.906250000000000081e-06	4.095810991299303483e-02	1.157800313085317612e-01	1.113928947597742081e-01
3.906250000000000081e-06	4.046975771743285821e-02	1.152394190430641174e-01	1.114846291020512581e-01
3.906250000000000081e-06	4.008882273507269334e-02	1.151260565966367722e-01	1.110996734350919724e-01
3.906250000000000081e-06	4.063199356764177900e-02	1.150442650541663170e-01	1.114292107522487640e-01
3.906250000000000081e-06	4.160647358320936073e-02	1.158840851858258247e-01	1.123666390776634216e-01
3.906250000000000081e-06	4.179269084824791675e-02	1.178280562162399292e-01	1.139571899548172951e-01
3.906250000000000081e-06	4.022547810138026037e-02	1.145638898015022278e-01	1.105209020897746086e-01
3.906250000000000081e-06	4.068534326138375373e-02	1.160997692495584488e-01	1.126369880512356758e-01
3.906250000000000081e-06	4.068911832438994181e-02	1.155599011108279228e-01	1.120413029566407204e-01
3.906250000000000081e-06	3.993175247141832196e-02	1.153998337686061859e-01	1.117817908525466919e-01
3.906250000000000081e-06	4.152333262506165135e-02	1.151672247797250748e-01	1.119086174294352531e-01
3.906250000000000081e-06	3.962417050630231280e-02	1.148605151101946831e-01	1.109460350126028061e-01
3.906250000000000081e-06	4.025560013855560004e-02	1.147686280310153961e-01	1.116302739828824997e-01
3.906250000000000081e-06	4.044700331420083422e-02	1.147368997335433960e-01	1.113656759262084961e-01
1.953125000000000041e-06	4.088413052826742750e-02	1.147413831204175949e-01	1.113398252055048943e-01
1.953125000000000041e-06	4.035038498666467660e-02	1.157358353957533836e-01	1.122967656701803207e-01
1.953125000000000041e-06	3.971876196940488796e-02	1.149536259472370148e-01	1.114635886624455452e-01
1.953125000000000041e-06	4.124247886334793389e-02	1.156636150553822517e-01	1.118385568261146545e-01
1.953125000000000041e-06	3.971396438494513570e-02	1.153431311249732971e-01	1.116184908896684647e-01
1.953125000000000041e-06	4.232005020485648389e-02	1.159390844404697418e-01	1.119089582934975624e-01
1.953125000000000041e-06	4.192256840252423650e-02	1.149312481284141541e-01	1.104755653068423271e-01
1.953125000000000041e-06	4.089384929194480461e-02	1.164554366841912270e-01	1.130964159965515137e-01
1.953125000000000041e-06	4.157370234592051156e-02	1.149963755160570145e-01	1.111040320247411728e-01
1.953125000000000041e-06	4.143329841803900654e-02	1.156776733696460724e-01	1.114845657721161842e-01
1.953125000000000041e-06	4.114814336069776840e-02	1.154573671519756317e-01	1.118735643103718758e-01
1.953125000000000041e-06	4.043114869089066421e-02	1.157954018563032150e-01	1.126846112310886383e-01
1.953125000000000041e-06	4.019734187971187728e-02	1.153884418308734894e-01	1.112024011090397835e-01
1.953125000000000041e-06	4.032591777511789627e-02	1.150979828089475632e-01	1.111057605594396591e-01
1.953125000000000041e-06	4.072496995235545814e-02	1.151602612808346748e-01	1.114634629338979721e-01
1.953125000000000041e-06	4.105237805390659495e-02	1.151036415249109268e-01	1.116112619638442993e-01
1.953125000000000041e-06	4.120278705052937002e-02	1.156528834253549576e-01	1.116663767024874687e-01
1.953125000000000041e-06	4.052963223355480343e-02	1.149032125249505043e-01	1.114519899711012840e-01
1.953125000000000041e-06	4.047272151595429635e-02	1.154667092487215996e-01	1.113631511107087135e-01
1.953125000000000041e-06	4.226085298423525732e-02	1.159413037821650505e-01	1.126580033451318741e-01
1.953125000000000041e-06	3.967615827635119496e-02	1.146438801661133766e-01	1.112230997532606125e-01
9.765625000000000203e-07	4.072953953961782475e-02	1.150624416768550873e-01	1.110998513177037239e-01
9.765625000000000203e-07	4.082050577654868645e-02	1.153814680874347687e-01	1.117402417585253716e-01
9.765625000000000203e-07	4.047410131160971564e-02	1.155456434935331345e-01	1.116914795711636543e-01
9.765625000000000203e-07	4.096533277932601358e-02	1.154197901487350464e-01	1.114540314301848412e-01
9.765625000000000203e-07	4.145871284358863817e-02	1.147928340360522270e-01	1.105893934145569801e-01
9.765625000000000203e-07	4.068041352342955524e-02	1.159821972250938416e-01	1.121232034638524055e-01
9.765625000000000203e-07	4.062204147818722355e-02	1.166223566979169846e-01	1.123787946999073029e-01
9.765625000000000203e-07	4.164930939957310618e-02	1.156672732904553413e-01	1.114138234406709671e-01
9.765625000000000203e-07	4.061528575854211204e-02	1.150727327913045883e-01	1.110590826719999313e-01
9.765625000000000203e-07	4.160449776468398003e-02	1.156108072027564049e-01	1.111814929172396660e-01
9.765625000000000203e-07	4.045140337717684220e-02	1.152317412197589874e-01	1.116537544876337051e-01
9.765625000000000203e-07	4.073093831539154053e-02	1.151984632015228271e-01	1.107115261256694794e-01
9.765625000000000203e-07	4.110408895000626506e-02	1.154944486916065216e-01	1.119108973070979118e-01
9.765625000000000203e-07	4.156732957668696909e-02	1.160406852141022682e-01	1.126105766743421555e-01
9.765625000000000203e-07	4.035503664820254410e-02	1.152056688442826271e-01	1.120782811194658279e-01
9.765625000000000203e-07	4.069120960333679621e-02	1.154696829617023468e-01	1.114325821399688721e-01
9.765625000000000203e-07	4.086935029754155957e-02	1.152879912406206131e-01	1.111678294837474823e-01
9.765625000000000203e-07	4.178553187771688604e-02	1.162996226921677589e-01	1.123576648533344269e-01
9.765625000000000203e-07	4.103825003191639842e-02	1.152748344466090202e-01	1.114271506667137146e-01
9.765625000000000203e-07	4.103573744149902058e-02	1.146613145247101784e-01	1.106882626190781593e-01
9.765625000000000203e-07	4.018462583705594005e-02	1.148040257394313812e-01	1.107210759073495865e-01
4.882812500000000102e-07	4.071971698652340071e-02	1.151730613783001900e-01	1.108979415148496628e-01
4.882812500000000102e-07	4.115021186350267118e-02	1.162836039438843727e-01	1.121600316837430000e-01
4.882812500000000102e-07	4.189065662271614088e-02	1.150135621428489685e-01	1.119397263973951340e-01
4.882812500000000102e-07	4.065020922335643022e-02	1.153689501807093620e-01	1.110750855877995491e-01
4.882812500000000102e-07	4.149621135637730079e-02	1.148734968155622482e-01	1.113953432068228722e-01
4.882812500000000102e-07	3.976599035100846641e-02	1.151515729725360870e-01	1.115396972745656967e-01
4.882812500000000102e-07	4.064834452693975170e-02	1.155970478430390358e-01	1.117293005809187889e-01
4.882812500000000102e-07	4.027338349555112385e-02	1.150203114375472069e-01	1.114364136010408401e-01
4.882812500000000102e-07	4.105802931928936167e-02	1.160346716642379761e-01	1.119828708469867706e-01
4.882812500000000102e-07	4.009049531968333913e-02	1.151240384206175804e-01	1.111096171662211418e-01
4.882812500000000102e-07	4.044832277430009115e-02	1.155549362301826477e-01	1.121948985382914543e-01
4.882812500000000102e-07	3.935701234997072973e-02	1.148708518594503403e-01	1.113162515684962273e-01
4.882812500000000102e-07	4.061107486014878948e-02	1.154688932001590729e-01	1.115966066718101501e-01
4.882812500000000102e-07	4.065035453325585579e-02	1.144676068797707558e-01	1.109743351116776466e-01
4.882812500000000102e-07	4.111027929790412455e-02	1.151322824880480766e-01	1.111091300845146179e-01
4.882812500000000102e-07	3.947934817192675500e-02	1.157618351280689240e-01	1.114053959026932716e-01
4.882812500000000102e-07	4.025509055185166885e-02	1.149183325469493866e-01	1.118664452806115150e-01
4.882812500000000102e-07	4.141318236913862222e-02	1.154522970318794250e-01	1.118099614977836609e-01
4.882812500000000102e-07	4.094290867730786265e-02	1.154262404888868332e-01	1.120377825573086739e-01
4.882812500000000102e-07	3.985366317195982583e-02	1.155455708503723145e-01	1.120380135253071785e-01
4.882812500000000102e-07	3.997748536116714491e-02	1.147414203733205795e-01	1.110628871247172356e-01
2.441406250000000051e-07	4.184126846869535427e-02	1.156471520662307739e-01	1.114695863798260689e-01
2.441406250000000051e-07	4.040867047785203642e-02	1.157320793718099594e-01	1.118153389543294907e-01
2.441406250000000051e-07	3.937215888519075835e-02	1.152033656835556030e-01	1.110744476318359375e-01
2.441406250000000051e-07	4.051143291724633444e-02	1.147190285846590996e-01	1.109120287001132965e-01
2.441406250000000051e-07	4.052304511866237219e-02	1.146420501172542572e-01	1.112024644389748573e-01
2.441406250000000051e-07	4.029831580251832385e-02	1.155562186613678932e-01	1.122349007055163383e-01
2.441406250000000051e-07	3.948297386965419348e-02	1.146622579544782639e-01	1.119882538914680481e-01
2.441406250000000051e-07	4.110234591496896017e-02	1.153971198946237564e-01	1.112965224310755730e-01
2.441406250000000051e-07	4.012988196520865525e-02	1.154535738751292229e-01	1.111142765730619431e-01
2.441406250000000051e-07	4.018349596593953632e-02	1.145442519336938858e-01	1.112287007272243500e-01
2.441406250000000051e-07	3.947658520899241519e-02	1.154098948463797569e-01	1.116355834528803825e-01
2.441406250000000051e-07	3.991098477964914043e-02	1.151557937264442444e-01	1.113334875553846359e-01
2.441406250000000051e-07	4.106692847194550605e-02	1.160134049132466316e-01	1.119180889800190926e-01
2.441406250000000051e-07	4.535534949619558776e-02	1.193184284493327141e-01	1.159461950883269310e-01
2.441406250000000051e-07	4.229144075343126141e-02	1.152097107842564583e-01	1.120923254638910294e-01
2.441406250000000051e-07	3.948001679080196530e-02	1.147005148231983185e-01	1.111090658232569695e-01
2.441406250000000051e-07	4.151497210694264639e-02	1.152401277795433998e-01	1.121554961428046227e-01
2.441406250000000051e-07	4.134198315913164418e-02	1.163868643343448639e-01	1.128257904201745987e-01
2.441406250000000051e-07	4.058333441520793616e-02	1.157419681549072266e-01	1.115372274070978165e-01
2.441406250000000051e-07	4.030229934031450550e-02	1.151784500107169151e-01	1.110848737880587578e-01
2.441406250000000051e-07	4.270442443180687969e-02	1.164210578426718712e-01	1.125730145722627640e-01
1.220703125000000025e-07	4.126211526933350193e-02	1.152832796797156334e-01	1.113876691088080406e-01
1.220703125000000025e-07	4.153565305603455771e-02	1.157755777239799500e-01	1.116396673023700714e-01
1.220703125000000025e-07	4.002229664238948076e-02	1.145551800727844238e-01	1.106516299769282341e-01
1.220703125000000025e-07	4.103096095915836905e-02	1.159801669418811798e-01	1.124339941889047623e-01
1.220703125000000025e-07	4.097885732786565177e-02	1.159525988623499870e-01	1.120424577966332436e-01
1.220703125000000025e-07	4.105704421578328794e-02	1.154438313096761703e-01	1.115792393684387207e-01
1.220703125000000025e-07	4.007362265469906898e-02	1.146942926570773125e-01	1.110914070159196854e-01
1.220703125000000025e-07	4.094547773652439104e-02	1.152152568101882935e-01	1.118608200922608376e-01
1.220703125000000025e-07	4.137361231201057421e-02	1.159866396337747574e-01	1.116546439006924629e-01
1.220703125000000025e-07	4.141570144344734056e-02	1.153548769652843475e-01	1.115356190130114555e-01
1.220703125000000025e-07	4.028923748226105606e-02	1.147649502381682396e-01	1.107865320518612862e-01
1.220703125000000025e-07	4.026942235665231101e-02	1.162506286054849625e-01	1.127880383282899857e-01
1.220703125000000025e-07	4.239200786510600311e-02	1.156699908897280693e-01	1.110807238146662712e-01
1.220703125000000025e-07	4.210564911459820092e-02	1.156977172940969467e-01	1.126677514985203743e-01
1.220703125000000025e-07	4.150132431731193977e-02	1.167901875451207161e-01	1.133536016568541527e-01
1.220703125000000025e-07	4.166984994294522376e-02	1.157238492742180824e-01	1.115972194820642471e-01
1.220703125000000025e-07	4.023086423455159849e-02	1.152161210775375366e-01	1.107529392465949059e-01
1.220703125000000025e-07	4.027269174686715775e-02	1.149852843955159187e-01	1.112608183175325394e-01
1.220703125000000025e-07	4.068793434225305428e-02	1.154246889054775238e-01	1.112021859735250473e-01
1.220703125000000025e-07	4.120187400073944961e-02	1.148300878703594208e-01	1.114886440336704254e-01
1.220703125000000025e-07	3.982627901095378564e-02	1.154743544757366180e-01	1.112912530079483986e-01
6.103515625000000127e-08	3.916664857747433753e-02	1.157299736514687538e-01	1.114167934283614159e-01
6.103515625000000127e-08	4.200226514116872645e-02	1.164833232760429382e-01	1.135021178051829338e-01
6.103515625000000127e-08	4.201698699329473041e-02	1.145742842927575111e-01	1.114282170310616493e-01
6.103515625000000127e-08	4.028542717046375288e-02	1.156646078452467918e-01	1.117908684536814690e-01
6.103515625000000127e-08	3.948176824310912353e-02	1.151581471785902977e-01	1.110437978059053421e-01
6.103515625000000127e-08	4.010063697454295528e-02	1.151747135445475578e-01	1.112009752541780472e-01
6.103515625000000127e-08	4.102200333359120460e-02	1.146106375381350517e-01	1.110528903082013130e-01
6.103515625000000127e-08	4.246038582788992655e-02	1.150333834812045097e-01	1.109106428921222687e-01
6.103515625000000127e-08	4.078233246750469221e-02	1.154141966253519058e-01	1.111511923372745514e-01
6.103515625000000127e-08	4.047215583769581126e-02	1.155913742259144783e-01	1.117435125634074211e-01
6.103515625000000127e-08	3.984989834171306922e-02	1.151442509144544601e-01	1.110436152666807175e-01
6.103515625000000127e-08	4.130726998459689076e-02	1.145594706758856773e-01	1.113210339099168777e-01
6.103515625000000127e-08	3.896261706853969276e-02	1.154839554801583290e-01	1.118389088660478592e-01
6.103515625000000127e-08	4.094323935576631851e-02	1.158431870862841606e-01	1.118258461356163025e-01
6.103515625000000127e-08	4.210144550174097638e-02	1.161603704094886780e-01	1.119036031886935234e-01
6.103515625000000127e-08	4.024355056919629026e-02	1.153418719768524170e-01	1.117980014532804489e-01
6.103515625000000127e-08	4.080714264153680049e-02	1.151002263650298119e-01	1.116891494020819664e-01
6.103515625000000127e-08	4.074305593024326461e-02	1.169863361865282059e-01	1.124001331627368927e-01
6.103515625000000127e-08	4.082836804887916143e-02	1.157308574765920639e-01	1.117886621505022049e-01
6.103515625000000127e-08	4.289918114678769462e-02	1.153398156166076660e-01	1.116047650575637817e-01
6.103515625000000127e-08	4.227451609942731864e-02	1.158419596031308174e-01	1.120796110481023788e-01
3.051757812500000064e-08	4.072398470738266413e-02	1.167386183515191078e-01	1.130775045603513718e-01
3.051757812500000064e-08	4.135457049064998614e-02	1.164110507816076279e-01	1.124191852286458015e-01
3.051757812500000064e-08	4.023813588332526142e-02	1.146126342937350273e-01	1.108885090798139572e-01
3.051757812500000064e-08	3.959365901124628495e-02	1.154079623520374298e-01	1.118796290829777718e-01
3.051757812500000064e-08	4.134257269811026508e-02	1.161411209031939507e-01	1.116628982126712799e-01
3.051757812500000064e-08	4.095502742389334899e-02	1.148237325251102448e-01	1.107948003336787224e-01
3.051757812500000064e-08	4.190527461469173431e-02	1.156005235388875008e-01	1.113085262477397919e-01
3.051757812500000064e-08	4.046668194800238233e-02	1.144821783527731895e-01	1.113129546865820885e-01
3.051757812500000064e-08	4.201391685895527334e-02	1.171373808756470680e-01	1.128786243498325348e-01
3.051757812500000064e-08	4.060971331370027970e-02	1.150913685560226440e-01	1.115803243592381477e-01
3.051757812500000064e-08	4.017709129596058054e-02	1.147936675697565079e-01	1.121060391888022423e-01
3.051757812500000064e-08	4.156718657741063916e-02	1.152134789153933525e-01	1.113407742232084274e-01
3.051757812500000064e-08	4.132934478170509351e-02	1.148436181247234344e-01	1.115113589912652969e-01
3.051757812500000064e-08	4.099763769514953166e-02	1.155641432851552963e-01	1.117638982832431793e-01
3.051757812500000064e-08	4.170860949007770824e-02	1.178771760314702988e-01	1.141246911138296127e-01
3.051757812500000064e-08	4.093994598694240122e-02	1.170090278610587120e-01	1.129366494715213776e-01
3.051757812500000064e-08	4.031082235653943996e-02	1.150772012770175934e-01	1.113560656085610390e-01
3.051757812500000064e-08	4.126227170794825178e-02	1.162974303588271141e-01	1.117545254528522491e-01
3.051757812500000064e-08	4.159432569447951700e-02	1.158269364386796951e-01	1.120642106980085373e-01
3.051757812500000064e-08	4.216567030813120343e-02	1.169876968488097191e-01	1.131649343296885490e-01
3.051757812500000064e-08	4.025183908075471301e-02	1.152312178164720535e-01	1.112918825820088387e-01
1.525878906250000032e-08	4.115553492609458353e-02	1.160135027021169662e-01	1.121698478236794472e-01
1.525878906250000032e-08	4.068835346098942374e-02	1.156811695545911789e-01	1.115912636741995811e-01
1.525878906250000032e-08	4.021206354321558291e-02	1.160172224044799805e-01	1.120653143152594566e-01
1.525878906250000032e-08	4.018711180815214001e-02	1.156273353844881058e-01	1.122604031115770340e-01
1.525878906250000032e-08	4.128641580950610096e-02	1.155743114650249481e-01	1.117363376542925835e-01
1.525878906250000032e-08	4.129231164727029807e-02	1.146002598106861115e-01	1.110241981223225594e-01
1.525878906250000032e-08	4.129330952993676834e-02	1.145795248448848724e-01	1.107717221602797508e-01
1.525878906250000032e-08	4.043337874869002563e-02	1.150076473131775856e-01	1.109612984582781792e-01
1.525878906250000032e-08	4.078921255997464829e-02	1.146947667002677917e-01	1.111740889027714729e-01
1.525878906250000032e-08	4.029137610540359932e-02	1.154302004724740982e-01	1.117712752893567085e-01
1.525878906250000032e-08	4.029001215402083780e-02	1.160530271008610725e-01	1.116158058866858482e-01
1.525878906250000032e-08	4.091522875654546310e-02	1.149621978402137756e-01	1.117673469707369804e-01
1.525878906250000032e-08	4.027688383018668966e-02	1.159205790609121323e-01	1.126233171671628952e-01
1.525878906250000032e-08	4.055766287389435398e-02	1.149532077834010124e-01	1.106900013983249664e-01
1.525878906250000032e-08	4.065195388526101489e-02	1.149459676817059517e-01	1.109226075932383537e-01
1.525878906250000032e-08	4.113306020256839168e-02	1.153572341427206993e-01	1.110908137634396553e-01
1.525878906250000032e-08	4.310089644469038139e-02	1.157377222552895546e-01	1.119607323780655861e-01
1.525878906250000032e-08	3.952283011395719969e-02	1.152610816061496735e-01	1.115313209593296051e-01
1.525878906250000032e-08	4.125821295701249947e-02	1.160772806033492088e-01	1.125014675781130791e-01
1.525878906250000032e-08	4.002030790323698323e-02	1.156381387263536453e-01	1.121948873624205589e-01
1.525878906250000032e-08	4.231136862801600229e-02	1.152965323999524117e-01	1.116542192175984383e-01
1.525878906250000032e-08	4.101167338652701028e-02	1.153394971042871475e-01	1.106412103399634361e-01
