2.000000000000000042e-03	3.647538038748728839e-01	3.383305855095386505e-01	3.381681442260742188e-01
2.000000000000000042e-03	2.456662494547759423e-01	2.351399585604667664e-01	2.310359850525856018e-01
2.000000000000000042e-03	2.276264066937603581e-01	2.714536339044570923e-01	2.708830721676349640e-01
2.000000000000000042e-03	2.150314731311194494e-01	2.528621759265661240e-01	2.472888845950365067e-01
2.000000000000000042e-03	2.058762774060044209e-01	2.010606303811073303e-01	2.001879978924989700e-01
2.000000000000000042e-03	2.016089556715156550e-01	1.982666421681642532e-01	1.980565078556537628e-01
2.000000000000000042e-03	1.968838366903836179e-01	2.413062788546085358e-01	2.379307877272367477e-01
2.000000000000000042e-03	1.931163065041167914e-01	2.013828754425048828e-01	2.027795780450105667e-01
2.000000000000000042e-03	1.835521237005161288e-01	1.820919681340456009e-01	1.818586234003305435e-01
2.000000000000000042e-03	1.838976016527489876e-01	1.670067403465509415e-01	1.678772903978824615e-01
2.000000000000000042e-03	1.841602080230471394e-01	1.631209179759025574e-01	1.646999940276145935e-01
2.000000000000000042e-03	1.834206581115722656e-01	1.791161969304084778e-01	1.807328220456838608e-01
2.000000000000000042e-03	1.753527280650561404e-01	1.868206262588500977e-01	1.851136572659015656e-01
2.000000000000000042e-03	1.794639818276031196e-01	1.780104171484708786e-01	1.778842285275459290e-01
2.000000000000000042e-03	1.723088597572302594e-01	1.697413828223943710e-01	1.704558152705430984e-01
2.000000000000000042e-03	1.711619336016570458e-01	1.664438024163246155e-01	1.650957353413105011e-01
2.000000000000000042e-03	1.724712999561164861e-01	1.609036698937416077e-01	1.636152174323797226e-01
2.000000000000000042e-03	1.729942099957526569e-01	1.830854900181293488e-01	1.862551439553499222e-01
2.000000000000000042e-03	1.686074613015862977e-01	1.605236232280731201e-01	1.598170418292284012e-01
2.000000000000000042e-03	1.701685742864125772e-01	1.529409121721982956e-01	1.533879674971103668e-01
2.000000000000000042e-03	1.681583934946905279e-01	1.545202545821666718e-01	1.539075039327144623e-01
2.000000000000000042e-03	1.577526208343385250e-01	1.531226728111505508e-01	1.575328335165977478e-01
2.000000000000000042e-03	1.543712649918809743e-01	1.498325783759355545e-01	1.489614248275756836e-01
2.000000000000000042e-03	1.513520914919768701e-01	1.495894063264131546e-01	1.502771768718957901e-01
2.000000000000000042e-03	1.573502428923981011e-01	1.561487466096878052e-01	1.573700308799743652e-01
2.000000000000000042e-03	1.613451200949994890e-01	1.817375216633081436e-01	1.807795912027359009e-01
2.000000000000000042e-03	1.554140009080307305e-01	1.482195165008306503e-01	1.485180668532848358e-01
2.000000000000000042e-03	1.486999340638329725e-01	1.707510557025671005e-01	1.728717163205146790e-01
2.000000000000000042e-03	1.509872955989234045e-01	1.462637539952993393e-01	1.479594055563211441e-01
2.000000000000000042e-03	1.499015172071094804e-01	1.560085564851760864e-01	1.550589408725500107e-01
2.000000000000000042e-03	1.459156901964658304e-01	1.584677565842866898e-01	1.575356740504503250e-01
2.000000000000000042e-03	1.456273618755461186e-01	1.558029502630233765e-01	1.547727398574352264e-01
2.000000000000000042e-03	1.427754038308240159e-01	1.464804578572511673e-01	1.479668095707893372e-01
2.000000000000000042e-03	1.476140661707407431e-01	1.538528334349393845e-01	1.539476886391639709e-01
2.000000000000000042e-03	1.439330438269844636e-01	1.421930026262998581e-01	1.418687812983989716e-01
2.000000000000000042e-03	1.380303005063081012e-01	1.472154781222343445e-01	1.479026731103658676e-01
2.000000000000000042e-03	1.398917650686034575e-01	1.401540096849203110e-01	1.402605595067143440e-01
2.000000000000000042e-03	1.389039755810665133e-01	1.555207185447216034e-01	1.557689532637596130e-01
2.000000000000000042e-03	1.436606161767923495e-01	1.429594345390796661e-01	1.450095493346452713e-01
2.000000000000000042e-03	1.350020468235015869e-01	1.513081416487693787e-01	1.516791172325611115e-01
2.000000000000000042e-03	1.303781340771083541e-01	1.447568442672491074e-01	1.470071263611316681e-01
2.000000000000000042e-03	1.394072511716734075e-01	1.397442650049924850e-01	1.414196752011775970e-01
2.000000000000000042e-03	1.358377349716198557e-01	1.425607111304998398e-01	1.433234065771102905e-01
2.000000000000000042e-03	1.426604769275158224e-01	1.491969842463731766e-01	1.487569417804479599e-01
2.000000000000000042e-03	1.358858006475847091e-01	1.351224575191736221e-01	1.355945058166980743e-01
2.000000000000000042e-03	1.329531267851213894e-01	1.369285918772220612e-01	1.358075942844152451e-01
2.000000000000000042e-03	1.293854881313782623e-01	1.435797326266765594e-01	1.455418523401021957e-01
2.000000000000000042e-03	1.312349784789205998e-01	1.484430972486734390e-01	1.490352042019367218e-01
2.000000000000000042e-03	1.302777542909489272e-01	1.381590375676751137e-01	1.388987936079502106e-01
2.000000000000000042e-03	1.316848908421359432e-01	1.439802423119544983e-01	1.447603870183229446e-01
2.000000000000000042e-03	1.274807096659382744e-01	1.438379343599081039e-01	1.464640647172927856e-01
2.000000000000000042e-03	1.269190674529799834e-01	1.398545373231172562e-01	1.397832371294498444e-01
2.000000000000000042e-03	1.291304527770114896e-01	1.390759889036417007e-01	1.402267999947071075e-01
2.000000000000000042e-03	1.225835123582731251e-01	1.340424129739403725e-01	1.364941317588090897e-01
2.000000000000000042e-03	1.243708278936675876e-01	1.417361162602901459e-01	1.455891057848930359e-01
2.000000000000000042e-03	1.253412394206735170e-01	1.614048909395933151e-01	1.621307339519262314e-01
2.000000000000000042e-03	1.249188599707205111e-01	1.350676119327545166e-01	1.379572451114654541e-01
2.000000000000000042e-03	1.236868385649934621e-01	1.491279285401105881e-01	1.513300985097885132e-01
2.000000000000000042e-03	1.217510941662365842e-01	1.319818515330553055e-01	1.342234276235103607e-01
2.000000000000000042e-03	1.223845845913585223e-01	1.306415349245071411e-01	1.342896129935979843e-01
2.000000000000000042e-03	1.189998530700236978e-01	1.363455709069967270e-01	1.380414422601461411e-01
2.000000000000000042e-03	1.221562905024878576e-01	1.445861048996448517e-01	1.460049729794263840e-01
2.000000000000000042e-03	1.214737908183773918e-01	1.490285210311412811e-01	1.493104025721549988e-01
2.000000000000000042e-03	1.192588548682912974e-01	1.344296215102076530e-01	1.374957961961627007e-01
2.000000000000000042e-03	1.182904355699502946e-01	1.356810741126537323e-01	1.375976921990513802e-01
2.000000000000000042e-03	1.136233542538896413e-01	1.280575599521398544e-01	1.305332304909825325e-01
2.000000000000000042e-03	1.170541665787938335e-01	1.324844248592853546e-01	1.379149109125137329e-01
2.000000000000000042e-03	1.154617724727980688e-01	1.320229694247245789e-01	1.330503439530730247e-01
2.000000000000000042e-03	1.126732168884217039e-01	1.288764495402574539e-01	1.308995122089982033e-01
2.000000000000000042e-03	1.172216428042967135e-01	1.425579376518726349e-01	1.460886467248201370e-01
2.000000000000000042e-03	1.133618824466874342e-01	1.395306438207626343e-01	1.465195957571268082e-01
2.000000000000000042e-03	1.133852595392661755e-01	1.348160151392221451e-01	1.344045195728540421e-01
2.000000000000000042e-03	1.144056500324720088e-01	1.367883495986461639e-01	1.396096954122185707e-01
2.000000000000000042e-03	1.162901803662505368e-01	1.382176131010055542e-01	1.388288531452417374e-01
2.000000000000000042e-03	1.103604148271717655e-01	1.455314457416534424e-01	1.486797500401735306e-01
2.000000000000000042e-03	1.101408387663998234e-01	1.344927521422505379e-01	1.370200999081134796e-01
2.000000000000000042e-03	1.117675228020812844e-01	1.395055279135704041e-01	1.431376710534095764e-01
2.000000000000000042e-03	1.119596975136406825e-01	1.382623016834259033e-01	1.413497943431138992e-01
2.000000000000000042e-03	1.097870132402528759e-01	1.289649894461035728e-01	1.302489126101136208e-01
2.000000000000000042e-03	1.074163969370383193e-01	1.264676889404654503e-01	1.329298084601759911e-01
2.000000000000000042e-03	1.032811564546597116e-01	1.316490564495325089e-01	1.350402627140283585e-01
2.000000000000000042e-03	1.079167916993551551e-01	1.281813578680157661e-01	1.325615365058183670e-01
2.000000000000000042e-03	1.056545002362396096e-01	1.272364994511008263e-01	1.305065304040908813e-01
2.000000000000000042e-03	1.034622254628169424e-01	1.345613449811935425e-01	1.350175440311431885e-01
2.000000000000000042e-03	1.056036097528059298e-01	1.232339954003691673e-01	1.274697929620742798e-01
2.000000000000000042e-03	1.018023977551279213e-01	1.251536952331662178e-01	1.282473867759108543e-01
2.000000000000000042e-03	1.009597575551346854e-01	1.332401297986507416e-01	1.375670209527015686e-01
2.000000000000000042e-03	1.017541890091533952e-01	1.309963706880807877e-01	1.339514516294002533e-01
2.000000000000000042e-03	1.023157497372808311e-01	1.403110474348068237e-01	1.412428021430969238e-01
2.000000000000000042e-03	1.056649926342541623e-01	1.366527415812015533e-01	1.373996026813983917e-01
2.000000000000000042e-03	1.025499743939955050e-01	1.316513316705822945e-01	1.362727526575326920e-01
2.000000000000000042e-03	1.062980185769781261e-01	1.303075011819601059e-01	1.309912959113717079e-01
2.000000000000000042e-03	9.735764685688139131e-02	1.216256823390722275e-01	1.256549339741468430e-01
2.000000000000000042e-03	9.914861147916770312e-02	1.370638869702816010e-01	1.396855302155017853e-01
2.000000000000000042e-03	9.973826447996912703e-02	1.310235057026147842e-01	1.344927530735731125e-01
2.000000000000000042e-03	9.751537593105170931e-02	1.292576594278216362e-01	1.292292531579732895e-01
2.000000000000000042e-03	1.019096074602271890e-01	1.309952624142169952e-01	1.300451522693037987e-01
2.000000000000000042e-03	9.495972832546958897e-02	1.221963167190551758e-01	1.234044842422008514e-01
2.000000000000000042e-03	9.614795861364919261e-02	1.301937075331807137e-01	1.329833567142486572e-01
2.000000000000000042e-03	9.734932719906673471e-02	1.296258214861154556e-01	1.310594771057367325e-01
2.000000000000000042e-03	9.478941993622840012e-02	1.243592388927936554e-01	1.261647986248135567e-01
2.000000000000000042e-03	9.505252964511702596e-02	1.258120071142911911e-01	1.291153095662593842e-01
2.000000000000000042e-03	9.538621681777736949e-02	1.344427652657032013e-01	1.385308206081390381e-01
2.000000000000000042e-03	9.269638010595418476e-02	1.301156552508473396e-01	1.324639609083533287e-01
2.000000000000000042e-03	9.348309002345121799e-02	1.242440687492489815e-01	1.243927897885441780e-01
2.000000000000000042e-03	9.222816072310073554e-02	1.287591550499200821e-01	1.315062772482633591e-01
2.000000000000000042e-03	9.254293549287168075e-02	1.229613423347473145e-01	1.268654707819223404e-01
2.000000000000000042e-03	9.094541670778129305e-02	1.378916595131158829e-01	1.386198829859495163e-01
2.000000000000000042e-03	9.155837701091283642e-02	1.323586190119385719e-01	1.331448042765259743e-01
2.000000000000000042e-03	9.208176860326452995e-02	1.307118600234389305e-01	1.309033436700701714e-01
2.000000000000000042e-03	8.859563109618198706e-02	1.217668121680617332e-01	1.221794774755835533e-01
2.000000000000000042e-03	8.976529048213476025e-02	1.257545398548245430e-01	1.278428258374333382e-01
2.000000000000000042e-03	9.202129290073732260e-02	1.275174804031848907e-01	1.275948099792003632e-01
2.000000000000000042e-03	9.253381353013123700e-02	1.293323440477252007e-01	1.281487913802266121e-01
1.000000000000000021e-03	7.966440491661240519e-02	1.149645997211337090e-01	1.151260379701852798e-01
1.000000000000000021e-03	7.611675999021227934e-02	1.207376373931765556e-01	1.216850159689784050e-01
1.000000000000000021e-03	7.538538534618631493e-02	1.244853017851710320e-01	1.246895175427198410e-01
1.000000000000000021e-03	7.889432087540626526e-02	1.164318807423114777e-01	1.172717791050672531e-01
1.000000000000000021e-03	7.497458692781533429e-02	1.243010703474283218e-01	1.241917749866843224e-01
1.000000000000000021e-03	7.475553085155124677e-02	1.209006914868950844e-01	1.201507970690727234e-01
1.000000000000000021e-03	7.392345274551005707e-02	1.183715257793664932e-01	1.194272534921765327e-01
1.000000000000000021e-03	7.451075669142263880e-02	1.259746793657541275e-01	1.259258091449737549e-01
1.000000000000000021e-03	7.522007827705974592e-02	1.175877721980214119e-01	1.200449811294674873e-01
1.000000000000000021e-03	7.211591256192967370e-02	1.220847405493259430e-01	1.228005215525627136e-01
1.000000000000000021e-03	7.266905257784866956e-02	1.196361007168889046e-01	1.186027927324175835e-01
1.000000000000000021e-03	7.083211829767951939e-02	1.213300973176956177e-01	1.211462803184986115e-01
1.000000000000000021e-03	7.034772427021702967e-02	1.238487409427762032e-01	1.235183151438832283e-01
1.000000000000000021e-03	7.218261987348145725e-02	1.183991460129618645e-01	1.198410931974649429e-01
1.000000000000000021e-03	7.116415936358366778e-02	1.194455558434128761e-01	1.189821641892194748e-01
1.000000000000000021e-03	7.105691957322857188e-02	1.154734948650002480e-01	1.168063273653388023e-01
1.000000000000000021e-03	6.863914722506003763e-02	1.201948188245296478e-01	1.200127257034182549e-01
1.000000000000000021e-03	7.068725208504290924e-02	1.234532957896590233e-01	1.223140135407447815e-01
1.000000000000000021e-03	7.034676969994473061e-02	1.274470565840601921e-01	1.274009179323911667e-01
1.000000000000000021e-03	6.950922168885605157e-02	1.186157558113336563e-01	1.199803911149501801e-01
1.000000000000000021e-03	6.792467587356325331e-02	1.171339107677340508e-01	1.180273704230785370e-01
1.000000000000000021e-03	7.087222340552112865e-02	1.254458259791135788e-01	1.252983901649713516e-01
5.000000000000000104e-04	6.350359679022922477e-02	1.199185429140925407e-01	1.193077554926276207e-01
5.000000000000000104e-04	6.279445104772531094e-02	1.173006594181060791e-01	1.162090767174959183e-01
5.000000000000000104e-04	5.856538262171081394e-02	1.153994174674153328e-01	1.165572879835963249e-01
5.000000000000000104e-04	6.014790159614780141e-02	1.188087174668908119e-01	1.177737265825271606e-01
5.000000000000000104e-04	6.102342498076113175e-02	1.165134897455573082e-01	1.151828384026885033e-01
5.000000000000000104e-04	6.079346738472769796e-02	1.181909479200839996e-01	1.176959965378046036e-01
5.000000000000000104e-04	6.042067202020295208e-02	1.166071277111768723e-01	1.158319888636469841e-01
5.000000000000000104e-04	5.897943713242494862e-02	1.163777559995651245e-01	1.155028091743588448e-01
5.000000000000000104e-04	5.856205848387525253e-02	1.169228106737136841e-01	1.152275810018181801e-01
5.000000000000000104e-04	5.859429360945013487e-02	1.178792640566825867e-01	1.161653082817792892e-01
5.000000000000000104e-04	5.662276020532922005e-02	1.200113510712981224e-01	1.183625534176826477e-01
5.000000000000000104e-04	5.839211856828459973e-02	1.164411231875419617e-01	1.159115303307771683e-01
5.000000000000000104e-04	5.637144485983667380e-02	1.172465486451983452e-01	1.155317025259137154e-01
5.000000000000000104e-04	5.710621069692357887e-02	1.162374615669250488e-01	1.153866602107882500e-01
5.000000000000000104e-04	5.519155365756795578e-02	1.158397141844034195e-01	1.150436596944928169e-01
5.000000000000000104e-04	5.738831886762305046e-02	1.180257117375731468e-01	1.178735494613647461e-01
5.000000000000000104e-04	5.618507306598409523e-02	1.167314508929848671e-01	1.175030088052153587e-01
5.000000000000000104e-04	5.506750795094272899e-02	1.154601322486996651e-01	1.161394100636243820e-01
5.000000000000000104e-04	5.536169021189966954e-02	1.153175458312034607e-01	1.146404994651675224e-01
5.000000000000000104e-04	5.781100030186810124e-02	1.148691456764936447e-01	1.144529590383172035e-01
5.000000000000000104e-04	5.509630180423772533e-02	1.148293307051062584e-01	1.140189887955784798e-01
5.000000000000000104e-04	5.462962737943552471e-02	1.164611363783478737e-01	1.166098872199654579e-01
5.000000000000000104e-04	5.564562476511242944e-02	1.161244735121726990e-01	1.160873239859938622e-01
5.000000000000000104e-04	5.475617511362969314e-02	1.172720594331622124e-01	1.166273988783359528e-01
5.000000000000000104e-04	5.281292524518845649e-02	1.169905606657266617e-01	1.165652722120285034e-01
5.000000000000000104e-04	5.631536009568202661e-02	1.161597948521375656e-01	1.164184687659144402e-01
5.000000000000000104e-04	5.422923996855941176e-02	1.170731810852885246e-01	1.175545919686555862e-01
5.000000000000000104e-04	5.531955458506752910e-02	1.192717934027314186e-01	1.189522007480263710e-01
5.000000000000000104e-04	5.391321713222733264e-02	1.212917696684598923e-01	1.191709982231259346e-01
5.000000000000000104e-04	5.391330102199240470e-02	1.162196360528469086e-01	1.158746620640158653e-01
5.000000000000000104e-04	5.409947844057143296e-02	1.156392339617013931e-01	1.148086953908205032e-01
5.000000000000000104e-04	5.329157902470117725e-02	1.157506573945283890e-01	1.158592607825994492e-01
5.000000000000000104e-04	5.326302354282970442e-02	1.189609682187438011e-01	1.184692066162824631e-01
5.000000000000000104e-04	5.376005130289476103e-02	1.161145484074950218e-01	1.168781155720353127e-01
5.000000000000000104e-04	5.197297338443466336e-02	1.164762359112501144e-01	1.166407996788620949e-01
5.000000000000000104e-04	5.363259021239944607e-02	1.168160391971468925e-01	1.167385904118418694e-01
5.000000000000000104e-04	5.440312147706369977e-02	1.170146986842155457e-01	1.181412087753415108e-01
5.000000000000000104e-04	5.285613644349423934e-02	1.158471265807747841e-01	1.163778109475970268e-01
5.000000000000000104e-04	5.438362670284282996e-02	1.162215238437056541e-01	1.162787172943353653e-01
5.000000000000000104e-04	5.374940093370932787e-02	1.161886667832732201e-01	1.168187018483877182e-01
5.000000000000000104e-04	5.264056035423580332e-02	1.160920998081564903e-01	1.163413338363170624e-01
5.000000000000000104e-04	5.206399019571799486e-02	1.176871806383132935e-01	1.187832904979586601e-01
2.500000000000000052e-04	4.893371019559570462e-02	1.150459432974457741e-01	1.146691255271434784e-01
2.500000000000000052e-04	4.678822205036501508e-02	1.155060026794672012e-01	1.151956841349601746e-01
2.500000000000000052e-04	4.794564182999767887e-02	1.149585070088505745e-01	1.154959239065647125e-01
2.500000000000000052e-04	4.713596502625489598e-02	1.143643911927938461e-01	1.143656093627214432e-01
2.500000000000000052e-04	4.702449297603172873e-02	1.142685180529952049e-01	1.140340873971581459e-01
2.500000000000000052e-04	4.613258986722065108e-02	1.142639648169279099e-01	1.143600214272737503e-01
2.500000000000000052e-04	4.794527500679221510e-02	1.157648805528879166e-01	1.150837624445557594e-01
2.500000000000000052e-04	4.688517688007294570e-02	1.153226308524608612e-01	1.155158123001456261e-01
2.500000000000000052e-04	4.832912722154508733e-02	1.163264913484454155e-01	1.169476397335529327e-01
2.500000000000000052e-04	4.612110394843017130e-02	1.146448384970426559e-01	1.145190969109535217e-01
2.500000000000000052e-04	4.677290488270264418e-02	1.146380482241511345e-01	1.147011741995811462e-01
2.500000000000000052e-04	4.460307470039476252e-02	1.154575804248452187e-01	1.157265482470393181e-01
2.500000000000000052e-04	4.672041856035401286e-02	1.170676210895180702e-01	1.170203788205981255e-01
2.500000000000000052e-04	4.859669030278544050e-02	1.133315367624163628e-01	1.144630489870905876e-01
2.500000000000000052e-04	4.835971260938463218e-02	1.169163184240460396e-01	1.178499031811952591e-01
2.500000000000000052e-04	4.671450473273856818e-02	1.149593871086835861e-01	1.153760710731148720e-01
2.500000000000000052e-04	4.513065521664257063e-02	1.144268633797764778e-01	1.148447254672646523e-01
2.500000000000000052e-04	4.656497186309174752e-02	1.167697655037045479e-01	1.172775663435459137e-01
2.500000000000000052e-04	4.613655758432195358e-02	1.153511898592114449e-01	1.157601065933704376e-01
2.500000000000000052e-04	4.559897777589061452e-02	1.155025754123926163e-01	1.159362224861979485e-01
2.500000000000000052e-04	4.501173720706867082e-02	1.169139314442873001e-01	1.176846474409103394e-01
2.500000000000000052e-04	4.653508909329583110e-02	1.162376841530203819e-01	1.164631573483347893e-01
2.500000000000000052e-04	4.673089299209510356e-02	1.149291228502988815e-01	1.162570193409919739e-01
2.500000000000000052e-04	4.637496758110915690e-02	1.155679859220981598e-01	1.160319698974490166e-01
2.500000000000000052e-04	4.582257752742948526e-02	1.154775153845548630e-01	1.158572742715477943e-01
2.500000000000000052e-04	4.549590238853346014e-02	1.160240434110164642e-01	1.155605241656303406e-01
2.500000000000000052e-04	4.489952415416512133e-02	1.158923227339982986e-01	1.170062040910124779e-01
2.500000000000000052e-04	4.527538774322859699e-02	1.179799214005470276e-01	1.174031076952815056e-01
2.500000000000000052e-04	4.463514327248440522e-02	1.145229954272508621e-01	1.149951443076133728e-01
2.500000000000000052e-04	4.552695263601556908e-02	1.150803379714488983e-01	1.152923805639147758e-01
2.500000000000000052e-04	4.445563700002960056e-02	1.145516075193881989e-01	1.149722496047616005e-01
2.500000000000000052e-04	4.378958584009846888e-02	1.150616370141506195e-01	1.139853456988930702e-01
2.500000000000000052e-04	4.560827496874181319e-02	1.149036111310124397e-01	1.153175411745905876e-01
2.500000000000000052e-04	4.431951517545724278e-02	1.152689848095178604e-01	1.148282298818230629e-01
2.500000000000000052e-04	4.228397633267354239e-02	1.152246445417404175e-01	1.154625248163938522e-01
1.250000000000000026e-04	4.365707943333855395e-02	1.163016166538000107e-01	1.165236020460724831e-01
1.250000000000000026e-04	4.262516494321672011e-02	1.151776229962706566e-01	1.146211475133895874e-01
1.250000000000000026e-04	4.141200522455987937e-02	1.140702515840530396e-01	1.137366965413093567e-01
1.250000000000000026e-04	4.239302972638154393e-02	1.141670290380716324e-01	1.141042495146393776e-01
1.250000000000000026e-04	4.220309193375744450e-02	1.145495008677244186e-01	1.146701183170080185e-01
1.250000000000000026e-04	4.139960677469078226e-02	1.143258959054946899e-01	1.142270825803279877e-01
1.250000000000000026e-04	4.252181742104548662e-02	1.159060290083289146e-01	1.158737679943442345e-01
1.250000000000000026e-04	4.378573299397395951e-02	1.152550065889954567e-01	1.148450616747140884e-01
1.250000000000000026e-04	4.213403806656221967e-02	1.140165124088525772e-01	1.144788628444075584e-01
1.250000000000000026e-04	4.145832185315180551e-02	1.161461714655160904e-01	1.165529033169150352e-01
1.250000000000000026e-04	4.271055828732780307e-02	1.154946377500891685e-01	1.148978937417268753e-01
1.250000000000000026e-04	4.188425449913815712e-02	1.148470984771847725e-01	1.148102907463908195e-01
1.250000000000000026e-04	4.182204641873323719e-02	1.165826860815286636e-01	1.171389846131205559e-01
1.250000000000000026e-04	4.040571523806716497e-02	1.156945722177624702e-01	1.154243992641568184e-01
1.250000000000000026e-04	4.209742317848567950e-02	1.154972389340400696e-01	1.150573175400495529e-01
1.250000000000000026e-04	4.218240431215189434e-02	1.151165002956986427e-01	1.151673858985304832e-01
1.250000000000000026e-04	4.276897343276422209e-02	1.160103483125567436e-01	1.156399492174386978e-01
1.250000000000000026e-04	4.214925012445148306e-02	1.159739103168249130e-01	1.153568690642714500e-01
1.250000000000000026e-04	4.240628711502008458e-02	1.146286148577928543e-01	1.145443804562091827e-01
1.250000000000000026e-04	4.155516049152688240e-02	1.162549927830696106e-01	1.162683619186282158e-01
1.250000000000000026e-04	4.175161042168170494e-02	1.144445938989520073e-01	1.147440122440457344e-01
6.250000000000000130e-05	4.057325962695140092e-02	1.144538074731826782e-01	1.141801765188574791e-01
6.250000000000000130e-05	4.051036151904094385e-02	1.156838806346058846e-01	1.155217299237847328e-01
6.250000000000000130e-05	4.158645455690124226e-02	1.155641274526715279e-01	1.158890007063746452e-01
6.250000000000000130e-05	4.115960181136674861e-02	1.152465539053082466e-01	1.153450189158320427e-01
6.250000000000000130e-05	3.993056139236764168e-02	1.158662922680377960e-01	1.156698251143097878e-01
6.250000000000000130e-05	4.048451453541652978e-02	1.145938718691468239e-01	1.151153007522225380e-01
6.250000000000000130e-05	4.143262595598456305e-02	1.151807280257344246e-01	1.152337966486811638e-01
6.250000000000000130e-05	4.090637143088292349e-02	1.148653626441955566e-01	1.157774599269032478e-01
6.250000000000000130e-05	4.126247989980480479e-02	1.146416608244180679e-01	1.151755424216389656e-01
6.250000000000000130e-05	4.067318971398510563e-02	1.150649935007095337e-01	1.147632403299212456e-01
6.250000000000000130e-05	4.116833931471727825e-02	1.160824596881866455e-01	1.158835580572485924e-01
6.250000000000000130e-05	4.020258626322957551e-02	1.157182343304157257e-01	1.156007237732410431e-01
6.250000000000000130e-05	4.168025670643848990e-02	1.161900954321026802e-01	1.165321730077266693e-01
6.250000000000000130e-05	3.899287974721268868e-02	1.145781911909580231e-01	1.142342919483780861e-01
6.250000000000000130e-05	3.930052167064027047e-02	1.158596388995647430e-01	1.159861609339714050e-01
6.250000000000000130e-05	4.008038922012606420e-02	1.152713345363736153e-01	1.146028125658631325e-01
6.250000000000000130e-05	4.061457469965083777e-02	1.149649806320667267e-01	1.147537156939506531e-01
6.250000000000000130e-05	3.939606775117071580e-02	1.150327390059828758e-01	1.155545348301529884e-01
6.250000000000000130e-05	4.187415469484993130e-02	1.173848593607544899e-01	1.169452359899878502e-01
6.250000000000000130e-05	3.870014353549178915e-02	1.152745578438043594e-01	1.146528739482164383e-01
6.250000000000000130e-05	4.046394831583469825e-02	1.159440325573086739e-01	1.153850043192505836e-01
3.125000000000000065e-05	3.903416209394418995e-02	1.153086423873901367e-01	1.150731360539793968e-01
3.125000000000000065e-05	4.009557270173785132e-02	1.152987983077764511e-01	1.158823324367403984e-01
3.125000000000000065e-05	3.963914355616780794e-02	1.150586949661374092e-01	1.153106680139899254e-01
3.125000000000000065e-05	3.998990036264250814e-02	1.153454510495066643e-01	1.154379229992628098e-01
3.125000000000000065e-05	4.038530779130096449e-02	1.159611623734235764e-01	1.160435527563095093e-01
3.125000000000000065e-05	4.031584713655182034e-02	1.155612384900450706e-01	1.152850147336721420e-01
3.125000000000000065e-05	3.974860387889644908e-02	1.146019445732235909e-01	1.154813058674335480e-01
3.125000000000000065e-05	3.965552858536756237e-02	1.148443203419446945e-01	1.145645007491111755e-01
3.125000000000000065e-05	3.988820679863042812e-02	1.159085771068930626e-01	1.151078855618834496e-01
3.125000000000000065e-05	3.976612818674950950e-02	1.159384706988930702e-01	1.150373704731464386e-01
3.125000000000000065e-05	4.014165501428555716e-02	1.153450105339288712e-01	1.151975747197866440e-01
3.125000000000000065e-05	3.927789515332330561e-02	1.153948372229933739e-01	1.154746804386377335e-01
3.125000000000000065e-05	4.178183436205115675e-02	1.173060145229101181e-01	1.176055623218417168e-01
3.125000000000000065e-05	3.980195722719536561e-02	1.141385780647397041e-01	1.144478693604469299e-01
3.125000000000000065e-05	3.879962427706658279e-02	1.149965459480881691e-01	1.146590178832411766e-01
3.125000000000000065e-05	3.894695123256761843e-02	1.141967130824923515e-01	1.142941936850547791e-01
3.125000000000000065e-05	3.957554540019246614e-02	1.146922288462519646e-01	1.147342883050441742e-01
3.125000000000000065e-05	3.961136616483519612e-02	1.162605108693242073e-01	1.155121978372335434e-01
3.125000000000000065e-05	4.043631156599974269e-02	1.148524135351181030e-01	1.149513674899935722e-01
3.125000000000000065e-05	4.035557365587240375e-02	1.146741611883044243e-01	1.145523339509963989e-01
3.125000000000000065e-05	4.051688388933109147e-02	1.155346669256687164e-01	1.148113561794161797e-01
1.562500000000000033e-05	3.770029646214805019e-02	1.144172474741935730e-01	1.140343900769948959e-01
1.562500000000000033e-05	3.920479340455199774e-02	1.151428623124957085e-01	1.147864386439323425e-01
1.562500000000000033e-05	3.967056553103501249e-02	1.146402610465884209e-01	1.142935827374458313e-01
1.562500000000000033e-05	3.837619448387170201e-02	1.146131474524736404e-01	1.142257424071431160e-01
1.562500000000000033e-05	3.940603893863249552e-02	1.154611548408865929e-01	1.151272095739841461e-01
1.562500000000000033e-05	3.908023318346542929e-02	1.147219296544790268e-01	1.141484417021274567e-01
1.562500000000000033e-05	3.856510239877278257e-02	1.150987362489104271e-01	1.146043166518211365e-01
1.562500000000000033e-05	4.030295626460751734e-02	1.168042812496423721e-01	1.167075000703334808e-01
1.562500000000000033e-05	3.836855568180355669e-02	1.153122028335928917e-01	1.152378097176551819e-01
1.562500000000000033e-05	3.815449366369579737e-02	1.149084465578198433e-01	1.147294789552688599e-01
1.562500000000000033e-05	3.859770531424238510e-02	1.150667155161499977e-01	1.153267975896596909e-01
1.562500000000000033e-05	4.069178631599945639e-02	1.183183128014206886e-01	1.181524423882365227e-01
1.562500000000000033e-05	3.791920857244654441e-02	1.152236098423600197e-01	1.151358922943472862e-01
1.562500000000000033e-05	3.917247865679143043e-02	1.141997519880533218e-01	1.143476711586117744e-01
1.562500000000000033e-05	3.779164350391188421e-02	1.146840816363692284e-01	1.146215647459030151e-01
1.562500000000000033e-05	3.933809244934516336e-02	1.148423524573445320e-01	1.143298093229532242e-01
1.562500000000000033e-05	4.030244408434704995e-02	1.170556833967566490e-01	1.157002430409193039e-01
1.562500000000000033e-05	3.824991449902329088e-02	1.139666261151432991e-01	1.145972739905118942e-01
1.562500000000000033e-05	3.882077164193497437e-02	1.146434731781482697e-01	1.144617777317762375e-01
1.562500000000000033e-05	3.915450420183471530e-02	1.149404523894190788e-01	1.149403396993875504e-01
1.562500000000000033e-05	3.758534223218507747e-02	1.146573899313807487e-01	1.149804415181279182e-01
7.812500000000000163e-06	3.849956864797616368e-02	1.145762084051966667e-01	1.143607022240757942e-01
7.812500000000000163e-06	3.825683316475228524e-02	1.152462270110845566e-01	1.148323547095060349e-01
7.812500000000000163e-06	3.967376944573619557e-02	1.157934712246060371e-01	1.157828606665134430e-01
7.812500000000000163e-06	4.261940319232548208e-02	1.179056037217378616e-01	1.170443873852491379e-01
7.812500000000000163e-06	3.969455913558036370e-02	1.144568482413887978e-01	1.147468984127044678e-01
7.812500000000000163e-06	3.773534776572184946e-02	1.149958698078989983e-01	1.149543700739741325e-01
7.812500000000000163e-06	3.880238419846643305e-02	1.145595982670783997e-01	1.147229149937629700e-01
7.812500000000000163e-06	4.018062419151958303e-02	1.165310814976692200e-01	1.165172196924686432e-01
7.812500000000000163e-06	3.791393806474118583e-02	1.154913892969489098e-01	1.155866840854287148e-01
7.812500000000000163e-06	4.115352800846854009e-02	1.172992289066314697e-01	1.173266107216477394e-01
7.812500000000000163e-06	3.814427097198329342e-02	1.152290180325508118e-01	1.148313544690608978e-01
7.812500000000000163e-06	4.006241365701337237e-02	1.145555581897497177e-01	1.148520307615399361e-01
7.812500000000000163e-06	3.933768714719181048e-02	1.151328273117542267e-01	1.152661070227622986e-01
7.812500000000000163e-06	3.928098318320286109e-02	1.143943881615996361e-01	1.141684986650943756e-01
7.812500000000000163e-06	3.894411796067334675e-02	1.147595783695578575e-01	1.148482151329517365e-01
7.812500000000000163e-06	3.826637549585179543e-02	1.158202635124325752e-01	1.159381717443466187e-01
7.812500000000000163e-06	3.879138431217096783e-02	1.157543146982789040e-01	1.148412665352225304e-01
7.812500000000000163e-06	3.862920408196086897e-02	1.147699682042002678e-01	1.140687353909015656e-01
7.812500000000000163e-06	3.952128770230691618e-02	1.155043570324778557e-01	1.157667068764567375e-01
7.812500000000000163e-06	3.868529398607302439e-02	1.145802149549126625e-01	1.144667854532599449e-01
7.812500000000000163e-06	3.706786201535901271e-02	1.155175156891345978e-01	1.147921225056052208e-01
3.906250000000000081e-06	3.803953214819672662e-02	1.153104482218623161e-01	1.154248788952827454e-01
3.906250000000000081e-06	3.832857525329801118e-02	1.144300159066915512e-01	1.148253614082932472e-01
3.906250000000000081e-06	3.952720101121105778e-02	1.146173188462853432e-01	1.150807924568653107e-01
3.906250000000000081e-06	3.903281566085694404e-02	1.149134170264005661e-01	1.153689119964838028e-01
3.906250000000000081e-06	3.786073280852052247e-02	1.153963273391127586e-01	1.152146579697728157e-01
3.906250000000000081e-06	3.653822952433477544e-02	1.149941403418779373e-01	1.147088557481765747e-01
3.906250000000000081e-06	3.843109095115450347e-02	1.148757906630635262e-01	1.147426106035709381e-01
3.906250000000000081e-06	3.912247806976112963e-02	1.145595973357558250e-01	1.145065594464540482e-01
3.906250000000000081e-06	3.941817994264862346e-02	1.154733477160334587e-01	1.154573131352663040e-01
3.906250000000000081e-06	3.739623185482960493e-02	1.156044788658618927e-01	1.153213130310177803e-01
3.906250000000000081e-06	3.891270607709884644e-02	1.152630764991044998e-01	1.148588769137859344e-01
3.906250000000000081e-06	3.774166557513460030e-02	1.137008741497993469e-01	1.140211913734674454e-01
3.906250000000000081e-06	3.818408331444746173e-02	1.156436856836080551e-01	1.156733855605125427e-01
3.906250000000000081e-06	3.768910217700125603e-02	1.156824352219700813e-01	1.157488534227013588e-01
3.906250000000000081e-06	3.852009834556639756e-02	1.144018191844224930e-01	1.142939580604434013e-01
3.906250000000000081e-06	3.774545115383365346e-02	1.144496193155646324e-01	1.144990427419543266e-01
3.906250000000000081e-06	4.067328060635282821e-02	1.153429141268134117e-01	1.158555475994944572e-01
3.906250000000000081e-06	3.863763453179522300e-02	1.146453423425555229e-01	1.144612105563282967e-01
3.906250000000000081e-06	3.906765219437170755e-02	1.145659647881984711e-01	1.146488944068551064e-01
3.906250000000000081e-06	3.909107380181173902e-02	1.150703141465783119e-01	1.145135229453444481e-01
3.906250000000000081e-06	3.806172813512856412e-02	1.151421349495649338e-01	1.154467742890119553e-01
1.953125000000000041e-06	3.900469323219377810e-02	1.160980993881821632e-01	1.160452291369438171e-01
1.953125000000000041e-06	3.731580184701877023e-02	1.142480997368693352e-01	1.142391320317983627e-01
1.953125000000000041e-06	3.769218256767792319e-02	1.152041545137763023e-01	1.148253297433257103e-01
1.953125000000000041e-06	3.906127593562572914e-02	1.147846383973956108e-01	1.151150828227400780e-01
1.953125000000000041e-06	3.879944685422166695e-02	1.163482386618852615e-01	1.164551172405481339e-01
1.953125000000000041e-06	3.801653701576251237e-02	1.162484334781765938e-01	1.159392697736620903e-01
1.953125000000000041e-06	3.663028371107729386e-02	1.154406983405351639e-01	1.150895142927765846e-01
1.953125000000000041e-06	3.742705155871337008e-02	1.152220694348216057e-01	1.151116136461496353e-01
1.953125000000000041e-06	3.794537807661521600e-02	1.151724336668848991e-01	1.145802186802029610e-01
1.953125000000000041e-06	3.954536564459529280e-02	1.151736434549093246e-01	1.152566839009523392e-01
1.953125000000000041e-06	3.844943204069439097e-02	1.152296923100948334e-01	1.151031162589788437e-01
1.953125000000000041e-06	3.814576929317244763e-02	1.143797487020492554e-01	1.147076105698943138e-01
1.953125000000000041e-06	3.868148042054116165e-02	1.148546179756522179e-01	1.141933547332882881e-01
1.953125000000000041e-06	3.908297294585764969e-02	1.155095193535089493e-01	1.151536665856838226e-01
1.953125000000000041e-06	3.868890607941754406e-02	1.145240999758243561e-01	1.141506414860486984e-01
1.953125000000000041e-06	3.911982398904577385e-02	1.156338108703494072e-01	1.155549213290214539e-01
1.953125000000000041e-06	3.887973737584639322e-02	1.158931758254766464e-01	1.152129219844937325e-01
1.953125000000000041e-06	3.775894641876220703e-02	1.150140324607491493e-01	1.148438090458512306e-01
1.953125000000000041e-06	3.826003771605370612e-02	1.149263586848974228e-01	1.145101226866245270e-01
1.953125000000000041e-06	3.928577800906157130e-02	1.154640112072229385e-01	1.151687921956181526e-01
1.953125000000000041e-06	3.915509593354750406e-02	1.154192993417382240e-01	1.152327656745910645e-01
9.765625000000000203e-07	3.923545968777771009e-02	1.153046311810612679e-01	1.149790044873952866e-01
9.765625000000000203e-07	3.727438590854783435e-02	1.144950576126575470e-01	1.141901817172765732e-01
9.765625000000000203e-07	3.849096681121029484e-02	1.147491177543997765e-01	1.154135596007108688e-01
9.765625000000000203e-07	3.816277849711949277e-02	1.146082198247313499e-01	1.145121939480304718e-01
9.765625000000000203e-07	3.698043065452123052e-02	1.152007216587662697e-01	1.147482637315988541e-01
9.765625000000000203e-07	3.898702722184265584e-02	1.149963447824120522e-01	1.148417843505740166e-01
9.765625000000000203e-07	3.966983299278005470e-02	1.161560770124197006e-01	1.155653828755021095e-01
9.765625000000000203e-07	3.769822595523127789e-02	1.145807718858122826e-01	1.144505906850099564e-01
9.765625000000000203e-07	3.894122909235803176e-02	1.148463468998670578e-01	1.147196581587195396e-01
9.765625000000000203e-07	3.941255781941021413e-02	1.160235824063420296e-01	1.159242074936628342e-01
9.765625000000000203e-07	3.866969617201557879e-02	1.154263038188219070e-01	1.153841670602560043e-01
9.765625000000000203e-07	3.806149749721907116e-02	1.145499320700764656e-01	1.143226856365799904e-01
9.765625000000000203e-07	3.896204813654664117e-02	1.159139210358262062e-01	1.163573376834392548e-01
9.765625000000000203e-07	4.061326311453233862e-02	1.188529040664434433e-01	1.182604795321822166e-01
9.765625000000000203e-07	3.847651570280895966e-02	1.150785265490412712e-01	1.149510527029633522e-01
9.765625000000000203e-07	3.808154323715952361e-02	1.149276215583086014e-01	1.145936679095029831e-01
9.765625000000000203e-07	3.709632035674927802e-02	1.149820238351821899e-01	1.144749177619814873e-01
9.765625000000000203e-07	3.870312511166439789e-02	1.146653164178133011e-01	1.143619809299707413e-01
9.765625000000000203e-07	3.932881081783318883e-02	1.161048058420419693e-01	1.162103535607457161e-01
9.765625000000000203e-07	3.750976615974420392e-02	1.146750384941697121e-01	1.146033946424722672e-01
9.765625000000000203e-07	3.887028244760217660e-02	1.155540347099304199e-01	1.158345639705657959e-01
4.882812500000000102e-07	3.947477047390575422e-02	1.153715318068861961e-01	1.150309750810265541e-01
4.882812500000000102e-07	3.696383604237550580e-02	1.142215393483638763e-01	1.145136570557951927e-01
4.882812500000000102e-07	3.873604503047617387e-02	1.148321321234107018e-01	1.155203878879547119e-01
4.882812500000000102e-07	3.832211213398583477e-02	1.144580235704779625e-01	1.146961590275168419e-01
4.882812500000000102e-07	3.813293696487251444e-02	1.144527373835444450e-01	1.146805025637149811e-01
4.882812500000000102e-07	3.769468013904517245e-02	1.150018060579895973e-01	1.147077688947319984e-01
4.882812500000000102e-07	3.950083418454550244e-02	1.150514325127005577e-01	1.151297604665160179e-01
4.882812500000000102e-07	3.916262175086178410e-02	1.153021464124321938e-01	1.147419419139623642e-01
4.882812500000000102e-07	3.840875804801530818e-02	1.150257578119635582e-01	1.144930487498641014e-01
4.882812500000000102e-07	3.745355468856383097e-02	1.154052605852484703e-01	1.151954252272844315e-01
4.882812500000000102e-07	3.687597052017344695e-02	1.140138357877731323e-01	1.141690509393811226e-01
4.882812500000000102e-07	3.796046679910225485e-02	1.150643285363912582e-01	1.149007845669984818e-01
4.882812500000000102e-07	3.894679116297371929e-02	1.156818587332963943e-01	1.157381003722548485e-01
4.882812500000000102e-07	3.849215751301638538e-02	1.149405147880315781e-01	1.150587918236851692e-01
4.882812500000000102e-07	3.843592710887329400e-02	1.154805310070514679e-01	1.156903589144349098e-01
4.882812500000000102e-07	3.953345657526692591e-02	1.142487023025751114e-01	1.145813763141632080e-01
4.882812500000000102e-07	3.933100076981737442e-02	1.147558456286787987e-01	1.147171827033162117e-01
4.882812500000000102e-07	3.984866604869124335e-02	1.151508474722504616e-01	1.154037257656455040e-01
4.882812500000000102e-07	3.835992866396149836e-02	1.147111644968390465e-01	1.142742922529578209e-01
4.882812500000000102e-07	3.910012595072577535e-02	1.148218056187033653e-01	1.149920113384723663e-01
4.882812500000000102e-07	3.715576658237584179e-02	1.148400614038109779e-01	1.143417172133922577e-01
2.441406250000000051e-07	3.827056599945961868e-02	1.154254619032144547e-01	1.160096628591418266e-01
2.441406250000000051e-07	3.826103550440902723e-02	1.158245475962758064e-01	1.156609812751412392e-01
2.441406250000000051e-07	3.729728826239139122e-02	1.146687241271138191e-01	1.148487459868192673e-01
2.441406250000000051e-07	3.948017497417292965e-02	1.152711929753422737e-01	1.146029159426689148e-01
2.441406250000000051e-07	3.855433234874205972e-02	1.158746499568223953e-01	1.146802520379424095e-01
2.441406250000000051e-07	3.820064595511442340e-02	1.147551042959094048e-01	1.146732252091169357e-01
2.441406250000000051e-07	3.756705933262275560e-02	1.149524115025997162e-01	1.148423943668603897e-01
2.441406250000000051e-07	3.836385707689236868e-02	1.151653323322534561e-01	1.151915853843092918e-01
2.441406250000000051e-07	3.824650104853171556e-02	1.142228683456778526e-01	1.150019811466336250e-01
2.441406250000000051e-07	3.753104169346109520e-02	1.158207561820745468e-01	1.153021398931741714e-01
2.441406250000000051e-07	3.701625434280950838e-02	1.149741765111684799e-01	1.149292932823300362e-01
2.441406250000000051e-07	3.814181041774115932e-02	1.155930608510971069e-01	1.156603926792740822e-01
2.441406250000000051e-07	3.878487611213062708e-02	1.143333269283175468e-01	1.147286789491772652e-01
2.441406250000000051e-07	3.871157576766195291e-02	1.164452675729990005e-01	1.160451760515570641e-01
2.441406250000000051e-07	4.081188288481929494e-02	1.153621468693017960e-01	1.154227415099740028e-01
2.441406250000000051e-07	3.963146801990798801e-02	1.181723894551396370e-01	1.176900994032621384e-01
2.441406250000000051e-07	3.951629055546054120e-02	1.170793250203132629e-01	1.161779733374714851e-01
2.441406250000000051e-07	3.816238939290559490e-02	1.154354820027947426e-01	1.156448721885681152e-01
2.441406250000000051e-07	3.884654360104210918e-02	1.163112260401248932e-01	1.153882062062621117e-01
2.441406250000000051e-07	4.045036663831789309e-02	1.173472572118043900e-01	1.169182742014527321e-01
2.441406250000000051e-07	3.686953692025021767e-02	1.145069524645805359e-01	1.139723863452672958e-01
1.220703125000000025e-07	3.861739792967144175e-02	1.148021854460239410e-01	1.145769357681274414e-01
1.220703125000000025e-07	3.877063791114318536e-02	1.152263572439551353e-01	1.149910073727369308e-01
1.220703125000000025e-07	3.816311226426800929e-02	1.144451955333352089e-01	1.142110917717218399e-01
1.220703125000000025e-07	3.728017434949362080e-02	1.154186315834522247e-01	1.151427403092384338e-01
1.220703125000000025e-07	3.920747691034516536e-02	1.152458526194095612e-01	1.156157478690147400e-01
1.220703125000000025e-07	3.816956774437729044e-02	1.153269642964005470e-01	1.154409367591142654e-01
1.220703125000000025e-07	3.799978775691382343e-02	1.146767362952232361e-01	1.148782717064023018e-01
1.220703125000000025e-07	3.879824393912206792e-02	1.147778593003749847e-01	1.148268859833478928e-01
1.220703125000000025e-07	3.845103676843492080e-02	1.147489314898848534e-01	1.148547716438770294e-01
1.220703125000000025e-07	3.946034850764878338e-02	1.168180648237466812e-01	1.163248503580689430e-01
1.220703125000000025e-07	3.735361394437053395e-02	1.149851474910974503e-01	1.148399850353598595e-01
1.220703125000000025e-07	3.862837308286866389e-02	1.150021422654390335e-01	1.147348331287503242e-01
1.220703125000000025e-07	3.856522318777404201e-02	1.144196186214685440e-01	1.141654215753078461e-01
1.220703125000000025e-07	3.800441324710845947e-02	1.143163433298468590e-01	1.140778083354234695e-01
1.220703125000000025e-07	3.915474438874781693e-02	1.150519317016005516e-01	1.148298671469092369e-01
1.220703125000000025e-07	4.019553553831728410e-02	1.143634896725416183e-01	1.145043456926941872e-01
1.220703125000000025e-07	3.827882447291778428e-02	1.146745570003986359e-01	1.149544706568121910e-01
1.220703125000000025e-07	3.949922698113737113e-02	1.171379517763853073e-01	1.160815190523862839e-01
1.220703125000000025e-07	3.878884870983377586e-02	1.150446217507123947e-01	1.145800156518816948e-01
1.220703125000000025e-07	3.856528456075281747e-02	1.146598095074295998e-01	1.152096688747406006e-01
1.220703125000000025e-07	3.896008797367162685e-02	1.143959993496537209e-01	1.141270594671368599e-01
6.103515625000000127e-08	3.777456868298446208e-02	1.156644877046346664e-01	1.152473688125610352e-01
6.103515625000000127e-08	3.761000617678406793e-02	1.152668651193380356e-01	1.151954103261232376e-01
6.103515625000000127e-08	3.842804158884513543e-02	1.146329883486032486e-01	1.152615686878561974e-01
6.103515625000000127e-08	3.868760277010217796e-02	1.143541755154728889e-01	1.148705733940005302e-01
6.103515625000000127e-08	3.792832284882853566e-02	1.142436973750591278e-01	1.150197768583893776e-01
6.103515625000000127e-08	3.828360097883622831e-02	1.145561803132295609e-01	1.145868934690952301e-01
6.103515625000000127e-08	3.757786505584475439e-02	1.151898913085460663e-01	1.147127691656351089e-01
6.103515625000000127e-08	3.755220697744737768e-02	1.149991489946842194e-01	1.155551774427294731e-01
6.103515625000000127e-08	3.960377862087533646e-02	1.153547586873173714e-01	1.149746496230363846e-01
6.103515625000000127e-08	3.902023181885103803e-02	1.153221288695931435e-01	1.154762897640466690e-01
6.103515625000000127e-08	3.833128379870064800e-02	1.150947734713554382e-01	1.150812543928623199e-01
6.103515625000000127e-08	3.761300729894185430e-02	1.163187446072697639e-01	1.158576272428035736e-01
6.103515625000000127e-08	3.966290341053582691e-02	1.154740229249000549e-01	1.154619771987199783e-01
6.103515625000000127e-08	3.880200325216673352e-02	1.151798982173204422e-01	1.147759798914194107e-01
6.103515625000000127e-08	3.785567789609673578e-02	1.159351877868175507e-01	1.150580374523997307e-01
6.103515625000000127e-08	3.805949189994908832e-02	1.154864886775612831e-01	1.150371804833412170e-01
6.103515625000000127e-08	3.815204900088189216e-02	1.151591120287775993e-01	1.146281333640217781e-01
6.103515625000000127e-08	3.879371530647519190e-02	1.162559892982244492e-01	1.164245558902621269e-01
6.103515625000000127e-08	3.796305408394789332e-02	1.149161625653505325e-01	1.149465544149279594e-01
6.103515625000000127e-08	3.847756838025171572e-02	1.150577822700142860e-01	1.151100741699337959e-01
6.103515625000000127e-08	3.902841795565960975e-02	1.157159488648176193e-01	1.153816739097237587e-01
3.051757812500000064e-08	3.930127026536796991e-02	1.148785520344972610e-01	1.148479795083403587e-01
3.051757812500000064e-08	3.915755007463165432e-02	1.150805931538343430e-01	1.152925798669457436e-01
3.051757812500000064e-08	3.811655568454084403e-02	1.152154281735420227e-01	1.150640081614255905e-01
3.051757812500000064e-08	3.705070662913443474e-02	1.140236351639032364e-01	1.140096867457032204e-01
3.051757812500000064e-08	3.763632714465449391e-02	1.150865703821182251e-01	1.147000016644597054e-01
3.051757812500000064e-08	3.820682637676407756e-02	1.145998090505599976e-01	1.142279906198382378e-01
3.051757812500000064e-08	3.785408498082734607e-02	1.154055427759885788e-01	1.153424941003322601e-01
3.051757812500000064e-08	3.683547736911833848e-02	1.145344711840152740e-01	1.143711293116211891e-01
3.051757812500000064e-08	3.780701631515086258e-02	1.156098004430532455e-01	1.157378675416111946e-01
3.051757812500000064e-08	3.748045958389964460e-02	1.143676824867725372e-01	1.141058104112744331e-01
3.051757812500000064e-08	3.846907783063906877e-02	1.148910894989967346e-01	1.147284703329205513e-01
3.051757812500000064e-08	3.851808541560474558e-02	1.142178270965814590e-01	1.143325129523873329e-01
3.051757812500000064e-08	3.972835239918925954e-02	1.151493899524211884e-01	1.146722855046391487e-01
3.051757812500000064e-08	3.741527926412564070e-02	1.147400261834263802e-01	1.146594379097223282e-01
3.051757812500000064e-08	3.891650514229189062e-02	1.151376962661743164e-01	1.147198658436536789e-01
3.051757812500000064e-08	3.903618120128595631e-02	1.150640882551670074e-01	1.150008132681250572e-01
3.051757812500000064e-08	3.810357132667227531e-02	1.147769130766391754e-01	1.149632157757878304e-01
3.051757812500000064e-08	3.775336128907113425e-02	1.147302649915218353e-01	1.147501477971673012e-01
3.051757812500000064e-08	3.857385687812973918e-02	1.154832877218723297e-01	1.154800513759255409e-01
3.051757812500000064e-08	4.031304534100278725e-02	1.160369468852877617e-01	1.155475191771984100e-01
3.051757812500000064e-08	3.739730584659153867e-02	1.147285597398877144e-01	1.143322158604860306e-01
1.525878906250000032e-08	3.887828427685212362e-02	1.148439776152372360e-01	1.150553906336426735e-01
1.525878906250000032e-08	3.838887303784678517e-02	1.149251153692603111e-01	1.146996039897203445e-01
1.525878906250000032e-08	3.866771816075602330e-02	1.147861331701278687e-01	1.149334385991096497e-01
1.525878906250000032e-08	3.790202842954593088e-02	1.151425326243042946e-01	1.150086596608161926e-01
1.525878906250000032e-08	3.844459074301809914e-02	1.155520379543304443e-01	1.153109716251492500e-01
1.525878906250000032e-08	3.874138723823088853e-02	1.162420492619276047e-01	1.153569640591740608e-01
1.525878906250000032e-08	3.882328458601915638e-02	1.163647826761007309e-01	1.152866119518876076e-01
1.525878906250000032e-08	3.846040092220034956e-02	1.142975408583879471e-01	1.144488025456666946e-01
1.525878906250000032e-08	3.914954683071450448e-02	1.152953421697020531e-01	1.152899423614144325e-01
1.525878906250000032e-08	3.972029077667224573e-02	1.151297176256775856e-01	1.151149999350309372e-01
1.525878906250000032e-08	3.881734211139286489e-02	1.153404889628291130e-01	1.154959378764033318e-01
1.525878906250000032e-08	3.791788078938858331e-02	1.164079597219824791e-01	1.167080653831362724e-01
1.525878906250000032e-08	3.842147277031518482e-02	1.156126316636800766e-01	1.149068623781204224e-01
1.525878906250000032e-08	3.755820969331868237e-02	1.158879185095429420e-01	1.153112398460507393e-01
