2.000000000000000042e-03	3.675177674504774838e-01	3.381549157202243805e-01	3.375903628766536713e-01
2.000000000000000042e-03	2.552938904566101064e-01	2.710857912898063660e-01	2.745278403162956238e-01
2.000000000000000042e-03	2.297022301184980242e-01	2.256557438522577286e-01	2.254074104130268097e-01
2.000000000000000042e-03	2.123760665896572697e-01	1.975834257900714874e-01	2.002227604389190674e-01
2.000000000000000042e-03	2.083253841611403534e-01	2.178090121597051620e-01	2.163397520780563354e-01
2.000000000000000042e-03	1.988483135458789242e-01	2.522734906524419785e-01	2.484124638140201569e-01
2.000000000000000042e-03	2.009842752278605538e-01	2.006599511951208115e-01	2.031220067292451859e-01
2.000000000000000042e-03	1.907806338011464042e-01	1.842791587114334106e-01	1.862993407994508743e-01
2.000000000000000042e-03	1.872178865007207427e-01	2.264294121414422989e-01	2.242383249104022980e-01
2.000000000000000042e-03	1.859187323458587060e-01	1.967213042080402374e-01	1.959963701665401459e-01
2.000000000000000042e-03	1.841977925240239067e-01	1.813641954213380814e-01	1.836524456739425659e-01
2.000000000000000042e-03	1.783485016490839736e-01	2.052397988736629486e-01	2.053254842758178711e-01
2.000000000000000042e-03	1.800148040056228638e-01	1.827507745474576950e-01	1.834038812667131424e-01
2.000000000000000042e-03	1.744308779134026155e-01	1.901206038892269135e-01	1.907534357160329819e-01
2.000000000000000042e-03	1.728942860153656891e-01	1.694144997745752335e-01	1.709043551236391068e-01
2.000000000000000042e-03	1.744473035199732847e-01	1.621130127459764481e-01	1.627787631005048752e-01
2.000000000000000042e-03	1.724410981317109626e-01	1.639925893396139145e-01	1.650739815086126328e-01
2.000000000000000042e-03	1.622021860336955723e-01	1.683203466236591339e-01	1.690856944769620895e-01
2.000000000000000042e-03	1.657722686664967471e-01	1.787929963320493698e-01	1.790574211627244949e-01
2.000000000000000042e-03	1.662045296611665279e-01	1.563069820404052734e-01	1.575849000364542007e-01
2.000000000000000042e-03	1.650719254077235298e-01	1.677912157028913498e-01	1.681283824145793915e-01
2.000000000000000042e-03	1.600180057030689829e-01	1.662359200417995453e-01	1.660185046494007111e-01
2.000000000000000042e-03	1.552330634639232931e-01	1.531834974884986877e-01	1.530106719583272934e-01
2.000000000000000042e-03	1.586412491300437932e-01	1.564432438462972641e-01	1.576996985822916031e-01
2.000000000000000042e-03	1.531736017027987840e-01	1.457665879279375076e-01	1.475817486643791199e-01
2.000000000000000042e-03	1.471035465409483989e-01	1.458963826298713684e-01	1.463332772254943848e-01
2.000000000000000042e-03	1.510314017157011468e-01	1.628919076174497604e-01	1.628263946622610092e-01
2.000000000000000042e-03	1.481242427908921466e-01	1.413640286773443222e-01	1.438733767718076706e-01
2.000000000000000042e-03	1.471236564124686896e-01	1.480432040989398956e-01	1.499379668384790421e-01
2.000000000000000042e-03	1.467182855062846847e-01	1.431825980544090271e-01	1.435065045952796936e-01
2.000000000000000042e-03	1.472697445674787664e-01	1.474212501198053360e-01	1.481063757091760635e-01
2.000000000000000042e-03	1.432067823560932152e-01	1.371682509779930115e-01	1.375022660940885544e-01
2.000000000000000042e-03	1.386341023482853818e-01	1.618382353335618973e-01	1.612947899848222733e-01
2.000000000000000042e-03	1.441968651134756529e-01	1.470502391457557678e-01	1.481753885746002197e-01
2.000000000000000042e-03	1.391704884133761477e-01	1.413562651723623276e-01	1.440188251435756683e-01
2.000000000000000042e-03	1.422808179749718294e-01	1.411045361310243607e-01	1.418481525033712387e-01
2.000000000000000042e-03	1.412928065733064509e-01	1.344335488975048065e-01	1.362824328243732452e-01
2.000000000000000042e-03	1.385293466192257517e-01	1.372288996353745461e-01	1.393882129341363907e-01
2.000000000000000042e-03	1.414758262189128868e-01	1.473975777626037598e-01	1.491289306432008743e-01
2.000000000000000042e-03	1.377318559945384102e-01	1.580090224742889404e-01	1.569921486079692841e-01
2.000000000000000042e-03	1.440042415751686677e-01	1.400116924196481705e-01	1.399702467024326324e-01
2.000000000000000042e-03	1.377326417950135162e-01	1.438499744981527328e-01	1.444338876754045486e-01
2.000000000000000042e-03	1.400020021615148991e-01	1.450526714324951172e-01	1.450247038155794144e-01
2.000000000000000042e-03	1.363185977068128441e-01	1.435687784105539322e-01	1.442521009594202042e-01
2.000000000000000042e-03	1.379573016981535394e-01	1.373505396768450737e-01	1.406643036752939224e-01
2.000000000000000042e-03	1.383729617618307262e-01	1.600197181105613708e-01	1.632613725960254669e-01
2.000000000000000042e-03	1.300634429613246323e-01	1.341254189610481262e-01	1.315761944279074669e-01
2.000000000000000042e-03	1.307574611487268001e-01	1.487753186374902725e-01	1.484592314809560776e-01
2.000000000000000042e-03	1.329106723394574974e-01	1.452876776456832886e-01	1.446345131844282150e-01
2.000000000000000042e-03	1.339560093570359156e-01	1.323782848194241524e-01	1.302041495218873024e-01
2.000000000000000042e-03	1.292816298671915498e-01	1.400618311017751694e-01	1.391913201659917831e-01
2.000000000000000042e-03	1.320941516115695658e-01	1.408626083284616470e-01	1.407850403338670731e-01
2.000000000000000042e-03	1.307420914497556541e-01	1.365603245794773102e-01	1.351404907181859016e-01
2.000000000000000042e-03	1.305361865442010438e-01	1.558652967214584351e-01	1.545304656028747559e-01
2.000000000000000042e-03	1.239568179921258922e-01	1.505488026887178421e-01	1.495279781520366669e-01
2.000000000000000042e-03	1.278285630330254774e-01	1.473932471126317978e-01	1.477276422083377838e-01
2.000000000000000042e-03	1.217938497473921994e-01	1.340134367346763611e-01	1.354635041207075119e-01
2.000000000000000042e-03	1.217126805759683461e-01	1.290471833199262619e-01	1.312113143503665924e-01
2.000000000000000042e-03	1.208923384547233582e-01	1.405285540968179703e-01	1.418048553168773651e-01
2.000000000000000042e-03	1.248795270353932896e-01	1.333696041256189346e-01	1.322186673060059547e-01
2.000000000000000042e-03	1.197907322003871622e-01	1.404322348535060883e-01	1.411145497113466263e-01
2.000000000000000042e-03	1.245502305181720587e-01	1.413590386509895325e-01	1.426716074347496033e-01
2.000000000000000042e-03	1.181047451269777449e-01	1.339436788111925125e-01	1.314826942980289459e-01
2.000000000000000042e-03	1.164082434924342963e-01	1.338446363806724548e-01	1.344862058758735657e-01
2.000000000000000042e-03	1.176670593551442656e-01	1.345853190869092941e-01	1.348002497106790543e-01
2.000000000000000042e-03	1.212465443377253316e-01	1.372912973165512085e-01	1.354762017726898193e-01
2.000000000000000042e-03	1.155393164180502086e-01	1.339745242148637772e-01	1.316774226725101471e-01
2.000000000000000042e-03	1.134458285155175578e-01	1.368282977491617203e-01	1.388542270287871361e-01
2.000000000000000042e-03	1.185357702683798864e-01	1.371021717786788940e-01	1.363367987796664238e-01
2.000000000000000042e-03	1.177985816250873563e-01	1.378602106124162674e-01	1.370656657963991165e-01
2.000000000000000042e-03	1.178879275729384640e-01	1.315956199541687965e-01	1.278511667624115944e-01
2.000000000000000042e-03	1.149254015918019511e-01	1.303591877222061157e-01	1.306212330237030983e-01
2.000000000000000042e-03	1.145943556028076321e-01	1.308185840025544167e-01	1.311771189793944359e-01
2.000000000000000042e-03	1.115976458863367077e-01	1.273434860631823540e-01	1.271685408428311348e-01
2.000000000000000042e-03	1.108338414113732850e-01	1.332186684012413025e-01	1.308381529524922371e-01
2.000000000000000042e-03	1.112493659499325382e-01	1.371274068951606750e-01	1.370300240814685822e-01
2.000000000000000042e-03	1.105023001945471400e-01	1.378178987652063370e-01	1.360676102340221405e-01
2.000000000000000042e-03	1.099725736281539773e-01	1.266755713149905205e-01	1.281221527606248856e-01
2.000000000000000042e-03	1.087770514850374959e-01	1.291208565235137939e-01	1.303426856175065041e-01
2.000000000000000042e-03	1.075205152170567585e-01	1.414842177182435989e-01	1.423336751759052277e-01
2.000000000000000042e-03	1.084822774687899810e-01	1.404980719089508057e-01	1.375094782561063766e-01
2.000000000000000042e-03	1.127265391847755288e-01	1.340581905096769333e-01	1.353073455393314362e-01
2.000000000000000042e-03	1.073473037420948906e-01	1.310602128505706787e-01	1.310292165726423264e-01
2.000000000000000042e-03	1.068673190436785769e-01	1.297901999205350876e-01	1.305070975795388222e-01
2.000000000000000042e-03	1.026547783160511457e-01	1.392118055373430252e-01	1.406614556908607483e-01
2.000000000000000042e-03	1.041466398518296754e-01	1.265548598021268845e-01	1.256360998377203941e-01
2.000000000000000042e-03	1.069847798988788901e-01	1.323186028748750687e-01	1.324780359864234924e-01
2.000000000000000042e-03	1.027935141626792614e-01	1.321086268872022629e-01	1.319507472217082977e-01
2.000000000000000042e-03	1.059850831575031571e-01	1.315062083303928375e-01	1.307586543262004852e-01
2.000000000000000042e-03	1.067783623179302949e-01	1.284940047189593315e-01	1.268752813339233398e-01
2.000000000000000042e-03	1.027907932860941814e-01	1.254046149551868439e-01	1.234386982396245003e-01
2.000000000000000042e-03	9.776223941317087329e-02	1.403256002813577652e-01	1.435764320194721222e-01
2.000000000000000042e-03	1.012128307660923737e-01	1.399844437837600708e-01	1.394153721630573273e-01
2.000000000000000042e-03	1.000174582947658541e-01	1.240396415814757347e-01	1.243111137300729752e-01
2.000000000000000042e-03	1.047543863518328594e-01	1.299343062564730644e-01	1.311168074607849121e-01
2.000000000000000042e-03	1.020971099032631363e-01	1.259719263762235641e-01	1.239817356690764427e-01
2.000000000000000042e-03	1.029407811127131533e-01	1.296592568978667259e-01	1.271985834464430809e-01
2.000000000000000042e-03	1.004330023557324925e-01	1.323029566556215286e-01	1.318426514044404030e-01
2.000000000000000042e-03	9.823764634283282948e-02	1.327101793140172958e-01	1.310646096244454384e-01
2.000000000000000042e-03	9.825314109838462207e-02	1.276514120399951935e-01	1.240746369585394859e-01
2.000000000000000042e-03	9.757859533346152636e-02	1.322111291810870171e-01	1.310734804719686508e-01
2.000000000000000042e-03	9.536848641649077474e-02	1.475703474134206772e-01	1.476849671453237534e-01
2.000000000000000042e-03	9.745106063311613498e-02	1.288986112922430038e-01	1.253907401114702225e-01
2.000000000000000042e-03	9.432664258947855151e-02	1.338878627866506577e-01	1.324889361858367920e-01
2.000000000000000042e-03	9.397274793326100550e-02	1.339543163776397705e-01	1.315108239650726318e-01
2.000000000000000042e-03	9.655322955001759133e-02	1.282005850225687027e-01	1.242410764098167419e-01
2.000000000000000042e-03	9.527530040167554726e-02	1.266771219670772552e-01	1.237153671681880951e-01
2.000000000000000042e-03	9.058941023636467305e-02	1.315927132964134216e-01	1.308049988001585007e-01
2.000000000000000042e-03	9.647992621117000567e-02	1.458772253245115280e-01	1.420560516417026520e-01
2.000000000000000042e-03	9.453273055296909644e-02	1.251602834090590477e-01	1.229503499343991280e-01
2.000000000000000042e-03	9.569683906775486304e-02	1.297251246869564056e-01	1.269263429567217827e-01
2.000000000000000042e-03	9.185810538032386507e-02	1.322354143485426903e-01	1.272291224449872971e-01
2.000000000000000042e-03	9.521053382490254902e-02	1.299683935940265656e-01	1.285066129639744759e-01
2.000000000000000042e-03	9.017504610215561212e-02	1.323088398203253746e-01	1.299232980236411095e-01
2.000000000000000042e-03	9.070897705947296441e-02	1.275349259376525879e-01	1.260756189003586769e-01
1.000000000000000021e-03	7.978503486212296103e-02	1.170931281521916389e-01	1.142192920669913292e-01
1.000000000000000021e-03	7.779771848758564035e-02	1.313910670578479767e-01	1.273544849827885628e-01
1.000000000000000021e-03	7.192610199504261004e-02	1.173357702791690826e-01	1.147430716082453728e-01
1.000000000000000021e-03	7.336646478764619062e-02	1.169421151280403137e-01	1.147752711549401283e-01
1.000000000000000021e-03	7.150696816889545726e-02	1.166091375052928925e-01	1.146463081240653992e-01
1.000000000000000021e-03	7.356092725184899817e-02	1.215399932116270065e-01	1.189465979114174843e-01
1.000000000000000021e-03	7.313597621985629127e-02	1.228648684918880463e-01	1.195853333920240402e-01
1.000000000000000021e-03	7.060065167614176795e-02	1.287613986060023308e-01	1.248824354261159897e-01
1.000000000000000021e-03	7.325250556385970446e-02	1.194810951128602028e-01	1.152551937848329544e-01
1.000000000000000021e-03	7.192096175460875596e-02	1.219383981078863144e-01	1.186303049325942993e-01
1.000000000000000021e-03	6.975089603021175644e-02	1.221318012103438377e-01	1.185512803494930267e-01
1.000000000000000021e-03	7.176650428696523809e-02	1.253196764737367630e-01	1.210747435688972473e-01
1.000000000000000021e-03	7.003997789719436373e-02	1.181072713807225227e-01	1.154541717842221260e-01
1.000000000000000021e-03	7.061601595222195826e-02	1.181498002260923386e-01	1.165876835584640503e-01
1.000000000000000021e-03	7.035613324068769325e-02	1.214162567630410194e-01	1.168718710541725159e-01
1.000000000000000021e-03	6.720203731822062265e-02	1.213623881340026855e-01	1.195144951343536377e-01
1.000000000000000021e-03	7.010803668747973838e-02	1.217229999601840973e-01	1.165038812905550003e-01
1.000000000000000021e-03	7.206908858652356920e-02	1.208103122189640999e-01	1.175137432292103767e-01
1.000000000000000021e-03	7.177314133960989440e-02	1.253990819677710533e-01	1.221408722922205925e-01
1.000000000000000021e-03	6.783619098648240031e-02	1.200637863948941231e-01	1.165146976709365845e-01
1.000000000000000021e-03	6.635541105760803249e-02	1.182328937575221062e-01	1.151534700766205788e-01
1.000000000000000021e-03	6.893769406442400161e-02	1.228674501180648804e-01	1.207920545712113380e-01
1.000000000000000021e-03	6.981385966079144134e-02	1.196680022403597832e-01	1.180431107059121132e-01
1.000000000000000021e-03	6.682096704652037977e-02	1.197050958871841431e-01	1.161295296624302864e-01
1.000000000000000021e-03	6.586070811446709250e-02	1.216845074668526649e-01	1.183938467875123024e-01
1.000000000000000021e-03	6.668089768743212797e-02	1.248600678518414497e-01	1.218516146764159203e-01
5.000000000000000104e-04	6.021859921232054769e-02	1.161470869556069374e-01	1.123973308131098747e-01
5.000000000000000104e-04	5.985147345669662028e-02	1.182391708716750145e-01	1.148863295093178749e-01
5.000000000000000104e-04	5.821001194889032643e-02	1.160503607243299484e-01	1.118561699986457825e-01
5.000000000000000104e-04	5.804755948955499928e-02	1.149123907089233398e-01	1.120998170226812363e-01
5.000000000000000104e-04	5.588943846052205761e-02	1.159170595929026604e-01	1.117285164073109627e-01
5.000000000000000104e-04	5.666746114250979793e-02	1.183707145974040031e-01	1.148631740361452103e-01
5.000000000000000104e-04	5.683117232556584436e-02	1.183905089274048805e-01	1.149481022730469704e-01
5.000000000000000104e-04	5.609612020699283885e-02	1.161583615466952324e-01	1.122071892023086548e-01
5.000000000000000104e-04	5.581773435579070325e-02	1.170540442690253258e-01	1.139795687049627304e-01
5.000000000000000104e-04	5.549629640918743445e-02	1.172274053096771240e-01	1.129362797364592552e-01
5.000000000000000104e-04	5.689353071436097087e-02	1.163106495514512062e-01	1.131213791668415070e-01
5.000000000000000104e-04	5.531722161022922801e-02	1.159107284620404243e-01	1.131147742271423340e-01
5.000000000000000104e-04	5.619680353357821984e-02	1.171882646158337593e-01	1.133222561329603195e-01
5.000000000000000104e-04	5.361326967802228921e-02	1.156487930566072464e-01	1.112267961725592613e-01
5.000000000000000104e-04	5.467863956206961418e-02	1.157318959012627602e-01	1.136383479461073875e-01
5.000000000000000104e-04	5.573897398536718090e-02	1.189633803442120552e-01	1.144973784685134888e-01
5.000000000000000104e-04	5.338229413462590445e-02	1.157978605479001999e-01	1.125897411257028580e-01
5.000000000000000104e-04	5.452228719486466174e-02	1.164674842730164528e-01	1.132833696901798248e-01
5.000000000000000104e-04	5.438185865177384143e-02	1.182543095201253891e-01	1.147134518250823021e-01
5.000000000000000104e-04	5.252212932026838893e-02	1.173407100141048431e-01	1.143983798101544380e-01
5.000000000000000104e-04	5.308572179343126751e-02	1.180076068267226219e-01	1.145410444587469101e-01
5.000000000000000104e-04	5.342899201602875625e-02	1.158249862492084503e-01	1.128280581906437874e-01
5.000000000000000104e-04	5.347593317303476340e-02	1.192250596359372139e-01	1.153001859784126282e-01
5.000000000000000104e-04	5.337670577477805073e-02	1.174033433198928833e-01	1.131464643403887749e-01
5.000000000000000104e-04	5.480227803316297525e-02	1.171960141509771347e-01	1.146826697513461113e-01
2.500000000000000052e-04	4.933862949285326011e-02	1.163115603849291801e-01	1.123549295589327812e-01
2.500000000000000052e-04	5.037542861662333560e-02	1.146654030308127403e-01	1.118934601545333862e-01
2.500000000000000052e-04	4.665451001706002326e-02	1.144601954147219658e-01	1.111707827076315880e-01
2.500000000000000052e-04	5.048379297309284197e-02	1.154156634584069252e-01	1.115896180272102356e-01
2.500000000000000052e-04	4.812687045977085548e-02	1.149937529116868973e-01	1.131179379299283028e-01
2.500000000000000052e-04	4.894166029518163402e-02	1.170002389699220657e-01	1.139078075066208839e-01
2.500000000000000052e-04	4.871746294106109321e-02	1.200860338285565376e-01	1.156432796269655228e-01
2.500000000000000052e-04	4.680154680074015416e-02	1.156070847064256668e-01	1.130478344857692719e-01
2.500000000000000052e-04	4.663425976339774515e-02	1.148597951978445053e-01	1.117333183065056801e-01
2.500000000000000052e-04	4.657715738196916561e-02	1.157859889790415764e-01	1.118361214175820351e-01
2.500000000000000052e-04	4.694654000333593064e-02	1.155264498665928841e-01	1.128168059512972832e-01
2.500000000000000052e-04	4.671640609261355770e-02	1.154138715937733650e-01	1.117682326585054398e-01
2.500000000000000052e-04	4.709790868661071356e-02	1.176999611780047417e-01	1.140505373477935791e-01
2.500000000000000052e-04	4.609568143569970494e-02	1.147876996546983719e-01	1.114783370867371559e-01
2.500000000000000052e-04	4.823082242208191067e-02	1.172980591654777527e-01	1.138314157724380493e-01
2.500000000000000052e-04	4.815958440303802490e-02	1.152222938835620880e-01	1.113350652158260345e-01
2.500000000000000052e-04	4.754883630932131566e-02	1.182453492656350136e-01	1.132524926215410233e-01
2.500000000000000052e-04	4.607097210386131708e-02	1.164071327075362206e-01	1.123033817857503891e-01
2.500000000000000052e-04	4.593679525806933922e-02	1.187289264053106308e-01	1.153428275138139725e-01
2.500000000000000052e-04	4.495895974620987834e-02	1.147807994857430458e-01	1.115187946707010269e-01
2.500000000000000052e-04	4.574855185950858771e-02	1.145850922912359238e-01	1.121298708021640778e-01
2.500000000000000052e-04	4.640406799278681826e-02	1.152729038149118423e-01	1.126457657665014267e-01
2.500000000000000052e-04	4.765605638864674198e-02	1.156461862847208977e-01	1.122400723397731781e-01
2.500000000000000052e-04	4.622225336070302087e-02	1.166460756212472916e-01	1.135389516130089760e-01
1.250000000000000026e-04	4.445886838285229015e-02	1.149438899010419846e-01	1.115100514143705368e-01
1.250000000000000026e-04	4.400691295726389535e-02	1.148379296064376831e-01	1.113759912550449371e-01
1.250000000000000026e-04	4.405223514554621606e-02	1.144532524049282074e-01	1.112036928534507751e-01
1.250000000000000026e-04	4.274669864886923576e-02	1.151553979143500328e-01	1.116225449368357658e-01
1.250000000000000026e-04	4.334503652740128582e-02	1.161746960133314133e-01	1.121618133038282394e-01
1.250000000000000026e-04	4.483003049051460104e-02	1.146164266392588615e-01	1.113307764753699303e-01
1.250000000000000026e-04	4.364675231560875834e-02	1.150864921510219574e-01	1.114227091893553734e-01
1.250000000000000026e-04	4.200329867344868018e-02	1.145647773519158363e-01	1.112246802076697350e-01
1.250000000000000026e-04	4.399868482841721301e-02	1.156550664454698563e-01	1.125499354675412178e-01
1.250000000000000026e-04	4.323842810301840867e-02	1.155866747722029686e-01	1.118802381679415703e-01
1.250000000000000026e-04	4.195220469013799525e-02	1.142009180039167404e-01	1.118632741272449493e-01
1.250000000000000026e-04	4.361783557488948387e-02	1.161175947636365891e-01	1.124985888600349426e-01
1.250000000000000026e-04	4.241889172905607963e-02	1.151124220341444016e-01	1.119968974962830544e-01
1.250000000000000026e-04	4.338982866346081935e-02	1.151894899085164070e-01	1.116892397403717041e-01
1.250000000000000026e-04	4.268660302026362069e-02	1.145702376961708069e-01	1.113305212929844856e-01
1.250000000000000026e-04	4.193627487726604014e-02	1.151452623307704926e-01	1.112814918160438538e-01
1.250000000000000026e-04	4.362454510565045435e-02	1.145289400592446327e-01	1.112176226451992989e-01
1.250000000000000026e-04	4.259930791545517986e-02	1.161841703578829765e-01	1.131749665364623070e-01
1.250000000000000026e-04	4.414305409204356129e-02	1.160140018910169601e-01	1.119126174598932266e-01
1.250000000000000026e-04	4.263904438460174723e-02	1.159606892615556717e-01	1.124316938221454620e-01
1.250000000000000026e-04	4.304810214929188222e-02	1.151589509099721909e-01	1.116903265938162804e-01
1.250000000000000026e-04	4.361703336427483202e-02	1.147136632353067398e-01	1.116684898734092712e-01
1.250000000000000026e-04	4.267271065825148368e-02	1.147627290338277817e-01	1.115254014730453491e-01
1.250000000000000026e-04	4.303103998963591498e-02	1.159406192600727081e-01	1.133881704881787300e-01
1.250000000000000026e-04	4.185876570924927653e-02	1.151402629911899567e-01	1.119381105527281761e-01
1.250000000000000026e-04	4.420400995619689494e-02	1.159892519935965538e-01	1.115201292559504509e-01
1.250000000000000026e-04	4.352191621084001982e-02	1.156308539211750031e-01	1.123091075569391251e-01
1.250000000000000026e-04	4.167240348797809912e-02	1.145723005756735802e-01	1.111966175958514214e-01
1.250000000000000026e-04	4.195760636107076502e-02	1.151067186146974564e-01	1.120957024395465851e-01
1.250000000000000026e-04	4.162199191654784858e-02	1.149731995537877083e-01	1.112955119460821152e-01
1.250000000000000026e-04	4.199715922999230910e-02	1.160742938518524170e-01	1.120631564408540726e-01
1.250000000000000026e-04	4.340824145305005599e-02	1.188985100015997887e-01	1.156659806147217751e-01
6.250000000000000130e-05	4.171599124711525275e-02	1.140035055577754974e-01	1.112107066437602043e-01
6.250000000000000130e-05	4.001650035004072209e-02	1.145249828696250916e-01	1.115606687963008881e-01
6.250000000000000130e-05	4.049488263133960153e-02	1.144106844440102577e-01	1.116687338799238205e-01
6.250000000000000130e-05	4.160119838352444727e-02	1.158171007409691811e-01	1.119037233293056488e-01
6.250000000000000130e-05	4.136711250566228737e-02	1.147900987416505814e-01	1.116883959621191025e-01
6.250000000000000130e-05	4.066950375143485452e-02	1.148026296868920326e-01	1.114386254921555519e-01
6.250000000000000130e-05	4.239808206882657998e-02	1.159133361652493477e-01	1.124773258343338966e-01
6.250000000000000130e-05	4.196888448882706707e-02	1.146764215081930161e-01	1.117199482396245003e-01
6.250000000000000130e-05	4.107334158277210073e-02	1.141652176156640053e-01	1.110752504318952560e-01
6.250000000000000130e-05	3.978276264535475504e-02	1.154929818585515022e-01	1.110287830233573914e-01
6.250000000000000130e-05	4.084711184701587255e-02	1.155829038470983505e-01	1.114996969699859619e-01
6.250000000000000130e-05	4.130136396122884024e-02	1.156278951093554497e-01	1.123879617080092430e-01
6.250000000000000130e-05	4.142812328248084153e-02	1.153408093377947807e-01	1.123447315767407417e-01
6.250000000000000130e-05	3.983086118875425047e-02	1.146366447210311890e-01	1.114300554618239403e-01
6.250000000000000130e-05	4.026974273161797874e-02	1.143509019166231155e-01	1.112937172874808311e-01
6.250000000000000130e-05	3.985926518334618335e-02	1.150077115744352341e-01	1.115139015018939972e-01
6.250000000000000130e-05	4.150945337229891563e-02	1.151749752461910248e-01	1.115967985242605209e-01
6.250000000000000130e-05	4.209086440409286201e-02	1.165705304592847824e-01	1.130882091820240021e-01
6.250000000000000130e-05	4.093213219054137736e-02	1.152196116745471954e-01	1.123891342431306839e-01
6.250000000000000130e-05	4.001771939234643333e-02	1.146809495985507965e-01	1.117255920544266701e-01
6.250000000000000130e-05	3.890111379891256910e-02	1.147709898650646210e-01	1.114546479657292366e-01
6.250000000000000130e-05	4.042953818659238835e-02	1.154580777511000633e-01	1.112962318584322929e-01
3.125000000000000065e-05	3.921232346586788625e-02	1.146212704479694366e-01	1.112795555964112282e-01
3.125000000000000065e-05	4.083433035242406417e-02	1.152089349925518036e-01	1.122460095211863518e-01
3.125000000000000065e-05	3.998577035963535309e-02	1.155212512239813805e-01	1.117910426110029221e-01
3.125000000000000065e-05	3.970197269905217236e-02	1.154741104692220688e-01	1.112235151231288910e-01
3.125000000000000065e-05	4.157449646935432869e-02	1.150374216958880424e-01	1.117562027648091316e-01
3.125000000000000065e-05	4.003031990384754019e-02	1.149097345769405365e-01	1.114689661189913750e-01
3.125000000000000065e-05	3.931764001616194076e-02	1.152607472613453865e-01	1.115828324109315872e-01
3.125000000000000065e-05	4.016968706929231053e-02	1.151724420487880707e-01	1.123876236379146576e-01
3.125000000000000065e-05	3.929634139979187174e-02	1.149072442203760147e-01	1.112856166437268257e-01
3.125000000000000065e-05	3.938640880433819103e-02	1.149175763130187988e-01	1.116343848407268524e-01
3.125000000000000065e-05	3.969395323361776806e-02	1.157021308317780495e-01	1.117195235565304756e-01
3.125000000000000065e-05	3.917807031752942176e-02	1.153226876631379128e-01	1.121889203786849976e-01
3.125000000000000065e-05	4.005375829867170029e-02	1.155487205833196640e-01	1.118449615314602852e-01
3.125000000000000065e-05	4.042912783879268335e-02	1.151535259559750557e-01	1.120259957388043404e-01
3.125000000000000065e-05	3.876681781456440407e-02	1.149628646671772003e-01	1.113662887364625931e-01
3.125000000000000065e-05	3.800645138172409343e-02	1.153189241886138916e-01	1.122114788740873337e-01
3.125000000000000065e-05	3.951416607899001926e-02	1.146142687648534775e-01	1.109668547287583351e-01
3.125000000000000065e-05	3.958086039918132931e-02	1.156716095283627510e-01	1.122652301564812660e-01
3.125000000000000065e-05	3.972478097752679682e-02	1.152560552582144737e-01	1.115236515179276466e-01
3.125000000000000065e-05	4.061546619934371799e-02	1.152196703478693962e-01	1.119492091238498688e-01
3.125000000000000065e-05	4.021565017255046559e-02	1.163512030616402626e-01	1.129273576661944389e-01
1.562500000000000033e-05	4.179301296796979898e-02	1.152243968099355698e-01	1.112719979137182236e-01
1.562500000000000033e-05	4.096741401413573486e-02	1.174298394471406937e-01	1.146062221378087997e-01
1.562500000000000033e-05	3.907059760221952283e-02	1.146539617329835892e-01	1.112631810829043388e-01
1.562500000000000033e-05	3.926105297441723901e-02	1.149886203929781914e-01	1.113732345402240753e-01
1.562500000000000033e-05	3.937294805728936559e-02	1.154174264520406723e-01	1.115918420255184174e-01
1.562500000000000033e-05	3.898062299984165341e-02	1.150955604389309883e-01	1.108719166368246078e-01
1.562500000000000033e-05	3.971513103740879208e-02	1.146888537332415581e-01	1.112371534109115601e-01
1.562500000000000033e-05	3.798699329453933404e-02	1.157592283561825752e-01	1.125188926234841347e-01
1.562500000000000033e-05	3.995378678546675916e-02	1.152815511450171471e-01	1.116800336167216301e-01
1.562500000000000033e-05	3.907005604403682858e-02	1.155251963064074516e-01	1.124803684651851654e-01
1.562500000000000033e-05	3.911450802336765425e-02	1.159235173836350441e-01	1.118815271183848381e-01
1.562500000000000033e-05	4.026695329082917441e-02	1.150405639782547951e-01	1.116700684651732445e-01
1.562500000000000033e-05	3.934729596764981185e-02	1.149973338469862938e-01	1.124307997524738312e-01
1.562500000000000033e-05	3.907777857082554013e-02	1.142797302454710007e-01	1.111732674762606621e-01
1.562500000000000033e-05	3.819318889062615907e-02	1.151854293420910835e-01	1.115052551031112671e-01
1.562500000000000033e-05	3.895187594845325035e-02	1.148754423484206200e-01	1.114549823105335236e-01
1.562500000000000033e-05	3.871058842426614022e-02	1.150236232206225395e-01	1.117614042013883591e-01
1.562500000000000033e-05	3.941657016926174151e-02	1.147876037284731865e-01	1.122857090085744858e-01
1.562500000000000033e-05	3.989299754553203570e-02	1.153465462848544121e-01	1.120396051555871964e-01
1.562500000000000033e-05	3.864664862616152413e-02	1.149085890501737595e-01	1.116573782637715340e-01
1.562500000000000033e-05	3.840804823874673091e-02	1.141463937237858772e-01	1.116755856201052666e-01
7.812500000000000163e-06	3.832189851923833990e-02	1.151902852579951286e-01	1.117509780451655388e-01
7.812500000000000163e-06	3.869066142205950659e-02	1.150881871581077576e-01	1.114367851987481117e-01
7.812500000000000163e-06	3.719566493660588641e-02	1.144835297018289566e-01	1.110084755346179008e-01
7.812500000000000163e-06	4.040917650431017499e-02	1.165091330185532570e-01	1.134247826412320137e-01
7.812500000000000163e-06	3.864011309946639716e-02	1.151330461725592613e-01	1.123170545324683189e-01
7.812500000000000163e-06	3.781966957016081460e-02	1.146588344126939774e-01	1.108420165255665779e-01
7.812500000000000163e-06	3.975785641541963733e-02	1.150674056261777878e-01	1.122903879731893539e-01
7.812500000000000163e-06	3.996422342201576966e-02	1.151097351685166359e-01	1.116952877491712570e-01
7.812500000000000163e-06	3.898323277789580987e-02	1.152752228081226349e-01	1.114108245819807053e-01
7.812500000000000163e-06	3.946744801500175898e-02	1.155519634485244751e-01	1.124524604529142380e-01
7.812500000000000163e-06	3.845677913838549400e-02	1.148740425705909729e-01	1.117127491161227226e-01
7.812500000000000163e-06	3.879672784028174309e-02	1.148349540308117867e-01	1.114710122346878052e-01
7.812500000000000163e-06	3.901743634214883960e-02	1.149182412773370743e-01	1.108735539019107819e-01
7.812500000000000163e-06	3.838277428965024968e-02	1.155324233695864677e-01	1.120309820398688316e-01
7.812500000000000163e-06	3.812857241004328351e-02	1.150813531130552292e-01	1.112331757321953773e-01
7.812500000000000163e-06	3.836498980092097055e-02	1.148801781237125397e-01	1.118320869281888008e-01
7.812500000000000163e-06	3.960992655233491755e-02	1.148850396275520325e-01	1.117120934650301933e-01
7.812500000000000163e-06	3.896507866020443994e-02	1.140978550538420677e-01	1.114428555592894554e-01
7.812500000000000163e-06	3.962810155994529737e-02	1.147703407332301140e-01	1.114674247801303864e-01
7.812500000000000163e-06	3.880828281840945776e-02	1.148024089634418488e-01	1.116756713017821312e-01
7.812500000000000163e-06	3.815200252906431055e-02	1.148465173318982124e-01	1.115319505333900452e-01
3.906250000000000081e-06	3.930914015332354766e-02	1.150933410972356796e-01	1.119497008621692657e-01
3.906250000000000081e-06	3.926972200787520045e-02	1.156417811289429665e-01	1.125771263614296913e-01
3.906250000000000081e-06	3.997369888651219894e-02	1.151720592752099037e-01	1.114870421588420868e-01
3.906250000000000081e-06	3.892675035079069118e-02	1.147297807037830353e-01	1.118125515058636665e-01
3.906250000000000081e-06	3.828591216779962669e-02	1.157124331220984459e-01	1.118230139836668968e-01
3.906250000000000081e-06	3.926625300811815988e-02	1.157733146101236343e-01	1.118038017302751541e-01
3.906250000000000081e-06	4.222479762061487341e-02	1.153615433722734451e-01	1.121572172269225121e-01
3.906250000000000081e-06	3.750566324761396564e-02	1.147994427010416985e-01	1.113157821819186211e-01
3.906250000000000081e-06	3.865294764407827682e-02	1.142973797395825386e-01	1.110524274408817291e-01
3.906250000000000081e-06	3.883903730613521427e-02	1.142561752349138260e-01	1.116092773154377937e-01
3.906250000000000081e-06	3.974052770888503866e-02	1.154666673392057419e-01	1.120020737871527672e-01
3.906250000000000081e-06	3.876907911293114156e-02	1.157864043489098549e-01	1.118465168401598930e-01
3.906250000000000081e-06	3.902667013433160775e-02	1.150400191545486450e-01	1.114301420748233795e-01
3.906250000000000081e-06	3.907996152020708214e-02	1.150896195322275162e-01	1.120096175000071526e-01
3.906250000000000081e-06	3.973535926941829111e-02	1.167849339544773102e-01	1.131852306425571442e-01
3.906250000000000081e-06	3.904819552185414405e-02	1.147336075082421303e-01	1.110723586753010750e-01
3.906250000000000081e-06	3.833405682934990649e-02	1.146627888083457947e-01	1.117052724584937096e-01
3.906250000000000081e-06	3.955960754729524742e-02	1.157260034233331680e-01	1.129041174426674843e-01
3.906250000000000081e-06	3.872733131711241644e-02	1.148590492084622383e-01	1.115881763398647308e-01
3.906250000000000081e-06	3.930138336801076299e-02	1.148160342127084732e-01	1.112684365361928940e-01
3.906250000000000081e-06	3.807098010578487818e-02	1.145062511786818504e-01	1.107982043176889420e-01
1.953125000000000041e-06	3.794627169830889352e-02	1.144554270431399345e-01	1.108336355537176132e-01
1.953125000000000041e-06	4.051980270143551444e-02	1.164339827373623848e-01	1.130413245409727097e-01
1.953125000000000041e-06	3.926695265536066931e-02	1.146446680650115013e-01	1.113709323108196259e-01
1.953125000000000041e-06	3.901130215653890454e-02	1.152214314788579941e-01	1.120478641241788864e-01
1.953125000000000041e-06	3.896370709319658260e-02	1.156430458649992943e-01	1.123273372650146484e-01
1.953125000000000041e-06	3.795679618569114400e-02	1.152694756165146828e-01	1.118031637743115425e-01
1.953125000000000041e-06	3.893270786804488987e-02	1.151420110836625099e-01	1.112777767702937126e-01
1.953125000000000041e-06	3.875581012402154468e-02	1.156276669353246689e-01	1.120187975466251373e-01
1.953125000000000041e-06	3.967656126788145221e-02	1.150040859356522560e-01	1.116838492453098297e-01
1.953125000000000041e-06	3.882529025402250283e-02	1.156044164672493935e-01	1.119623258709907532e-01
1.953125000000000041e-06	3.836461616373514766e-02	1.150578474625945091e-01	1.116610867902636528e-01
1.953125000000000041e-06	4.005340986613985937e-02	1.167820198461413383e-01	1.130536915734410286e-01
1.953125000000000041e-06	4.049563106102279514e-02	1.182860527187585831e-01	1.143970564007759094e-01
1.953125000000000041e-06	3.972715111095694029e-02	1.147687677294015884e-01	1.114027975127100945e-01
1.953125000000000041e-06	3.804078544902650405e-02	1.149020716547966003e-01	1.113720564171671867e-01
1.953125000000000041e-06	3.793317789235447351e-02	1.146028349176049232e-01	1.115950271487236023e-01
1.953125000000000041e-06	3.840023481959028984e-02	1.149407885968685150e-01	1.111554643139243126e-01
1.953125000000000041e-06	3.890147121458113755e-02	1.148438807576894760e-01	1.113134203478693962e-01
1.953125000000000041e-06	3.963616605895229489e-02	1.149429623037576675e-01	1.113578518852591515e-01
1.953125000000000041e-06	3.858177613797066779e-02	1.145742563530802727e-01	1.113285059109330177e-01
1.953125000000000041e-06	3.973003686700440906e-02	1.154856756329536438e-01	1.123885512351989746e-01
9.765625000000000203e-07	3.931701216327992965e-02	1.147928331047296524e-01	1.112194014713168144e-01
9.765625000000000203e-07	3.748462294947497303e-02	1.153710139915347099e-01	1.113515878096222878e-01
9.765625000000000203e-07	3.964588114449495160e-02	1.161048989742994308e-01	1.126599628478288651e-01
9.765625000000000203e-07	3.863808863996705256e-02	1.153076346963644028e-01	1.118414308875799179e-01
9.765625000000000203e-07	3.900712471502491147e-02	1.155288852751255035e-01	1.118662338703870773e-01
9.765625000000000203e-07	3.799905750570418267e-02	1.154198860749602318e-01	1.115458114072680473e-01
9.765625000000000203e-07	3.886627743044231836e-02	1.156874215230345726e-01	1.128470590338110924e-01
9.765625000000000203e-07	3.892945165781280803e-02	1.143977409228682518e-01	1.113182166591286659e-01
9.765625000000000203e-07	3.923412669402889102e-02	1.148064276203513145e-01	1.107214940711855888e-01
9.765625000000000203e-07	3.965209891335873954e-02	1.156930793076753616e-01	1.125249862670898438e-01
9.765625000000000203e-07	3.835096851557116132e-02	1.148193459957838058e-01	1.116940556094050407e-01
9.765625000000000203e-07	3.924776054918766022e-02	1.152591956779360771e-01	1.117986161261796951e-01
9.765625000000000203e-07	3.965279504751102746e-02	1.168985115364193916e-01	1.137047009542584419e-01
9.765625000000000203e-07	3.922800130293339210e-02	1.151465876027941704e-01	1.115436190739274025e-01
9.765625000000000203e-07	3.906555874626847780e-02	1.151554742828011513e-01	1.112183444201946259e-01
9.765625000000000203e-07	3.882789368965203214e-02	1.149686146527528763e-01	1.111638015136122704e-01
9.765625000000000203e-07	3.950388795590099172e-02	1.149320192635059357e-01	1.116652507334947586e-01
9.765625000000000203e-07	3.939357180667074632e-02	1.162815773859620094e-01	1.131180478259921074e-01
9.765625000000000203e-07	3.847479131780093264e-02	1.146015124395489693e-01	1.115793809294700623e-01
9.765625000000000203e-07	3.938992246042324202e-02	1.147641502320766449e-01	1.113338815048336983e-01
9.765625000000000203e-07	3.838277931171882318e-02	1.148358136415481567e-01	1.114324005320668221e-01
4.882812500000000102e-07	3.829953336168693406e-02	1.159761426970362663e-01	1.115975342690944672e-01
4.882812500000000102e-07	3.956224990985061224e-02	1.161227216944098473e-01	1.125925676897168159e-01
4.882812500000000102e-07	3.930824245267276751e-02	1.153346346691250801e-01	1.113184113055467606e-01
4.882812500000000102e-07	3.985064896413042373e-02	1.151476688683032990e-01	1.112256823107600212e-01
4.882812500000000102e-07	3.899977351479892718e-02	1.144390366971492767e-01	1.107862675562500954e-01
4.882812500000000102e-07	3.939850149746937369e-02	1.158758942037820816e-01	1.125484025105834007e-01
4.882812500000000102e-07	3.717894288652305590e-02	1.148121114820241928e-01	1.120652500540018082e-01
4.882812500000000102e-07	3.918335777766342176e-02	1.154560893774032593e-01	1.115652425214648247e-01
4.882812500000000102e-07	3.751800961415224095e-02	1.152100544422864914e-01	1.113766599446535110e-01
4.882812500000000102e-07	3.745953519416006516e-02	1.146325441077351570e-01	1.111898217350244522e-01
4.882812500000000102e-07	3.909957562160643052e-02	1.161293154582381248e-01	1.129280664026737213e-01
4.882812500000000102e-07	3.930070378546473425e-02	1.145682204514741898e-01	1.111008487641811371e-01
4.882812500000000102e-07	3.807400100970569773e-02	1.143742203712463379e-01	1.111340010538697243e-01
4.882812500000000102e-07	4.001628524989266772e-02	1.161869354546070099e-01	1.124265482649207115e-01
4.882812500000000102e-07	3.798699801009666754e-02	1.147418525069952011e-01	1.111502917483448982e-01
4.882812500000000102e-07	3.715068599374234115e-02	1.145882494747638702e-01	1.109493095427751541e-01
4.882812500000000102e-07	3.958970440339438374e-02	1.154488921165466309e-01	1.119775241240859032e-01
4.882812500000000102e-07	3.859219891078109754e-02	1.151368543505668640e-01	1.116160443052649498e-01
4.882812500000000102e-07	3.835442308572274001e-02	1.152601661160588264e-01	1.119980504736304283e-01
4.882812500000000102e-07	3.953568856644479323e-02	1.151583343744277954e-01	1.117731938138604164e-01
4.882812500000000102e-07	3.892741319310816239e-02	1.152180237695574760e-01	1.121015921235084534e-01
2.441406250000000051e-07	3.757315461488464070e-02	1.149601461365818977e-01	1.113232895731925964e-01
2.441406250000000051e-07	3.838781788473642070e-02	1.144471475854516029e-01	1.119607090950012207e-01
2.441406250000000051e-07	3.982182714758040337e-02	1.148745622485876083e-01	1.121498169377446175e-01
2.441406250000000051e-07	3.777865711835366042e-02	1.162875154986977577e-01	1.127309659495949745e-01
2.441406250000000051e-07	3.914661601751665693e-02	1.155970301479101181e-01	1.123368712142109871e-01
2.441406250000000051e-07	3.977975150263762111e-02	1.153263291344046593e-01	1.115309745073318481e-01
2.441406250000000051e-07	3.838712116113946610e-02	1.145784109830856323e-01	1.108769904822111130e-01
2.441406250000000051e-07	3.856767827196966314e-02	1.153378225862979889e-01	1.113820085301995277e-01
2.441406250000000051e-07	3.870061476113675208e-02	1.160765253007411957e-01	1.124239768832921982e-01
2.441406250000000051e-07	3.809494098436228687e-02	1.148226493969559669e-01	1.113113947212696075e-01
2.441406250000000051e-07	3.870251621532289077e-02	1.148698441684246063e-01	1.124760629609227180e-01
2.441406250000000051e-07	3.779006982811643905e-02	1.148990215733647346e-01	1.119088772684335709e-01
2.441406250000000051e-07	3.688247907388059188e-02	1.144249904900789261e-01	1.110911034047603607e-01
2.441406250000000051e-07	3.906480489369434927e-02	1.153346113860607147e-01	1.123406784608960152e-01
2.441406250000000051e-07	3.850605598167528010e-02	1.151188658550381660e-01	1.118843676522374153e-01
2.441406250000000051e-07	3.805071339482748310e-02	1.146474154666066170e-01	1.115578506141901016e-01
2.441406250000000051e-07	3.894499903898450410e-02	1.153060970827937126e-01	1.124736266210675240e-01
2.441406250000000051e-07	3.845168661939192545e-02	1.150826113298535347e-01	1.123933680355548859e-01
2.441406250000000051e-07	3.902098621371426213e-02	1.150631997734308243e-01	1.115567237138748169e-01
2.441406250000000051e-07	3.784464068616492927e-02	1.154409609735012054e-01	1.111998241394758224e-01
2.441406250000000051e-07	3.901769831493685781e-02	1.155633470043540001e-01	1.122648110613226891e-01
1.220703125000000025e-07	3.888313451050957881e-02	1.149702267721295357e-01	1.110202008858323097e-01
1.220703125000000025e-07	3.915630137147028261e-02	1.152647994458675385e-01	1.116880225017666817e-01
1.220703125000000025e-07	3.874026495916179508e-02	1.142777297645807266e-01	1.112863300368189812e-01
1.220703125000000025e-07	3.906467113691040188e-02	1.157421199604868889e-01	1.121123572811484337e-01
1.220703125000000025e-07	3.975085103059116526e-02	1.160197118297219276e-01	1.126447096467018127e-01
1.220703125000000025e-07	3.853150931057296169e-02	1.151439007371664047e-01	1.115968665108084679e-01
1.220703125000000025e-07	3.763422636385960196e-02	1.153365448117256165e-01	1.123306313529610634e-01
1.220703125000000025e-07	3.925428058527692665e-02	1.150071993470191956e-01	1.114380806684494019e-01
1.220703125000000025e-07	3.803627270780786385e-02	1.150687038898468018e-01	1.119400421157479286e-01
1.220703125000000025e-07	3.873043167817441512e-02	1.153946295380592346e-01	1.117275962606072426e-01
1.220703125000000025e-07	3.817216936451724857e-02	1.152652967721223831e-01	1.115141129121184349e-01
1.220703125000000025e-07	3.953125825316845809e-02	1.155010657384991646e-01	1.122097186744213104e-01
1.220703125000000025e-07	3.850908669395537026e-02	1.144182980060577393e-01	1.111251916736364365e-01
1.220703125000000025e-07	3.815362609545640965e-02	1.152520328760147095e-01	1.119579002261161804e-01
1.220703125000000025e-07	3.873831990964805155e-02	1.145687820389866829e-01	1.116104554384946823e-01
1.220703125000000025e-07	3.979421899760070963e-02	1.155605157837271690e-01	1.118550142273306847e-01
1.220703125000000025e-07	3.956331590874285348e-02	1.157698426395654678e-01	1.132740601897239685e-01
1.220703125000000025e-07	3.916915963533558476e-02	1.157072531059384346e-01	1.119313947856426239e-01
1.220703125000000025e-07	3.824136844730075674e-02	1.149602644145488739e-01	1.123801739886403084e-01
1.220703125000000025e-07	3.820402389745923555e-02	1.153484107926487923e-01	1.115204468369483948e-01
1.220703125000000025e-07	3.875148331722880896e-02	1.166894109919667244e-01	1.130508938804268837e-01
6.103515625000000127e-08	3.876757989578609453e-02	1.146428044885396957e-01	1.111630611121654510e-01
6.103515625000000127e-08	3.953324659149858034e-02	1.147662578150629997e-01	1.114170588552951813e-01
6.103515625000000127e-08	3.822786587325832652e-02	1.151742665097117424e-01	1.117074079811573029e-01
6.103515625000000127e-08	3.908239602099491256e-02	1.156738279387354851e-01	1.115422705188393593e-01
6.103515625000000127e-08	3.958887521979174984e-02	1.161339674144983292e-01	1.123647037893533707e-01
6.103515625000000127e-08	3.938635172251658823e-02	1.158837918192148209e-01	1.120976414531469345e-01
6.103515625000000127e-08	4.025037110417704206e-02	1.160202231258153915e-01	1.124449744820594788e-01
6.103515625000000127e-08	3.912816517337967814e-02	1.154649509117007256e-01	1.121704960241913795e-01
6.103515625000000127e-08	3.752931964265394937e-02	1.151522658765316010e-01	1.114775566384196281e-01
6.103515625000000127e-08	3.765548452074769098e-02	1.149607561528682709e-01	1.112083708867430687e-01
6.103515625000000127e-08	3.882812477553947150e-02	1.157837649807333946e-01	1.118332007899880409e-01
6.103515625000000127e-08	3.781677685866627336e-02	1.149572143331170082e-01	1.109195398166775703e-01
6.103515625000000127e-08	3.937820797856850241e-02	1.153124468401074409e-01	1.111233569681644440e-01
6.103515625000000127e-08	3.997362105623830653e-02	1.150767225772142410e-01	1.112170582637190819e-01
6.103515625000000127e-08	3.841055191676073094e-02	1.144672697409987450e-01	1.114059863612055779e-01
6.103515625000000127e-08	4.032719022111047602e-02	1.176567478105425835e-01	1.141590448096394539e-01
6.103515625000000127e-08	3.767360864749437488e-02	1.146136987954378128e-01	1.112215621396899223e-01
6.103515625000000127e-08	3.863532659656639112e-02	1.145833777263760567e-01	1.112288432195782661e-01
6.103515625000000127e-08	3.861095315387731708e-02	1.145814033225178719e-01	1.115699773654341698e-01
6.103515625000000127e-08	3.982540597266788496e-02	1.159095745533704758e-01	1.128296181559562683e-01
6.103515625000000127e-08	4.031515326586705000e-02	1.164229195564985275e-01	1.134752891957759857e-01
3.051757812500000064e-08	3.949586566113218178e-02	1.146853342652320862e-01	1.114122755825519562e-01
3.051757812500000064e-08	3.943894940275180505e-02	1.145272273570299149e-01	1.114534148946404457e-01
3.051757812500000064e-08	3.817794127743455446e-02	1.144599290564656258e-01	1.116457637399435043e-01
3.051757812500000064e-08	3.904206494364557273e-02	1.150166606530547142e-01	1.115215597674250603e-01
3.051757812500000064e-08	3.917942978913271229e-02	1.159525141119956970e-01	1.131093520671129227e-01
3.051757812500000064e-08	3.872175795273690574e-02	1.153196282684803009e-01	1.114721912890672684e-01
3.051757812500000064e-08	3.963803863034972425e-02	1.152046443894505501e-01	1.111828554421663284e-01
3.051757812500000064e-08	3.769189296172389264e-02	1.150757772848010063e-01	1.117561804130673409e-01
3.051757812500000064e-08	3.937202644876287155e-02	1.151845222339034081e-01	1.111383792012929916e-01
3.051757812500000064e-08	3.945751075597503377e-02	1.145893866196274757e-01	1.108917314559221268e-01
3.051757812500000064e-08	3.815775998879836900e-02	1.152123576030135155e-01	1.115706618875265121e-01
3.051757812500000064e-08	3.764592066312892615e-02	1.144952634349465370e-01	1.115992730483412743e-01
3.051757812500000064e-08	3.965229640090012914e-02	1.153899217024445534e-01	1.121908864006400108e-01
3.051757812500000064e-08	3.910080468447148239e-02	1.150410398840904236e-01	1.114597916603088379e-01
3.051757812500000064e-08	4.070027309316623376e-02	1.152136344462633133e-01	1.120469802990555763e-01
3.051757812500000064e-08	3.727068605868122386e-02	1.149459257721900940e-01	1.119566839188337326e-01
3.051757812500000064e-08	3.883490218674835043e-02	1.149936532601714134e-01	1.117138573899865150e-01
3.051757812500000064e-08	3.840570064568066960e-02	1.155917299911379814e-01	1.119295796379446983e-01
3.051757812500000064e-08	3.908496545745602374e-02	1.143431318923830986e-01	1.112325200811028481e-01
3.051757812500000064e-08	3.967181057963944935e-02	1.155079975724220276e-01	1.120938714593648911e-01
3.051757812500000064e-08	3.884633830925331849e-02	1.162185128778219223e-01	1.120746340602636337e-01
1.525878906250000032e-08	3.960984926435012071e-02	1.160745592787861824e-01	1.120622875168919563e-01
1.525878906250000032e-08	3.810413580246364146e-02	1.148827988654375076e-01	1.114976918324828148e-01
1.525878906250000032e-08	3.899135798970355254e-02	1.154660396277904510e-01	1.127000888809561729e-01
1.525878906250000032e-08	3.825937732582605083e-02	1.154496697708964348e-01	1.120619550347328186e-01
1.525878906250000032e-08	3.904469646041906078e-02	1.149952048435807228e-01	1.116624679416418076e-01
1.525878906250000032e-08	3.794918735098989915e-02	1.151893297210335732e-01	1.114588817581534386e-01
1.525878906250000032e-08	4.026282974813558124e-02	1.148054078221321106e-01	1.115591861307621002e-01
1.525878906250000032e-08	3.857814829466463952e-02	1.156671252101659775e-01	1.126939132809638977e-01
1.525878906250000032e-08	3.818448085950899851e-02	1.150120617821812630e-01	1.111851595342159271e-01
1.525878906250000032e-08	3.865547996910312367e-02	1.155821029096841812e-01	1.120233144611120224e-01
1.525878906250000032e-08	3.794378905168062366e-02	1.156666455790400505e-01	1.121745100244879723e-01
1.525878906250000032e-08	3.930279961492441632e-02	1.144726909697055817e-01	1.115832393988966942e-01
1.525878906250000032e-08	3.933228531121453486e-02	1.152036981657147408e-01	1.112628513947129250e-01
1.525878906250000032e-08	3.910689793904371242e-02	1.155275469645857811e-01	1.120573049411177635e-01
1.525878906250000032e-08	3.748406356648553706e-02	1.152999103069305420e-01	1.116093732416629791e-01
1.525878906250000032e-08	3.845400820615925419e-02	1.144719431176781654e-01	1.114899646490812302e-01
1.525878906250000032e-08	3.906159706508056939e-02	1.166648669168353081e-01	1.118657356128096581e-01
1.525878906250000032e-08	3.809500131991844923e-02	1.156309396028518677e-01	1.119441213086247444e-01
1.525878906250000032e-08	3.881222804230224921e-02	1.150906113907694817e-01	1.118383873254060745e-01
1.525878906250000032e-08	3.791035485418536854e-02	1.144458223134279251e-01	1.111849844455718994e-01
1.525878906250000032e-08	3.862068318773673875e-02	1.148747047409415245e-01	1.118069626390933990e-01
1.525878906250000032e-08	3.862982391839540203e-02	1.149565726518630981e-01	1.117516886442899704e-01
1.525878906250000032e-08	3.862201672377465339e-02	1.159135792404413223e-01	1.125530768185853958e-01
1.525878906250000032e-08	3.905311255138131654e-02	1.145045831799507141e-01	1.114362347871065140e-01
1.525878906250000032e-08	3.938131173483178787e-02	1.155245825648307800e-01	1.118985088542103767e-01
