2.000000000000000042e-03	3.594879151522358818e-01	3.848270513117313385e-01	3.828745633363723755e-01
2.000000000000000042e-03	2.573452248603482762e-01	2.907968536019325256e-01	2.872026078402996063e-01
2.000000000000000042e-03	2.283320781550829959e-01	2.325952202081680298e-01	2.314661722630262375e-01
2.000000000000000042e-03	2.168887102905708020e-01	2.074895389378070831e-01	2.070574946701526642e-01
2.000000000000000042e-03	2.069243958479241585e-01	1.936358492821455002e-01	1.913051996380090714e-01
2.000000000000000042e-03	2.058369394721864254e-01	2.109945584088563919e-01	2.103079184889793396e-01
2.000000000000000042e-03	1.944105519524103598e-01	1.962954420596361160e-01	1.968368999660015106e-01
2.000000000000000042e-03	1.982456168419198250e-01	1.999142058193683624e-01	2.025177143514156342e-01
2.000000000000000042e-03	1.882260415372969120e-01	1.820837538689374924e-01	1.839462015777826309e-01
2.000000000000000042e-03	1.842045684026766550e-01	1.903476379811763763e-01	1.934716869145631790e-01
2.000000000000000042e-03	1.822474642267710165e-01	1.576681472361087799e-01	1.587439365684986115e-01
2.000000000000000042e-03	1.824261008561411934e-01	1.753984596580266953e-01	1.763875838369131088e-01
2.000000000000000042e-03	1.827341370944735310e-01	1.895996350795030594e-01	1.884911675006151199e-01
2.000000000000000042e-03	1.749931760603868625e-01	1.879042200744152069e-01	1.890859454870223999e-01
2.000000000000000042e-03	1.746170332160177086e-01	1.815831158310174942e-01	1.803687382489442825e-01
2.000000000000000042e-03	1.720630366213714013e-01	1.738287974148988724e-01	1.785064414143562317e-01
2.000000000000000042e-03	1.729216603915902650e-01	1.781489215791225433e-01	1.781262177973985672e-01
2.000000000000000042e-03	1.710669258727303133e-01	1.554376576095819473e-01	1.590167339891195297e-01
2.000000000000000042e-03	1.659470426885387428e-01	1.621949542313814163e-01	1.662082802504301071e-01
2.000000000000000042e-03	1.677505104224893129e-01	1.751253139227628708e-01	1.751483138650655746e-01
2.000000000000000042e-03	1.624463428802128129e-01	1.759792994707822800e-01	1.781794242560863495e-01
2.000000000000000042e-03	1.588087738314761521e-01	1.461109798401594162e-01	1.483843121677637100e-01
2.000000000000000042e-03	1.629858601696883569e-01	1.663019470870494843e-01	1.694642603397369385e-01
2.000000000000000042e-03	1.595210961148708639e-01	1.603865288197994232e-01	1.606406588107347488e-01
2.000000000000000042e-03	1.597571455979648891e-01	1.601087618619203568e-01	1.596909724175930023e-01
2.000000000000000042e-03	1.565075650622572978e-01	1.606681998819112778e-01	1.641308721154928207e-01
2.000000000000000042e-03	1.634836325162573600e-01	1.630238946527242661e-01	1.663212887942790985e-01
2.000000000000000042e-03	1.521987401986423794e-01	1.701105199754238129e-01	1.702565588057041168e-01
2.000000000000000042e-03	1.501890755718267301e-01	1.474481206387281418e-01	1.484488416463136673e-01
2.000000000000000042e-03	1.470542184159725485e-01	1.507171988487243652e-01	1.513219252228736877e-01
2.000000000000000042e-03	1.519430315569986201e-01	1.649857684969902039e-01	1.658278796821832657e-01
2.000000000000000042e-03	1.500961120370068180e-01	1.525382846593856812e-01	1.551957186311483383e-01
2.000000000000000042e-03	1.435760256798961632e-01	1.545499656349420547e-01	1.546125132590532303e-01
2.000000000000000042e-03	1.430852688566038866e-01	1.599691212177276611e-01	1.600755471736192703e-01
2.000000000000000042e-03	1.470405465062660511e-01	1.471192985773086548e-01	1.483822688460350037e-01
2.000000000000000042e-03	1.417614228174656210e-01	1.692097429186105728e-01	1.689478140324354172e-01
2.000000000000000042e-03	1.430651023040843961e-01	1.442956216633319855e-01	1.444539483636617661e-01
2.000000000000000042e-03	1.449545086184634568e-01	1.516463551670312881e-01	1.529978290200233459e-01
2.000000000000000042e-03	1.367014362653599380e-01	1.438685730099678040e-01	1.452708877623081207e-01
2.000000000000000042e-03	1.414902771386919167e-01	1.443949900567531586e-01	1.435766145586967468e-01
2.000000000000000042e-03	1.389709218770642796e-01	1.459073601290583611e-01	1.481274366378784180e-01
2.000000000000000042e-03	1.380016445359097121e-01	1.393312327563762665e-01	1.393317431211471558e-01
2.000000000000000042e-03	1.387028109423721900e-01	1.433174144476652145e-01	1.439242511987686157e-01
2.000000000000000042e-03	1.404299692639821573e-01	1.662914752960205078e-01	1.682664137333631516e-01
2.000000000000000042e-03	1.339194723699666245e-01	1.430073827505111694e-01	1.410195063799619675e-01
2.000000000000000042e-03	1.351084085770800081e-01	1.423236969858407974e-01	1.417736746370792389e-01
2.000000000000000042e-03	1.350180792469012625e-01	1.430451218038797379e-01	1.444509103894233704e-01
2.000000000000000042e-03	1.286652911501594831e-01	1.440812777727842331e-01	1.412364561110734940e-01
2.000000000000000042e-03	1.280669697289225362e-01	1.389044784009456635e-01	1.400802154093980789e-01
2.000000000000000042e-03	1.285183264673510628e-01	1.315997196361422539e-01	1.320231091231107712e-01
2.000000000000000042e-03	1.251533490758907907e-01	1.395502630621194839e-01	1.408339720219373703e-01
2.000000000000000042e-03	1.325224085321909384e-01	1.394471246749162674e-01	1.368384137749671936e-01
2.000000000000000042e-03	1.277920043543924189e-01	1.304426323622465134e-01	1.311017293483018875e-01
2.000000000000000042e-03	1.274316175074516888e-01	1.457918789237737656e-01	1.448175739496946335e-01
2.000000000000000042e-03	1.291413510902018613e-01	1.475942246615886688e-01	1.499302685260772705e-01
2.000000000000000042e-03	1.261198452756374655e-01	1.349118016660213470e-01	1.336880717426538467e-01
2.000000000000000042e-03	1.242044937761524054e-01	1.394717562943696976e-01	1.384420134127140045e-01
2.000000000000000042e-03	1.273278307311142554e-01	1.349125262349843979e-01	1.367355547845363617e-01
2.000000000000000042e-03	1.235676482319831848e-01	1.476166080683469772e-01	1.451058741658926010e-01
2.000000000000000042e-03	1.230158212630054620e-01	1.346165528520941734e-01	1.346130184829235077e-01
2.000000000000000042e-03	1.229694399841224084e-01	1.447480265051126480e-01	1.466877926141023636e-01
2.000000000000000042e-03	1.186806924546821157e-01	1.290481062605977058e-01	1.292314957827329636e-01
2.000000000000000042e-03	1.207562964173811842e-01	1.372767798602581024e-01	1.376622989773750305e-01
2.000000000000000042e-03	1.194112767712979389e-01	1.364037049934267998e-01	1.353649972006678581e-01
2.000000000000000042e-03	1.199564863986606889e-01	1.329402346163988113e-01	1.315603330731391907e-01
2.000000000000000042e-03	1.241336283804495150e-01	1.442527025938034058e-01	1.436415016651153564e-01
2.000000000000000042e-03	1.197731095967413534e-01	1.297827186062932014e-01	1.299250237643718719e-01
2.000000000000000042e-03	1.184080425131170122e-01	1.341099999845027924e-01	1.334171053022146225e-01
2.000000000000000042e-03	1.261730413836768816e-01	1.400231365114450455e-01	1.403703242540359497e-01
2.000000000000000042e-03	1.177499618711350809e-01	1.398487798869609833e-01	1.379304006695747375e-01
2.000000000000000042e-03	1.155489378526241007e-01	1.415630392730236053e-01	1.429823283106088638e-01
2.000000000000000042e-03	1.176223040004319847e-01	1.391192115843296051e-01	1.383065087720751762e-01
2.000000000000000042e-03	1.224019643438013227e-01	1.386182978749275208e-01	1.379913017153739929e-01
2.000000000000000042e-03	1.161487546714046332e-01	1.308515761047601700e-01	1.337747126817703247e-01
2.000000000000000042e-03	1.165197673666326372e-01	1.338268388062715530e-01	1.342509500682353973e-01
2.000000000000000042e-03	1.148173562899420519e-01	1.448671687394380569e-01	1.447385251522064209e-01
2.000000000000000042e-03	1.117083714166774017e-01	1.415172908455133438e-01	1.404261738061904907e-01
2.000000000000000042e-03	1.084519325743747709e-01	1.338611021637916565e-01	1.357781291007995605e-01
2.000000000000000042e-03	1.086073042471197569e-01	1.350227985531091690e-01	1.327907238155603409e-01
2.000000000000000042e-03	1.090723956121674026e-01	1.336493734270334244e-01	1.327113183215260506e-01
2.000000000000000042e-03	1.094904183586941498e-01	1.301040453836321831e-01	1.291139787063002586e-01
2.000000000000000042e-03	1.064497861492482988e-01	1.350603401660919189e-01	1.346402624621987343e-01
2.000000000000000042e-03	1.075000132940992503e-01	1.344335805624723434e-01	1.341235581785440445e-01
1.000000000000000021e-03	1.011397017142440652e-01	1.190830906853079796e-01	1.181356273591518402e-01
1.000000000000000021e-03	9.102749249225930428e-02	1.191719127818942070e-01	1.188802961260080338e-01
1.000000000000000021e-03	9.452601201549361287e-02	1.238923761993646622e-01	1.232381816953420639e-01
1.000000000000000021e-03	9.268266735952111757e-02	1.173397591337561607e-01	1.187200658023357391e-01
1.000000000000000021e-03	9.330168338138845885e-02	1.204368490725755692e-01	1.203932724893093109e-01
1.000000000000000021e-03	9.446219251125673178e-02	1.244489969685673714e-01	1.253470173105597496e-01
1.000000000000000021e-03	8.997975987724110558e-02	1.226730113849043846e-01	1.198146399110555649e-01
1.000000000000000021e-03	8.981066876197163484e-02	1.247468199580907822e-01	1.236040191724896431e-01
1.000000000000000021e-03	8.854453935276103416e-02	1.208890778943896294e-01	1.195289297029376030e-01
1.000000000000000021e-03	8.578484458259388878e-02	1.192625947296619415e-01	1.181521620601415634e-01
1.000000000000000021e-03	8.819212292945838305e-02	1.230334462597966194e-01	1.226548561826348305e-01
1.000000000000000021e-03	8.700190050692498123e-02	1.260164873674511909e-01	1.252359747886657715e-01
1.000000000000000021e-03	8.551727254179460058e-02	1.218423973768949509e-01	1.222543604671955109e-01
1.000000000000000021e-03	8.384402879054032864e-02	1.197057245299220085e-01	1.191947450861334801e-01
1.000000000000000021e-03	8.527133444064780021e-02	1.192106613889336586e-01	1.189349340274930000e-01
1.000000000000000021e-03	8.678841194774530865e-02	1.218961095437407494e-01	1.201010784134268761e-01
1.000000000000000021e-03	8.463051858582074094e-02	1.218315390869975090e-01	1.204012148082256317e-01
1.000000000000000021e-03	8.518154711662968837e-02	1.210261909291148186e-01	1.193545013666152954e-01
1.000000000000000021e-03	8.418933679408664716e-02	1.225295411422848701e-01	1.226106472313404083e-01
1.000000000000000021e-03	8.406845555652546487e-02	1.247337032109498978e-01	1.235894225537776947e-01
1.000000000000000021e-03	8.048598194801354078e-02	1.238069394603371620e-01	1.224205885082483292e-01
1.000000000000000021e-03	8.180370427007917222e-02	1.223345790058374405e-01	1.198004828765988350e-01
1.000000000000000021e-03	8.153588579425329053e-02	1.267814096063375473e-01	1.266517713665962219e-01
1.000000000000000021e-03	8.198927437202839508e-02	1.284128632396459579e-01	1.274807360023260117e-01
1.000000000000000021e-03	8.092879843485506486e-02	1.227580448612570763e-01	1.233951542526483536e-01
5.000000000000000104e-04	7.405082240134855387e-02	1.153953522443771362e-01	1.148340273648500443e-01
5.000000000000000104e-04	7.185615537853180801e-02	1.170683512464165688e-01	1.154265180230140686e-01
5.000000000000000104e-04	7.405576953970932630e-02	1.272295815870165825e-01	1.249604159966111183e-01
5.000000000000000104e-04	7.066224557878095225e-02	1.183206317946314812e-01	1.174037680029869080e-01
5.000000000000000104e-04	6.887240476811988532e-02	1.167942807078361511e-01	1.170557085424661636e-01
5.000000000000000104e-04	6.953480566226982740e-02	1.163211679086089134e-01	1.153295040130615234e-01
5.000000000000000104e-04	6.977331808096245980e-02	1.178693845868110657e-01	1.179330274462699890e-01
5.000000000000000104e-04	6.978408959281595658e-02	1.230146614834666252e-01	1.220677271485328674e-01
5.000000000000000104e-04	6.773983385366728893e-02	1.224003629758954048e-01	1.235986882820725441e-01
5.000000000000000104e-04	6.860195972685571852e-02	1.187396934255957603e-01	1.160938646644353867e-01
5.000000000000000104e-04	6.756195209071605423e-02	1.157158650457859039e-01	1.141264121979475021e-01
5.000000000000000104e-04	6.613689717612689090e-02	1.209451416507363319e-01	1.199007099494338036e-01
5.000000000000000104e-04	6.744938801172413456e-02	1.187152396887540817e-01	1.160230059176683426e-01
5.000000000000000104e-04	6.571614907323559962e-02	1.252043396234512329e-01	1.235102573409676552e-01
5.000000000000000104e-04	6.965447745368449906e-02	1.167079051956534386e-01	1.162738362327218056e-01
5.000000000000000104e-04	6.684238180706772448e-02	1.170810759067535400e-01	1.158163463696837425e-01
5.000000000000000104e-04	6.526406340395347894e-02	1.205486860126256943e-01	1.183172473683953285e-01
5.000000000000000104e-04	6.510508126473124602e-02	1.208561798557639122e-01	1.189121995121240616e-01
5.000000000000000104e-04	6.835703886573828159e-02	1.188554875552654266e-01	1.182594709098339081e-01
5.000000000000000104e-04	6.583464881287345860e-02	1.196884494274854660e-01	1.189118251204490662e-01
5.000000000000000104e-04	6.688593672234800780e-02	1.204649191349744797e-01	1.201934115961194038e-01
5.000000000000000104e-04	6.397404960250552275e-02	1.190075520426034927e-01	1.193602764979004860e-01
2.500000000000000052e-04	6.000655804631076229e-02	1.157996570691466331e-01	1.150841144844889641e-01
2.500000000000000052e-04	5.975482721306100975e-02	1.161519000306725502e-01	1.146768480539321899e-01
2.500000000000000052e-04	5.788526971694789303e-02	1.167019931599497795e-01	1.152646457776427269e-01
2.500000000000000052e-04	5.849728337194345928e-02	1.175364414229989052e-01	1.164444908499717712e-01
2.500000000000000052e-04	5.849898875325541120e-02	1.165602672845125198e-01	1.145893987268209457e-01
2.500000000000000052e-04	5.719823828792270498e-02	1.162289110943675041e-01	1.145558906719088554e-01
2.500000000000000052e-04	5.989316964074026250e-02	1.161214066669344902e-01	1.159156700596213341e-01
2.500000000000000052e-04	5.833458381740352916e-02	1.151593253016471863e-01	1.137383366003632545e-01
2.500000000000000052e-04	5.868824840157847028e-02	1.156756682321429253e-01	1.147972820326685905e-01
2.500000000000000052e-04	5.806894864462598671e-02	1.183755332604050636e-01	1.166170025244355202e-01
2.500000000000000052e-04	5.765930091655706996e-02	1.162246959283947945e-01	1.146118426695466042e-01
2.500000000000000052e-04	5.656727851380275590e-02	1.176613373681902885e-01	1.159068187698721886e-01
2.500000000000000052e-04	5.649917799083492564e-02	1.176064480096101761e-01	1.160741448402404785e-01
2.500000000000000052e-04	6.019371130232569617e-02	1.201641391962766647e-01	1.190940458327531815e-01
2.500000000000000052e-04	5.701206200107743205e-02	1.178079070523381233e-01	1.166930496692657471e-01
2.500000000000000052e-04	5.655707362331921506e-02	1.182011757045984268e-01	1.168153695762157440e-01
2.500000000000000052e-04	5.610649009482770316e-02	1.190341087058186531e-01	1.166935395449399948e-01
2.500000000000000052e-04	5.668862744034090795e-02	1.177282994613051414e-01	1.160185113549232483e-01
2.500000000000000052e-04	5.549499873496309410e-02	1.170758539810776711e-01	1.146856397390365601e-01
2.500000000000000052e-04	5.741617625838593697e-02	1.201907126232981682e-01	1.189021356403827667e-01
2.500000000000000052e-04	5.559318149580231433e-02	1.173182670027017593e-01	1.163007235154509544e-01
2.500000000000000052e-04	5.601260589459274714e-02	1.187811875715851784e-01	1.176014300435781479e-01
2.500000000000000052e-04	5.450166922204102010e-02	1.171493344008922577e-01	1.157816508784890175e-01
2.500000000000000052e-04	5.483561862684503685e-02	1.165761854499578476e-01	1.142830653116106987e-01
2.500000000000000052e-04	5.540571456091313712e-02	1.167634716257452965e-01	1.160501465201377869e-01
2.500000000000000052e-04	5.518097241845312112e-02	1.182547416538000107e-01	1.160953855141997337e-01
2.500000000000000052e-04	5.442975249282921285e-02	1.161873992532491684e-01	1.143014039844274521e-01
2.500000000000000052e-04	5.358392155811756569e-02	1.180927995592355728e-01	1.170960683375597000e-01
2.500000000000000052e-04	5.473892777403698701e-02	1.174368318170309067e-01	1.159210903570055962e-01
1.250000000000000026e-04	5.161765114038805585e-02	1.151911998167634010e-01	1.141124498099088669e-01
1.250000000000000026e-04	5.147837776737877041e-02	1.156326113268733025e-01	1.148061361163854599e-01
1.250000000000000026e-04	5.129797775534134657e-02	1.161811826750636101e-01	1.152962790802121162e-01
1.250000000000000026e-04	5.163393532739409680e-02	1.167457439005374908e-01	1.151428241282701492e-01
1.250000000000000026e-04	5.056744625296773904e-02	1.171290092170238495e-01	1.151621025055646896e-01
1.250000000000000026e-04	5.282938980226275366e-02	1.180113693699240685e-01	1.169156888499855995e-01
1.250000000000000026e-04	5.191676403525509464e-02	1.172351296991109848e-01	1.154180504381656647e-01
1.250000000000000026e-04	5.089353741724279845e-02	1.166954757645726204e-01	1.150236614048480988e-01
1.250000000000000026e-04	5.021601104283634348e-02	1.164345024153590202e-01	1.154964305460453033e-01
1.250000000000000026e-04	5.001205993415434176e-02	1.162448786199092865e-01	1.153528569266200066e-01
1.250000000000000026e-04	5.253569083877756424e-02	1.160778580233454704e-01	1.145517220720648766e-01
1.250000000000000026e-04	5.020174530299403859e-02	1.169457053765654564e-01	1.154973311349749565e-01
1.250000000000000026e-04	5.136643354839916242e-02	1.168792610988020897e-01	1.153603494167327881e-01
1.250000000000000026e-04	5.000255978371523358e-02	1.181605691090226173e-01	1.159450728446245193e-01
1.250000000000000026e-04	5.082568625294709569e-02	1.163412630558013916e-01	1.145453313365578651e-01
1.250000000000000026e-04	5.197786869882028288e-02	1.169603466987609863e-01	1.155790304765105247e-01
1.250000000000000026e-04	5.078809911125822807e-02	1.172359604388475418e-01	1.153215495869517326e-01
1.250000000000000026e-04	4.890761680052250343e-02	1.167994830757379532e-01	1.151346396654844284e-01
1.250000000000000026e-04	5.233083585206466104e-02	1.178178591653704643e-01	1.167316623032093048e-01
1.250000000000000026e-04	4.927496414018582571e-02	1.168683217838406563e-01	1.162211634218692780e-01
1.250000000000000026e-04	4.925922969285445596e-02	1.168983755633234978e-01	1.151490472257137299e-01
6.250000000000000130e-05	4.892535927363588638e-02	1.165834898129105568e-01	1.155634792521595955e-01
6.250000000000000130e-05	5.061094415715978317e-02	1.168513251468539238e-01	1.148230182006955147e-01
6.250000000000000130e-05	4.881853138721441859e-02	1.156785394996404648e-01	1.142046265304088593e-01
6.250000000000000130e-05	4.922689384297479487e-02	1.156918732449412346e-01	1.140895457938313484e-01
6.250000000000000130e-05	4.910073962204063863e-02	1.156745217740535736e-01	1.147275809198617935e-01
6.250000000000000130e-05	4.933585768824891304e-02	1.161206280812621117e-01	1.149600837379693985e-01
6.250000000000000130e-05	4.836215988933285914e-02	1.164749106392264366e-01	1.152531225234270096e-01
6.250000000000000130e-05	4.968272894620895386e-02	1.171245025470852852e-01	1.159276803955435753e-01
6.250000000000000130e-05	4.905630157718175732e-02	1.170568289235234261e-01	1.158045213669538498e-01
6.250000000000000130e-05	4.674324761085872637e-02	1.162181477993726730e-01	1.143322288990020752e-01
6.250000000000000130e-05	4.923684013229381873e-02	1.169734960421919823e-01	1.148459315299987793e-01
6.250000000000000130e-05	4.978326844829547571e-02	1.171345161274075508e-01	1.158679556101560593e-01
6.250000000000000130e-05	4.802723299664787143e-02	1.155546996742486954e-01	1.142835430800914764e-01
6.250000000000000130e-05	4.976153699091718369e-02	1.163241863250732422e-01	1.144796200096607208e-01
6.250000000000000130e-05	4.881491964753670310e-02	1.177266705781221390e-01	1.161765074357390404e-01
6.250000000000000130e-05	4.860492319434504133e-02	1.164155602455139160e-01	1.156921368092298508e-01
6.250000000000000130e-05	4.804715297267406898e-02	1.173288114368915558e-01	1.156665114685893059e-01
6.250000000000000130e-05	4.780418680438512646e-02	1.164500741288065910e-01	1.153971347957849503e-01
6.250000000000000130e-05	4.852755311169201780e-02	1.159990252926945686e-01	1.148182339966297150e-01
6.250000000000000130e-05	4.759665257945845662e-02	1.175394309684634209e-01	1.157653080299496651e-01
6.250000000000000130e-05	4.764478700824930496e-02	1.171045200899243355e-01	1.152420621365308762e-01
3.125000000000000065e-05	4.930107432264316247e-02	1.161454990506172180e-01	1.150904810056090355e-01
3.125000000000000065e-05	4.807615879027149486e-02	1.162838051095604897e-01	1.146757379174232483e-01
3.125000000000000065e-05	4.723631218075752258e-02	1.164785288274288177e-01	1.151209985837340355e-01
3.125000000000000065e-05	4.706645087350772722e-02	1.163804559037089348e-01	1.142779327929019928e-01
3.125000000000000065e-05	4.652354932284053640e-02	1.170902270823717117e-01	1.156052332371473312e-01
3.125000000000000065e-05	4.776771361880664812e-02	1.165327969938516617e-01	1.150190876796841621e-01
3.125000000000000065e-05	4.756278638975530021e-02	1.176129905506968498e-01	1.159459445625543594e-01
3.125000000000000065e-05	4.861817098682439525e-02	1.168809020891785622e-01	1.152953570708632469e-01
3.125000000000000065e-05	4.825535718398758084e-02	1.156175825744867325e-01	1.144717605784535408e-01
3.125000000000000065e-05	4.871319951135900939e-02	1.170211797580122948e-01	1.154006142169237137e-01
3.125000000000000065e-05	4.809169433539426525e-02	1.170264799147844315e-01	1.151691460981965065e-01
3.125000000000000065e-05	4.888140683687185878e-02	1.171187730506062508e-01	1.158229010179638863e-01
3.125000000000000065e-05	4.705630624784699206e-02	1.165088769048452377e-01	1.150638870894908905e-01
3.125000000000000065e-05	4.729786001240150750e-02	1.167699778452515602e-01	1.154116448014974594e-01
3.125000000000000065e-05	4.799481188949150656e-02	1.164585184305906296e-01	1.151640983298420906e-01
3.125000000000000065e-05	4.719304069405114849e-02	1.174267539754509926e-01	1.152870198711752892e-01
3.125000000000000065e-05	4.679197902920879948e-02	1.165666989982128143e-01	1.145111918449401855e-01
3.125000000000000065e-05	4.727597496932065685e-02	1.162845613434910774e-01	1.151931155472993851e-01
3.125000000000000065e-05	4.797958205395107256e-02	1.168373376131057739e-01	1.146324397996068001e-01
3.125000000000000065e-05	4.840700549981261785e-02	1.163921719416975975e-01	1.150468951091170311e-01
3.125000000000000065e-05	4.640174308155156635e-02	1.166670080274343491e-01	1.148466346785426140e-01
1.562500000000000033e-05	4.651131617683398889e-02	1.173785524442791939e-01	1.152815893292427063e-01
1.562500000000000033e-05	4.871597277778613733e-02	1.173759223893284798e-01	1.163061568513512611e-01
1.562500000000000033e-05	4.764350807836538471e-02	1.179989762604236603e-01	1.161776287481188774e-01
1.562500000000000033e-05	4.816582379273221665e-02	1.169289508834481239e-01	1.151204025372862816e-01
1.562500000000000033e-05	4.684944281095190788e-02	1.165249403566122055e-01	1.145941931754350662e-01
1.562500000000000033e-05	4.678906901161881959e-02	1.172990510240197182e-01	1.151530379429459572e-01
1.562500000000000033e-05	4.776436948700796270e-02	1.175243929028511047e-01	1.158805703744292259e-01
1.562500000000000033e-05	4.738052448705781794e-02	1.168438084423542023e-01	1.155445966869592667e-01
1.562500000000000033e-05	4.585045915615709733e-02	1.166534619405865669e-01	1.155834142118692398e-01
1.562500000000000033e-05	4.739744140754772322e-02	1.159257097169756889e-01	1.145891183987259865e-01
1.562500000000000033e-05	4.879277685209165716e-02	1.183261359110474586e-01	1.170739894732832909e-01
1.562500000000000033e-05	4.721939389275599253e-02	1.171712288632988930e-01	1.162587543949484825e-01
1.562500000000000033e-05	4.756587625870221936e-02	1.169489296153187752e-01	1.153990188613533974e-01
1.562500000000000033e-05	4.676364098168626915e-02	1.166682252660393715e-01	1.157174902036786079e-01
1.562500000000000033e-05	4.788493879045112311e-02	1.170363305136561394e-01	1.155027169734239578e-01
1.562500000000000033e-05	4.558180447054814566e-02	1.169939097017049789e-01	1.153471283614635468e-01
1.562500000000000033e-05	4.471404826905153729e-02	1.166337579488754272e-01	1.147129777818918228e-01
1.562500000000000033e-05	4.684494058542613970e-02	1.166086895391345024e-01	1.150770988315343857e-01
1.562500000000000033e-05	4.544838843277738266e-02	1.173713151365518570e-01	1.158451847732067108e-01
1.562500000000000033e-05	4.610477717994134611e-02	1.170462928712368011e-01	1.152229635044932365e-01
1.562500000000000033e-05	4.674541431514522838e-02	1.171439569443464279e-01	1.155961919575929642e-01
7.812500000000000163e-06	4.726663528929783004e-02	1.165489898994565010e-01	1.149512976408004761e-01
7.812500000000000163e-06	4.598682651980013497e-02	1.157452845945954323e-01	1.144354473799467087e-01
7.812500000000000163e-06	4.588311877620371293e-02	1.165781849995255470e-01	1.151602882891893387e-01
7.812500000000000163e-06	4.630204191124891872e-02	1.175428992137312889e-01	1.155031379312276840e-01
7.812500000000000163e-06	4.593166732524014972e-02	1.167682576924562454e-01	1.154900137335062027e-01
7.812500000000000163e-06	4.758507494307771812e-02	1.168737541884183884e-01	1.153777269646525383e-01
7.812500000000000163e-06	4.710659295131888746e-02	1.165179284289479256e-01	1.151494923979043961e-01
7.812500000000000163e-06	4.719185579238058953e-02	1.172756077721714973e-01	1.157954121008515358e-01
7.812500000000000163e-06	4.578416733236252700e-02	1.164565756916999817e-01	1.150017371401190758e-01
7.812500000000000163e-06	4.549931060475639194e-02	1.162170721217989922e-01	1.143285604193806648e-01
7.812500000000000163e-06	4.611176308951800418e-02	1.170650627464056015e-01	1.155032645910978317e-01
7.812500000000000163e-06	4.744296063539348018e-02	1.169183198362588882e-01	1.147974403575062752e-01
7.812500000000000163e-06	4.692127399995357079e-02	1.169854374602437019e-01	1.153968265280127525e-01
7.812500000000000163e-06	4.782094811148281110e-02	1.178992781788110733e-01	1.160860024392604828e-01
7.812500000000000163e-06	4.688282438282725256e-02	1.171382488682866096e-01	1.159480754286050797e-01
7.812500000000000163e-06	4.580908801548088521e-02	1.177630461752414703e-01	1.161912921816110611e-01
7.812500000000000163e-06	4.648655091848554605e-02	1.166587406769394875e-01	1.150475461035966873e-01
7.812500000000000163e-06	4.693225318495231058e-02	1.164647322148084641e-01	1.152197336778044701e-01
7.812500000000000163e-06	4.590591274296181024e-02	1.168153146281838417e-01	1.154994536191225052e-01
7.812500000000000163e-06	4.703310674315766549e-02	1.161327026784420013e-01	1.148968236520886421e-01
7.812500000000000163e-06	4.676111334864097024e-02	1.175291314721107483e-01	1.160745089873671532e-01
3.906250000000000081e-06	4.817166985778868760e-02	1.179251559078693390e-01	1.162751568481326103e-01
3.906250000000000081e-06	4.659871940937223428e-02	1.168618071824312210e-01	1.155070969834923744e-01
3.906250000000000081e-06	4.601025133381916182e-02	1.170050054788589478e-01	1.155225457623600960e-01
3.906250000000000081e-06	4.736610256795641821e-02	1.172147570177912712e-01	1.163916401565074921e-01
3.906250000000000081e-06	4.486023464912100578e-02	1.158883301541209221e-01	1.144755631685256958e-01
3.906250000000000081e-06	4.707330960450293450e-02	1.163529884070158005e-01	1.145940795540809631e-01
3.906250000000000081e-06	4.741531138933157558e-02	1.198213407769799232e-01	1.190719595178961754e-01
3.906250000000000081e-06	4.609507826876036579e-02	1.159687284380197525e-01	1.150013990700244904e-01
3.906250000000000081e-06	4.618884269383888991e-02	1.177874580025672913e-01	1.163875339552760124e-01
3.906250000000000081e-06	4.625770430776137560e-02	1.175281936302781105e-01	1.163734486326575279e-01
3.906250000000000081e-06	4.655174208404142672e-02	1.176307126879692078e-01	1.162133431062102318e-01
3.906250000000000081e-06	4.656900149546092105e-02	1.163670308887958527e-01	1.148530924692749977e-01
3.906250000000000081e-06	4.735623578293413766e-02	1.169715030118823051e-01	1.155101982876658440e-01
3.906250000000000081e-06	4.558232355910011441e-02	1.168172340840101242e-01	1.148095168173313141e-01
3.906250000000000081e-06	4.702261670292177953e-02	1.177275991067290306e-01	1.159188076853752136e-01
3.906250000000000081e-06	4.551555895352665110e-02	1.163550885394215584e-01	1.149446386843919754e-01
3.906250000000000081e-06	4.744308738957477706e-02	1.167058832943439484e-01	1.151037905365228653e-01
3.906250000000000081e-06	4.602591368027880020e-02	1.171130808070302010e-01	1.154868137091398239e-01
3.906250000000000081e-06	4.442889361253267444e-02	1.177854370325803757e-01	1.163262762129306793e-01
3.906250000000000081e-06	4.475167087173160391e-02	1.169174183160066605e-01	1.159678585827350616e-01
3.906250000000000081e-06	4.593527831042869269e-02	1.178528405725955963e-01	1.159526249393820763e-01
1.953125000000000041e-06	4.636638536106182235e-02	1.177715519443154335e-01	1.162704322487115860e-01
1.953125000000000041e-06	4.687174022952212554e-02	1.175290402024984360e-01	1.161083159968256950e-01
1.953125000000000041e-06	4.556243239512926257e-02	1.163961831480264664e-01	1.145204957574605942e-01
1.953125000000000041e-06	4.701360588586783046e-02	1.178229721263051033e-01	1.165804360061883926e-01
1.953125000000000041e-06	4.613561574605446608e-02	1.174643058329820633e-01	1.159810405224561691e-01
1.953125000000000041e-06	4.620275033425681049e-02	1.163400867953896523e-01	1.146357366815209389e-01
1.953125000000000041e-06	4.707442738021476447e-02	1.178049035370349884e-01	1.159539427608251572e-01
1.953125000000000041e-06	4.501793505270269835e-02	1.162137556821107864e-01	1.150913201272487640e-01
1.953125000000000041e-06	4.697175682345523101e-02	1.170759899541735649e-01	1.156659601256251335e-01
1.953125000000000041e-06	4.625030922927433896e-02	1.170005062595009804e-01	1.162316231057047844e-01
1.953125000000000041e-06	4.633064506740509902e-02	1.168385203927755356e-01	1.148442672565579414e-01
1.953125000000000041e-06	4.620872221038311439e-02	1.166302766650915146e-01	1.149355024099349976e-01
1.953125000000000041e-06	4.725310163973252958e-02	1.173031115904450417e-01	1.153639713302254677e-01
1.953125000000000041e-06	4.447815902059591014e-02	1.166426287963986397e-01	1.151364957913756371e-01
1.953125000000000041e-06	4.651275182826609261e-02	1.163962520658969879e-01	1.151336207985877991e-01
1.953125000000000041e-06	4.518234908958024959e-02	1.172595424577593803e-01	1.153046349063515663e-01
1.953125000000000041e-06	4.600092381993426544e-02	1.161431763321161270e-01	1.146430177614092827e-01
1.953125000000000041e-06	4.622171687174447124e-02	1.173086864873766899e-01	1.156543493270874023e-01
1.953125000000000041e-06	4.748166819350629203e-02	1.163538116961717606e-01	1.153734745457768440e-01
1.953125000000000041e-06	4.667483364479451530e-02	1.170759508386254311e-01	1.156841339543461800e-01
1.953125000000000041e-06	4.756048062368284368e-02	1.183631522580981255e-01	1.165198395028710365e-01
9.765625000000000203e-07	4.816014149898215080e-02	1.175976432859897614e-01	1.166591206565499306e-01
9.765625000000000203e-07	4.702192983483966665e-02	1.163992108777165413e-01	1.145544489845633507e-01
9.765625000000000203e-07	4.721505487266974832e-02	1.182822259142994881e-01	1.161457141861319542e-01
9.765625000000000203e-07	4.568045199671878082e-02	1.167041445150971413e-01	1.156153595075011253e-01
9.765625000000000203e-07	4.635626044643076371e-02	1.170363361015915871e-01	1.159648383036255836e-01
9.765625000000000203e-07	4.756099905205678213e-02	1.177857089787721634e-01	1.157767511904239655e-01
9.765625000000000203e-07	4.555791177892986460e-02	1.167340474203228951e-01	1.155212577432394028e-01
9.765625000000000203e-07	4.748238509968866206e-02	1.169232428073883057e-01	1.160362856462597847e-01
9.765625000000000203e-07	4.740097967884208258e-02	1.174679724499583244e-01	1.156568247824907303e-01
9.765625000000000203e-07	4.608800083021574040e-02	1.160838473588228226e-01	1.146614653989672661e-01
9.765625000000000203e-07	4.691550399683698525e-02	1.168491756543517113e-01	1.155216256156563759e-01
9.765625000000000203e-07	4.665639180737205655e-02	1.168571962043642998e-01	1.151147577911615372e-01
9.765625000000000203e-07	4.756053079721293819e-02	1.165614360943436623e-01	1.150350067764520645e-01
9.765625000000000203e-07	4.662720264890526239e-02	1.165465274825692177e-01	1.148810070008039474e-01
9.765625000000000203e-07	4.661071352377722798e-02	1.164334369823336601e-01	1.152136651799082756e-01
9.765625000000000203e-07	4.623003082373474543e-02	1.167947724461555481e-01	1.153706638142466545e-01
9.765625000000000203e-07	4.662662508744228052e-02	1.160161169245839119e-01	1.144038578495383263e-01
9.765625000000000203e-07	4.633466291088092492e-02	1.181574799120426178e-01	1.167191592976450920e-01
9.765625000000000203e-07	4.533944095048723227e-02	1.170109119266271591e-01	1.155810402706265450e-01
9.765625000000000203e-07	4.621612016536012779e-02	1.174456225708127022e-01	1.157264104112982750e-01
9.765625000000000203e-07	4.555775588260421033e-02	1.165532162413001060e-01	1.151015283539891243e-01
4.882812500000000102e-07	4.631181994948205954e-02	1.161889703944325447e-01	1.146097555756568909e-01
4.882812500000000102e-07	4.592020389965818100e-02	1.172296376898884773e-01	1.158039672300219536e-01
4.882812500000000102e-07	4.572493139701553494e-02	1.166564421728253365e-01	1.143104676157236099e-01
4.882812500000000102e-07	4.493815998865079153e-02	1.164008677005767822e-01	1.148203732445836067e-01
4.882812500000000102e-07	4.569784603730032979e-02	1.168939359486103058e-01	1.148199895396828651e-01
4.882812500000000102e-07	4.743939770173422749e-02	1.195609867572784424e-01	1.184846917167305946e-01
4.882812500000000102e-07	4.464795199941985065e-02	1.164186960086226463e-01	1.153947589918971062e-01
4.882812500000000102e-07	4.524972747209705937e-02	1.175890350714325905e-01	1.156468428671360016e-01
4.882812500000000102e-07	4.590096758513510788e-02	1.166552323848009109e-01	1.153090531006455421e-01
4.882812500000000102e-07	4.523622230449809295e-02	1.166303912177681923e-01	1.149704642593860626e-01
4.882812500000000102e-07	4.465134479577028553e-02	1.164963152259588242e-01	1.148540163412690163e-01
4.882812500000000102e-07	4.492709469757502627e-02	1.162774069234728813e-01	1.147640747949481010e-01
4.882812500000000102e-07	4.735094275844248246e-02	1.173512125387787819e-01	1.156234359368681908e-01
4.882812500000000102e-07	4.738628953883919359e-02	1.177704129368066788e-01	1.159564079716801643e-01
4.882812500000000102e-07	4.522732819748830069e-02	1.167464666068553925e-01	1.150356577709317207e-01
4.882812500000000102e-07	4.688887694213964008e-02	1.164638651534914970e-01	1.147985756397247314e-01
4.882812500000000102e-07	4.660179852684841889e-02	1.183806080371141434e-01	1.171082537621259689e-01
4.882812500000000102e-07	4.597177653561664717e-02	1.177958529442548752e-01	1.163490619510412216e-01
4.882812500000000102e-07	4.712506958955450798e-02	1.171684553846716881e-01	1.152238510549068451e-01
4.882812500000000102e-07	4.708304345796379686e-02	1.172563005238771439e-01	1.153603922575712204e-01
4.882812500000000102e-07	4.724312069106705730e-02	1.184424711391329765e-01	1.165113719180226326e-01
2.441406250000000051e-07	4.521801129360742549e-02	1.169251827523112297e-01	1.151724196970462799e-01
2.441406250000000051e-07	4.662485217934922432e-02	1.168950013816356659e-01	1.153534399345517159e-01
2.441406250000000051e-07	4.623839094103136815e-02	1.170990914106369019e-01	1.155355526134371758e-01
2.441406250000000051e-07	4.683698463854910760e-02	1.174381412565708160e-01	1.162501852959394455e-01
2.441406250000000051e-07	4.733066473014747172e-02	1.174627793952822685e-01	1.159479366615414619e-01
2.441406250000000051e-07	4.539523405742041523e-02	1.163032436743378639e-01	1.150153605267405510e-01
2.441406250000000051e-07	4.693648021055173147e-02	1.182520315051078796e-01	1.162529643625020981e-01
2.441406250000000051e-07	4.646994546055793762e-02	1.164923049509525299e-01	1.142881000414490700e-01
2.441406250000000051e-07	4.541141676563251184e-02	1.173718767240643501e-01	1.155972369015216827e-01
2.441406250000000051e-07	4.709281602615042472e-02	1.177199371159076691e-01	1.160419387742877007e-01
2.441406250000000051e-07	4.513438116711906284e-02	1.165944896638393402e-01	1.150409812107682228e-01
2.441406250000000051e-07	4.582170698838897854e-02	1.160669401288032532e-01	1.149812005460262299e-01
2.441406250000000051e-07	4.510116855366320260e-02	1.167577011510729790e-01	1.150124529376626015e-01
2.441406250000000051e-07	4.631375403532499158e-02	1.168287349864840508e-01	1.154339881613850594e-01
2.441406250000000051e-07	4.558129254964333327e-02	1.166192973032593727e-01	1.150741809979081154e-01
2.441406250000000051e-07	4.596980783758284478e-02	1.167419617995619774e-01	1.153553742915391922e-01
2.441406250000000051e-07	4.753366702153712792e-02	1.174511574208736420e-01	1.156499693170189857e-01
2.441406250000000051e-07	4.513826551316659635e-02	1.162693612277507782e-01	1.158187231048941612e-01
2.441406250000000051e-07	4.552226131664046521e-02	1.174372900277376175e-01	1.152863288298249245e-01
2.441406250000000051e-07	4.706421211550507189e-02	1.163551202043890953e-01	1.151520600542426109e-01
2.441406250000000051e-07	4.540182970747162761e-02	1.174418879672884941e-01	1.157170943915843964e-01
1.220703125000000025e-07	4.484364423382131148e-02	1.160338427871465683e-01	1.144930347800254822e-01
1.220703125000000025e-07	4.673095141785054557e-02	1.186499204486608505e-01	1.176025653257966042e-01
1.220703125000000025e-07	4.810492699093456281e-02	1.172679672017693520e-01	1.154134217649698257e-01
1.220703125000000025e-07	4.626835345090189733e-02	1.172001464292407036e-01	1.159704085439443588e-01
1.220703125000000025e-07	4.635184838236132421e-02	1.174396099522709846e-01	1.161862434819340706e-01
1.220703125000000025e-07	4.643635531958145712e-02	1.167164510115981102e-01	1.153341354802250862e-01
1.220703125000000025e-07	4.483400021172777306e-02	1.166656175628304482e-01	1.148451790213584900e-01
1.220703125000000025e-07	4.657649979749812347e-02	1.172658316791057587e-01	1.156950779259204865e-01
1.220703125000000025e-07	4.657165564690964044e-02	1.172547256574034691e-01	1.159671461209654808e-01
1.220703125000000025e-07	4.695805270649210106e-02	1.172214439138770103e-01	1.153344074264168739e-01
1.220703125000000025e-07	4.537992268989357592e-02	1.168475821614265442e-01	1.150354249402880669e-01
1.220703125000000025e-07	4.592874151053307624e-02	1.172562260180711746e-01	1.151505773887038231e-01
1.220703125000000025e-07	4.581768046828765123e-02	1.164484359323978424e-01	1.147886682301759720e-01
1.220703125000000025e-07	4.568970123235183145e-02	1.176974410191178322e-01	1.157001294195652008e-01
1.220703125000000025e-07	4.822099331436278252e-02	1.185389887541532516e-01	1.163783054798841476e-01
1.220703125000000025e-07	4.686937570760521532e-02	1.174149699509143829e-01	1.163623798638582230e-01
1.220703125000000025e-07	4.558288140953341283e-02	1.162137249484658241e-01	1.148703442886471748e-01
1.220703125000000025e-07	4.446033020562763227e-02	1.169199431315064430e-01	1.149374190717935562e-01
1.220703125000000025e-07	4.475295699284046608e-02	1.159671172499656677e-01	1.148880878463387489e-01
1.220703125000000025e-07	4.589134190655962120e-02	1.170723605901002884e-01	1.162839010357856750e-01
1.220703125000000025e-07	4.639800355026993395e-02	1.171028418466448784e-01	1.154441814869642258e-01
6.103515625000000127e-08	4.609210991972609306e-02	1.176490550860762596e-01	1.159962955862283707e-01
6.103515625000000127e-08	4.689548515915116511e-02	1.177301285788416862e-01	1.165120191872119904e-01
6.103515625000000127e-08	4.624726387518870996e-02	1.174768544733524323e-01	1.158795775845646858e-01
6.103515625000000127e-08	4.782520168567005320e-02	1.166858654469251633e-01	1.153016602620482445e-01
6.103515625000000127e-08	4.683315819954570608e-02	1.171940844506025314e-01	1.159311337396502495e-01
6.103515625000000127e-08	4.564557927130143827e-02	1.169094769284129143e-01	1.150156743824481964e-01
6.103515625000000127e-08	4.558434983408903712e-02	1.172220511361956596e-01	1.158115984871983528e-01
6.103515625000000127e-08	4.591273299500912147e-02	1.171703124418854713e-01	1.158582773059606552e-01
6.103515625000000127e-08	4.611866077101683253e-02	1.167631633579730988e-01	1.151207406073808670e-01
6.103515625000000127e-08	4.640270392351512896e-02	1.167243150994181633e-01	1.158457808196544647e-01
6.103515625000000127e-08	4.707470347609701150e-02	1.164955412968993187e-01	1.150338510051369667e-01
6.103515625000000127e-08	4.555118791287458141e-02	1.168749416247010231e-01	1.155336182564496994e-01
6.103515625000000127e-08	4.520689111344421834e-02	1.174906101077795029e-01	1.162432013079524040e-01
6.103515625000000127e-08	4.656868432707424177e-02	1.164954993873834610e-01	1.152002317830920219e-01
6.103515625000000127e-08	4.672393089608301020e-02	1.172229330986738205e-01	1.156675377860665321e-01
6.103515625000000127e-08	4.625354650654370237e-02	1.165102766826748848e-01	1.152577130123972893e-01
6.103515625000000127e-08	4.589280952947049491e-02	1.171859027817845345e-01	1.161087267100811005e-01
6.103515625000000127e-08	4.790761203894132458e-02	1.175915580242872238e-01	1.159954769536852837e-01
6.103515625000000127e-08	4.663977573944043387e-02	1.169991334900259972e-01	1.154097802937030792e-01
6.103515625000000127e-08	4.750586329381677186e-02	1.174669209867715836e-01	1.160192908719182014e-01
6.103515625000000127e-08	4.628565134126928771e-02	1.172349965199828148e-01	1.156746977940201759e-01
3.051757812500000064e-08	4.656536235839505572e-02	1.177140297368168831e-01	1.159118013456463814e-01
3.051757812500000064e-08	4.519390126195135110e-02	1.168399313464760780e-01	1.156881749629974365e-01
3.051757812500000064e-08	4.675879074802881397e-02	1.158612696453928947e-01	1.150190206244587898e-01
3.051757812500000064e-08	4.639314515869828737e-02	1.177594456821680069e-01	1.156782060861587524e-01
3.051757812500000064e-08	4.564378830262377090e-02	1.168895512819290161e-01	1.152758989483118057e-01
3.051757812500000064e-08	4.525280809855159597e-02	1.165503198280930519e-01	1.148064723238348961e-01
3.051757812500000064e-08	4.613015843154508883e-02	1.169129731133580208e-01	1.160283600911498070e-01
3.051757812500000064e-08	4.645235864799233949e-02	1.194769097492098808e-01	1.181207094341516495e-01
3.051757812500000064e-08	4.529227438984038262e-02	1.171796284615993500e-01	1.151224579662084579e-01
3.051757812500000064e-08	4.467851277205008714e-02	1.163226272910833359e-01	1.142193749547004700e-01
3.051757812500000064e-08	4.767868167991879541e-02	1.186897680163383484e-01	1.173333795741200447e-01
3.051757812500000064e-08	4.604722488718696743e-02	1.160634933039546013e-01	1.144278245046734810e-01
3.051757812500000064e-08	4.607929770327821861e-02	1.162101570516824722e-01	1.153989210724830627e-01
3.051757812500000064e-08	4.644472713146028525e-02	1.174889355897903442e-01	1.158096846193075180e-01
3.051757812500000064e-08	4.532786831259727478e-02	1.161610595881938934e-01	1.153919706121087074e-01
3.051757812500000064e-08	4.631458510515056026e-02	1.169070005416870117e-01	1.153559908270835876e-01
3.051757812500000064e-08	4.633095681290082951e-02	1.167208561673760414e-01	1.150679253041744232e-01
3.051757812500000064e-08	4.591984183916562878e-02	1.171011244878172874e-01	1.153198098763823509e-01
3.051757812500000064e-08	4.581726776270926560e-02	1.175172626972198486e-01	1.155280526727437973e-01
3.051757812500000064e-08	4.521038685041137845e-02	1.167144142091274261e-01	1.150966612622141838e-01
3.051757812500000064e-08	4.721219144478629171e-02	1.175902113318443298e-01	1.162112271413207054e-01
1.525878906250000032e-08	4.543560941385317575e-02	1.163221336901187897e-01	1.150161325931549072e-01
1.525878906250000032e-08	4.592870373891878855e-02	1.160612413659691811e-01	1.144317286089062691e-01
1.525878906250000032e-08	4.612187437618835151e-02	1.170496754348278046e-01	1.152394935488700867e-01
1.525878906250000032e-08	4.444455869401557624e-02	1.169988447800278664e-01	1.147749302908778191e-01
1.525878906250000032e-08	4.735056574963315834e-02	1.164233982563018799e-01	1.145876701921224594e-01
1.525878906250000032e-08	4.749756924147847253e-02	1.169568896293640137e-01	1.153098698705434799e-01
1.525878906250000032e-08	4.597880446080920142e-02	1.166170500218868256e-01	1.155367214232683182e-01
1.525878906250000032e-08	4.674036635816851415e-02	1.179045988246798515e-01	1.161911757662892342e-01
1.525878906250000032e-08	4.644670733545400165e-02	1.169233834370970726e-01	1.162470029667019844e-01
1.525878906250000032e-08	4.547015671865849845e-02	1.173421936109662056e-01	1.162453042343258858e-01
1.525878906250000032e-08	4.716951645250561792e-02	1.168986940756440163e-01	1.148607963696122169e-01
1.525878906250000032e-08	4.656131527846372326e-02	1.172708664089441299e-01	1.158480523154139519e-01
1.525878906250000032e-08	4.496999443331851226e-02	1.167943524196743965e-01	1.157115828245878220e-01
1.525878906250000032e-08	4.751219477834580512e-02	1.177361616864800453e-01	1.155652506276965141e-01
1.525878906250000032e-08	4.693616469261012447e-02	1.174440383911132812e-01	1.160382963716983795e-01
1.525878906250000032e-08	4.714946066842803235e-02	1.178932273760437965e-01	1.163951605558395386e-01
1.525878906250000032e-08	4.581844386986539536e-02	1.169032398611307144e-01	1.156151313334703445e-01
1.525878906250000032e-08	4.537782773281200110e-02	1.175948716700077057e-01	1.158745056018233299e-01
1.525878906250000032e-08	4.561837333478505063e-02	1.165045872330665588e-01	1.156889973208308220e-01
1.525878906250000032e-08	4.491211511666261952e-02	1.160733774304389954e-01	1.152240009978413582e-01
1.525878906250000032e-08	4.590099102145508980e-02	1.177958380430936813e-01	1.161270346492528915e-01
1.525878906250000032e-08	4.516535738035093450e-02	1.171537563204765320e-01	1.153620230033993721e-01
1.525878906250000032e-08	4.585811693834353220e-02	1.172521868720650673e-01	1.159935118630528450e-01
1.525878906250000032e-08	4.617710055524035240e-02	1.163848899304866791e-01	1.150033511221408844e-01
1.525878906250000032e-08	4.537582274856446357e-02	1.166222682222723961e-01	1.151553355157375336e-01
1.525878906250000032e-08	4.612773062684868280e-02	1.167044565081596375e-01	1.148383086547255516e-01
1.525878906250000032e-08	4.727845068407963980e-02	1.186934579163789749e-01	1.169366417452692986e-01
1.525878906250000032e-08	4.861829958007305580e-02	1.182542769238352776e-01	1.170936403796076775e-01
1.525878906250000032e-08	4.545553797219373249e-02	1.167151359841227531e-01	1.157468846067786217e-01
1.525878906250000032e-08	4.550015718876561366e-02	1.165841184556484222e-01	1.152502819895744324e-01
1.525878906250000032e-08	4.642018237257305308e-02	1.178221711888909340e-01	1.162545382976531982e-01
1.525878906250000032e-08	4.736357625526717990e-02	1.168321166187524796e-01	1.157158641144633293e-01
1.525878906250000032e-08	4.549165187945848621e-02	1.175133772194385529e-01	1.152701731771230698e-01
1.525878906250000032e-08	4.711337279103978981e-02	1.175944730639457703e-01	1.161431595683097839e-01
1.525878906250000032e-08	4.650505014424082678e-02	1.173842484131455421e-01	1.154454844072461128e-01
1.525878906250000032e-08	4.558537259132047076e-02	1.172503149136900902e-01	1.148962108418345451e-01
1.525878906250000032e-08	4.582467514880095988e-02	1.174514377489686012e-01	1.158358473330736160e-01
1.525878906250000032e-08	4.637778375910807382e-02	1.167608201503753662e-01	1.152512980625033379e-01
1.525878906250000032e-08	4.498403646712061804e-02	1.169143924489617348e-01	1.155275814235210419e-01
1.525878906250000032e-08	4.572850687405730780e-02	1.167494161054491997e-01	1.151747293770313263e-01
1.525878906250000032e-08	4.663784160644193072e-02	1.160412747412919998e-01	1.150440620258450508e-01
1.525878906250000032e-08	4.512625305524355090e-02	1.171690300107002258e-01	1.156882625073194504e-01
1.525878906250000032e-08	4.568770452390743392e-02	1.163472719490528107e-01	1.148245232179760933e-01
1.525878906250000032e-08	4.570430050356478341e-02	1.164441965520381927e-01	1.145782414823770523e-01
1.525878906250000032e-08	4.621072019202799447e-02	1.183184012770652771e-01	1.169753940775990486e-01
1.525878906250000032e-08	4.603035762151585358e-02	1.179922055453062057e-01	1.158396489918231964e-01
1.525878906250000032e-08	4.680527303415008694e-02	1.181561583653092384e-01	1.165659399703145027e-01
1.525878906250000032e-08	4.583596112796022720e-02	1.164561947807669640e-01	1.152649652212858200e-01
1.525878906250000032e-08	4.745026937202562189e-02	1.167086716741323471e-01	1.153095411136746407e-01
1.525878906250000032e-08	4.442130076357080765e-02	1.169317010790109634e-01	1.154071679338812828e-01
1.525878906250000032e-08	4.586457810069941021e-02	1.170079428702592850e-01	1.153706256300210953e-01
1.525878906250000032e-08	4.516299785692480528e-02	1.169968536123633385e-01	1.148804193362593651e-01
1.525878906250000032e-08	4.793985456794123273e-02	1.177720734849572182e-01	1.162351435050368309e-01
1.525878906250000032e-08	4.584841515067257511e-02	1.168098151683807373e-01	1.156997159123420715e-01
1.525878906250000032e-08	4.650580939612811160e-02	1.174510754644870758e-01	1.159511087462306023e-01
1.525878906250000032e-08	4.514841843820825706e-02	1.162636401131749153e-01	1.146808359771966934e-01
1.525878906250000032e-08	4.635788943571380466e-02	1.174124386161565781e-01	1.155885783955454826e-01
1.525878906250000032e-08	4.602945685575279833e-02	1.174061736091971397e-01	1.156844282522797585e-01
1.525878906250000032e-08	4.659822899140889096e-02	1.167642408981919289e-01	1.154055157676339149e-01
1.525878906250000032e-08	4.637546724156488276e-02	1.162643712013959885e-01	1.149918027222156525e-01
1.525878906250000032e-08	4.672486075683485174e-02	1.171971634030342102e-01	1.156138768419623375e-01
1.525878906250000032e-08	4.613541472184506942e-02	1.165605317801237106e-01	1.148687927052378654e-01
1.525878906250000032e-08	4.649517505983762761e-02	1.160999173298478127e-01	1.144527094438672066e-01
1.525878906250000032e-08	4.662134587953362108e-02	1.168905086815357208e-01	1.156539814546704292e-01
1.525878906250000032e-08	4.530863803398760270e-02	1.169431870803236961e-01	1.152806831523776054e-01
1.525878906250000032e-08	4.696735315307785930e-02	1.167329987511038780e-01	1.151951383799314499e-01
1.525878906250000032e-08	4.672995931174181439e-02	1.165422443300485611e-01	1.151434443891048431e-01
1.525878906250000032e-08	4.685670278872115790e-02	1.173056215047836304e-01	1.157009424641728401e-01
