2.000000000000000042e-03	3.572520485407189583e-01	3.122490979731082916e-01	3.099751025438308716e-01
2.000000000000000042e-03	2.629639698734766440e-01	2.462487816810607910e-01	2.456361632794141769e-01
2.000000000000000042e-03	2.248144385558140390e-01	3.136371783912181854e-01	3.145425766706466675e-01
2.000000000000000042e-03	2.185359265230878978e-01	2.246126309037208557e-01	2.244718763977289200e-01
2.000000000000000042e-03	2.090217440943174798e-01	2.132175285369157791e-01	2.156055141240358353e-01
2.000000000000000042e-03	1.987810664916340175e-01	2.296484038233757019e-01	2.305082455277442932e-01
2.000000000000000042e-03	1.963169718090491955e-01	1.981760524213314056e-01	1.991491299122571945e-01
2.000000000000000042e-03	1.985876686588118334e-01	2.170265726745128632e-01	2.153491321951150894e-01
2.000000000000000042e-03	1.834194616803639932e-01	1.830342002213001251e-01	1.852049939334392548e-01
2.000000000000000042e-03	1.836032148780702145e-01	1.800047997385263443e-01	1.812897548079490662e-01
2.000000000000000042e-03	1.812171992621844363e-01	1.941730044782161713e-01	1.917760036885738373e-01
2.000000000000000042e-03	1.797994022505192691e-01	1.934239529073238373e-01	1.958739887923002243e-01
2.000000000000000042e-03	1.768531774795508160e-01	1.728149019181728363e-01	1.738385017961263657e-01
2.000000000000000042e-03	1.764237497803531063e-01	2.586017847061157227e-01	2.613387014716863632e-01
2.000000000000000042e-03	1.759982903169680368e-01	1.740895900875329971e-01	1.753701809793710709e-01
2.000000000000000042e-03	1.785092951753471380e-01	2.240136750042438507e-01	2.211124766618013382e-01
2.000000000000000042e-03	1.676979213953018188e-01	1.892837509512901306e-01	1.896982956677675247e-01
2.000000000000000042e-03	1.683888501381572422e-01	1.716549228876829147e-01	1.719430517405271530e-01
2.000000000000000042e-03	1.614175587892532349e-01	1.568346302956342697e-01	1.574403457343578339e-01
2.000000000000000042e-03	1.596592660946181963e-01	1.488597877323627472e-01	1.513728071004152298e-01
2.000000000000000042e-03	1.711489944895611404e-01	1.914337854832410812e-01	1.953801643103361130e-01
2.000000000000000042e-03	1.600544752576683050e-01	1.535301133990287781e-01	1.553024575114250183e-01
2.000000000000000042e-03	1.603834134868428740e-01	1.485134344547986984e-01	1.523890625685453415e-01
2.000000000000000042e-03	1.577906561425969634e-01	1.606173645704984665e-01	1.572676375508308411e-01
2.000000000000000042e-03	1.614925457706934409e-01	1.498899161815643311e-01	1.502962838858366013e-01
2.000000000000000042e-03	1.567106678893294414e-01	1.570854093879461288e-01	1.594523750245571136e-01
2.000000000000000042e-03	1.520314708917955837e-01	1.569368056952953339e-01	1.579289399087429047e-01
2.000000000000000042e-03	1.521059331260150027e-01	1.687793843448162079e-01	1.703064888715744019e-01
2.000000000000000042e-03	1.473911818635614546e-01	1.663725338876247406e-01	1.669612340629100800e-01
2.000000000000000042e-03	1.474181141091298330e-01	1.644702665507793427e-01	1.664846166968345642e-01
2.000000000000000042e-03	1.466328454545781645e-01	1.472800262272357941e-01	1.481585819274187088e-01
2.000000000000000042e-03	1.469263108093527281e-01	1.725609470158815384e-01	1.726973224431276321e-01
2.000000000000000042e-03	1.485236949181255039e-01	1.430502105504274368e-01	1.424443721771240234e-01
2.000000000000000042e-03	1.465076786241953921e-01	1.434084009379148483e-01	1.430760901421308517e-01
2.000000000000000042e-03	1.448235817347900689e-01	1.586734279990196228e-01	1.604457478970289230e-01
2.000000000000000042e-03	1.418674319416661778e-01	1.404592469334602356e-01	1.431621052324771881e-01
2.000000000000000042e-03	1.388831639403029228e-01	1.457755379378795624e-01	1.470904927700757980e-01
2.000000000000000042e-03	1.392089584960213289e-01	1.404177229851484299e-01	1.422806717455387115e-01
2.000000000000000042e-03	1.391350725972199665e-01	1.371013112366199493e-01	1.376481968909502029e-01
2.000000000000000042e-03	1.358063268133356538e-01	1.409657653421163559e-01	1.443049199879169464e-01
2.000000000000000042e-03	1.369132368436342673e-01	1.477028615772724152e-01	1.469419319182634354e-01
2.000000000000000042e-03	1.364560757256761403e-01	1.465678978711366653e-01	1.497660875320434570e-01
2.000000000000000042e-03	1.349565986591049482e-01	1.400014925748109818e-01	1.429319772869348526e-01
2.000000000000000042e-03	1.375365690151347520e-01	1.350116292014718056e-01	1.374518312513828278e-01
2.000000000000000042e-03	1.348839416345463393e-01	1.588872857391834259e-01	1.624239236116409302e-01
2.000000000000000042e-03	1.334718553514420147e-01	1.378036234527826309e-01	1.417952496558427811e-01
2.000000000000000042e-03	1.335724924184099049e-01	1.376748830080032349e-01	1.405004933476448059e-01
2.000000000000000042e-03	1.319288282266146139e-01	1.385636422783136368e-01	1.397876739501953125e-01
2.000000000000000042e-03	1.314214055862607811e-01	1.476657167077064514e-01	1.491549834609031677e-01
2.000000000000000042e-03	1.298474339367468033e-01	1.380210090428590775e-01	1.388350166380405426e-01
2.000000000000000042e-03	1.299532036992568085e-01	1.324774278327822685e-01	1.345453504472970963e-01
2.000000000000000042e-03	1.303497408575649552e-01	1.399237532168626785e-01	1.427102051675319672e-01
2.000000000000000042e-03	1.261114993993240063e-01	1.448660809546709061e-01	1.449377387762069702e-01
2.000000000000000042e-03	1.254115073552614645e-01	1.401210930198431015e-01	1.439143437892198563e-01
2.000000000000000042e-03	1.299812829569925166e-01	1.388155743479728699e-01	1.410784758627414703e-01
2.000000000000000042e-03	1.283245878883554902e-01	1.375035513192415237e-01	1.419513951987028122e-01
2.000000000000000042e-03	1.250962117993378864e-01	1.392218787223100662e-01	1.409542262554168701e-01
2.000000000000000042e-03	1.296913351250600088e-01	1.325763361528515816e-01	1.361765526235103607e-01
2.000000000000000042e-03	1.208069503684587181e-01	1.376673299819231033e-01	1.383328475058078766e-01
2.000000000000000042e-03	1.246218163567253262e-01	1.491922494024038315e-01	1.507204994559288025e-01
2.000000000000000042e-03	1.239713169162786482e-01	1.415970753878355026e-01	1.434604376554489136e-01
2.000000000000000042e-03	1.220051021892813170e-01	1.340572834014892578e-01	1.353172715753316879e-01
2.000000000000000042e-03	1.186851011235502684e-01	1.332226367667317390e-01	1.331109711900353432e-01
2.000000000000000042e-03	1.192743922524814315e-01	1.438211612403392792e-01	1.478635985404253006e-01
2.000000000000000042e-03	1.185949716386915792e-01	1.321035390719771385e-01	1.338281575590372086e-01
2.000000000000000042e-03	1.187337930255298324e-01	1.307399664074182510e-01	1.322753448039293289e-01
2.000000000000000042e-03	1.163009101454215710e-01	1.320146694779396057e-01	1.341662313789129257e-01
2.000000000000000042e-03	1.197856416619276637e-01	1.352025158703327179e-01	1.370628699660301208e-01
2.000000000000000042e-03	1.240332558562484006e-01	1.324449265375733376e-01	1.334829349070787430e-01
2.000000000000000042e-03	1.192998741812343888e-01	1.389306448400020599e-01	1.406714301556348801e-01
2.000000000000000042e-03	1.164121488227119888e-01	1.375053385272622108e-01	1.395424399524927139e-01
2.000000000000000042e-03	1.172624519920047320e-01	1.300090998411178589e-01	1.303630312904715538e-01
2.000000000000000042e-03	1.161952602523791678e-01	1.264427602291107178e-01	1.280895713716745377e-01
2.000000000000000042e-03	1.127447333139709323e-01	1.531048770993947983e-01	1.539957262575626373e-01
2.000000000000000042e-03	1.106586282766317958e-01	1.269056005403399467e-01	1.303545711562037468e-01
2.000000000000000042e-03	1.109873687353315208e-01	1.328915785998106003e-01	1.331440163776278496e-01
2.000000000000000042e-03	1.096158474683761597e-01	1.386477667838335037e-01	1.400077678263187408e-01
2.000000000000000042e-03	1.106681283327597548e-01	1.344325188547372818e-01	1.378342751413583755e-01
2.000000000000000042e-03	1.094146526501148520e-01	1.360459337010979652e-01	1.363934725522994995e-01
2.000000000000000042e-03	1.083369342775284544e-01	1.480492539703845978e-01	1.455128788948059082e-01
2.000000000000000042e-03	1.093613816590248838e-01	1.437583938241004944e-01	1.445185430347919464e-01
2.000000000000000042e-03	1.085123955448971528e-01	1.312695806846022606e-01	1.333888918161392212e-01
2.000000000000000042e-03	1.055534964875329967e-01	1.301141846925020218e-01	1.305876886472105980e-01
2.000000000000000042e-03	1.073873882429509236e-01	1.340162009000778198e-01	1.338508659973740578e-01
2.000000000000000042e-03	1.068172600073150486e-01	1.272436156868934631e-01	1.276490017771720886e-01
2.000000000000000042e-03	1.031151651581631440e-01	1.301991026848554611e-01	1.326782684773206711e-01
2.000000000000000042e-03	1.048525564278228323e-01	1.222421275451779366e-01	1.236823080107569695e-01
2.000000000000000042e-03	1.024138216353669972e-01	1.317765954881906509e-01	1.327313929796218872e-01
2.000000000000000042e-03	1.089062771842449484e-01	1.335606873035430908e-01	1.334253251552581787e-01
2.000000000000000042e-03	1.050555473075637375e-01	1.367061622440814972e-01	1.382444351911544800e-01
2.000000000000000042e-03	1.034207448740548790e-01	1.424761824309825897e-01	1.439238339662551880e-01
2.000000000000000042e-03	1.119952856362620430e-01	1.324310768395662308e-01	1.346994843333959579e-01
2.000000000000000042e-03	1.007695677159707731e-01	1.328951604664325714e-01	1.339085958898067474e-01
2.000000000000000042e-03	1.015397286679171340e-01	1.299896799027919769e-01	1.318814698606729507e-01
2.000000000000000042e-03	9.944014609614505729e-02	1.459092460572719574e-01	1.477082744240760803e-01
2.000000000000000042e-03	9.961423306148263490e-02	1.344841644167900085e-01	1.328896731138229370e-01
2.000000000000000042e-03	9.686364478702787217e-02	1.311197504401206970e-01	1.329945651814341545e-01
2.000000000000000042e-03	9.867381370520289519e-02	1.332052601501345634e-01	1.360865570604801178e-01
2.000000000000000042e-03	1.001978220441673423e-01	1.251562135294079781e-01	1.282124919816851616e-01
2.000000000000000042e-03	9.949390128066268324e-02	1.273159421980381012e-01	1.292744092643260956e-01
2.000000000000000042e-03	9.752545373726494160e-02	1.374786943197250366e-01	1.370744947344064713e-01
2.000000000000000042e-03	9.522405483677418014e-02	1.289033871144056320e-01	1.279642675071954727e-01
2.000000000000000042e-03	9.567640919851351511e-02	1.282173823565244675e-01	1.298797680065035820e-01
2.000000000000000042e-03	9.436812940277630735e-02	1.312430193647742271e-01	1.305935317650437355e-01
2.000000000000000042e-03	9.669775327172459856e-02	1.309966258704662323e-01	1.290545584633946419e-01
2.000000000000000042e-03	9.528078619815126549e-02	1.231261258944869041e-01	1.245063934475183487e-01
2.000000000000000042e-03	9.490743034248109999e-02	1.230577016249299049e-01	1.242513442412018776e-01
2.000000000000000042e-03	9.284033975269220806e-02	1.281288024038076401e-01	1.295176800340414047e-01
1.000000000000000021e-03	8.251030573362036491e-02	1.185228517279028893e-01	1.188846882432699203e-01
1.000000000000000021e-03	7.915827207550217570e-02	1.175826909020543098e-01	1.174544952809810638e-01
1.000000000000000021e-03	7.735216518557525012e-02	1.229997416958212852e-01	1.214601546525955200e-01
1.000000000000000021e-03	7.712488428135461094e-02	1.176264090463519096e-01	1.176817845553159714e-01
1.000000000000000021e-03	7.733040119085131392e-02	1.164640970528125763e-01	1.158088659867644310e-01
1.000000000000000021e-03	8.141768016392671170e-02	1.193990055471658707e-01	1.181951910257339478e-01
1.000000000000000021e-03	7.823002541178389335e-02	1.189419226720929146e-01	1.168220061808824539e-01
1.000000000000000021e-03	7.644519959635372175e-02	1.228719949722290039e-01	1.215524449944496155e-01
1.000000000000000021e-03	7.656057381743117118e-02	1.222078297287225723e-01	1.211470812559127808e-01
1.000000000000000021e-03	7.362257538339760099e-02	1.215362725779414177e-01	1.222289819270372391e-01
1.000000000000000021e-03	7.605733642283873941e-02	1.234942898154258728e-01	1.228017751127481461e-01
1.000000000000000021e-03	7.237275232431254757e-02	1.204049317166209221e-01	1.204250548034906387e-01
1.000000000000000021e-03	7.415323181054260526e-02	1.198246013373136520e-01	1.189004052430391312e-01
1.000000000000000021e-03	7.565397000576876141e-02	1.185599351301789284e-01	1.169599359855055809e-01
1.000000000000000021e-03	7.392309261839601076e-02	1.285315500572323799e-01	1.264370689168572426e-01
1.000000000000000021e-03	7.859924572366702722e-02	1.173637034371495247e-01	1.180624235421419144e-01
1.000000000000000021e-03	7.122487296597866668e-02	1.186298932880163193e-01	1.167900953441858292e-01
1.000000000000000021e-03	7.204641576243352163e-02	1.190600767731666565e-01	1.184018831700086594e-01
1.000000000000000021e-03	7.247637664969963645e-02	1.205048142001032829e-01	1.200778363272547722e-01
1.000000000000000021e-03	7.199701233000695144e-02	1.207542400807142258e-01	1.195565974339842796e-01
1.000000000000000021e-03	7.429077646023110604e-02	1.278274292126297951e-01	1.259423280134797096e-01
1.000000000000000021e-03	7.345090929088712861e-02	1.239956235513091087e-01	1.216047229245305061e-01
1.000000000000000021e-03	7.056126432328284348e-02	1.190868597477674484e-01	1.185974786058068275e-01
1.000000000000000021e-03	6.698191976999934294e-02	1.214451817795634270e-01	1.216472908854484558e-01
1.000000000000000021e-03	7.008966987457455888e-02	1.182772740721702576e-01	1.169434543699026108e-01
1.000000000000000021e-03	7.073190261291552317e-02	1.197128668427467346e-01	1.170829348266124725e-01
5.000000000000000104e-04	6.481439398625228610e-02	1.153991082683205605e-01	1.139837354421615601e-01
5.000000000000000104e-04	6.143947997236553354e-02	1.184431212022900581e-01	1.152129769325256348e-01
5.000000000000000104e-04	6.047707711216769588e-02	1.154045844450592995e-01	1.144904037937521935e-01
5.000000000000000104e-04	6.082644860578488577e-02	1.172152087092399597e-01	1.140712229534983635e-01
5.000000000000000104e-04	6.158026218225684523e-02	1.140641085803508759e-01	1.130575025454163551e-01
5.000000000000000104e-04	5.841740843238709541e-02	1.160429175943136215e-01	1.136304643005132675e-01
5.000000000000000104e-04	6.041142976359475947e-02	1.183994412422180176e-01	1.160423662513494492e-01
5.000000000000000104e-04	6.167949042931387960e-02	1.180522497743368149e-01	1.158313229680061340e-01
5.000000000000000104e-04	6.052441013198864295e-02	1.169224195182323456e-01	1.150389509275555611e-01
5.000000000000000104e-04	6.101573621736296887e-02	1.155526097863912582e-01	1.142942858859896660e-01
5.000000000000000104e-04	5.849902562891380609e-02	1.159924082458019257e-01	1.134164137765765190e-01
5.000000000000000104e-04	5.954057855319373066e-02	1.180636966601014137e-01	1.167920920997858047e-01
5.000000000000000104e-04	6.011848505350608080e-02	1.180760581046342850e-01	1.159644220024347305e-01
5.000000000000000104e-04	5.918255726559252389e-02	1.169845359399914742e-01	1.157106710597872734e-01
5.000000000000000104e-04	5.963152774338480872e-02	1.177938114851713181e-01	1.165794041007757187e-01
5.000000000000000104e-04	5.957429865493050342e-02	1.168435886502265930e-01	1.143730757758021355e-01
5.000000000000000104e-04	5.771875956767721916e-02	1.154160443693399429e-01	1.141036655753850937e-01
5.000000000000000104e-04	5.793410200106946517e-02	1.160650653764605522e-01	1.147155109792947769e-01
5.000000000000000104e-04	5.723480191789095950e-02	1.177102783694863319e-01	1.156959850341081619e-01
5.000000000000000104e-04	5.727851819954341006e-02	1.156444381922483444e-01	1.140462337061762810e-01
5.000000000000000104e-04	5.875746297496783899e-02	1.145062651485204697e-01	1.138617470860481262e-01
5.000000000000000104e-04	5.781905654864975125e-02	1.167794577777385712e-01	1.145206941291689873e-01
5.000000000000000104e-04	5.681880035355121178e-02	1.174252312630414963e-01	1.155347554013133049e-01
5.000000000000000104e-04	5.509596714113332294e-02	1.176677886396646500e-01	1.155315246433019638e-01
5.000000000000000104e-04	5.802676892733272390e-02	1.186340581625699997e-01	1.155868964269757271e-01
5.000000000000000104e-04	5.638874614540534402e-02	1.190674798563122749e-01	1.165116950869560242e-01
2.500000000000000052e-04	5.344513681115983100e-02	1.146123465150594711e-01	1.122441627085208893e-01
2.500000000000000052e-04	5.342493757982797603e-02	1.161496173590421677e-01	1.129598319530487061e-01
2.500000000000000052e-04	5.223030856327165461e-02	1.161673711612820625e-01	1.135924123227596283e-01
2.500000000000000052e-04	5.172660314961324834e-02	1.163478000089526176e-01	1.139128776267170906e-01
2.500000000000000052e-04	5.033653649159624405e-02	1.152188768610358238e-01	1.124888854101300240e-01
2.500000000000000052e-04	5.096760118686700231e-02	1.144605334848165512e-01	1.120845163241028786e-01
2.500000000000000052e-04	5.232813737437694984e-02	1.151741389185190201e-01	1.121717207133769989e-01
2.500000000000000052e-04	5.159193131176731395e-02	1.147453496232628822e-01	1.123915985226631165e-01
2.500000000000000052e-04	5.211529748726494854e-02	1.159885423257946968e-01	1.142759211361408234e-01
2.500000000000000052e-04	5.075841698842712552e-02	1.147353257983922958e-01	1.121700974181294441e-01
2.500000000000000052e-04	4.957107539418377506e-02	1.153060495853424072e-01	1.124208718538284302e-01
2.500000000000000052e-04	4.920311526784414136e-02	1.155767450109124184e-01	1.133428001776337624e-01
2.500000000000000052e-04	5.064170317182058179e-02	1.156489336863160133e-01	1.137130493298172951e-01
2.500000000000000052e-04	5.108136622400223648e-02	1.158822197467088699e-01	1.128589557483792305e-01
2.500000000000000052e-04	5.119353160262107849e-02	1.152724782004952431e-01	1.129514183849096298e-01
2.500000000000000052e-04	5.174596711427350421e-02	1.154182022437453270e-01	1.135657709091901779e-01
2.500000000000000052e-04	5.142088861593717419e-02	1.165125118568539619e-01	1.140568396076560020e-01
2.500000000000000052e-04	5.047648508526102196e-02	1.156785339117050171e-01	1.130181392654776573e-01
2.500000000000000052e-04	5.061675414820260982e-02	1.148597449064254761e-01	1.123225372284650803e-01
2.500000000000000052e-04	4.847994107234326888e-02	1.157966908067464828e-01	1.135747302323579788e-01
2.500000000000000052e-04	4.793415393067311514e-02	1.160798212513327599e-01	1.136170905083417892e-01
1.250000000000000026e-04	4.816352392110643393e-02	1.150342421606183052e-01	1.127178445458412170e-01
1.250000000000000026e-04	4.675831749469418902e-02	1.147650927305221558e-01	1.120413988828659058e-01
1.250000000000000026e-04	4.819058810796918862e-02	1.160987634211778641e-01	1.131892222911119461e-01
1.250000000000000026e-04	4.677125283434421105e-02	1.155430171638727188e-01	1.131149157881736755e-01
1.250000000000000026e-04	4.833941765223877252e-02	1.153402244672179222e-01	1.125824404880404472e-01
1.250000000000000026e-04	4.824838160148149646e-02	1.153758140280842781e-01	1.127353608608245850e-01
1.250000000000000026e-04	4.697519123459918677e-02	1.150025567039847374e-01	1.128309126943349838e-01
1.250000000000000026e-04	4.901106971540028501e-02	1.150295697152614594e-01	1.124928435310721397e-01
1.250000000000000026e-04	4.479853917337671410e-02	1.154703190550208092e-01	1.121233599260449409e-01
1.250000000000000026e-04	4.663866607448722418e-02	1.150057772174477577e-01	1.128043774515390396e-01
1.250000000000000026e-04	4.833921856140788870e-02	1.160658244043588638e-01	1.132714170962572098e-01
1.250000000000000026e-04	4.686923975808710702e-02	1.145598366856575012e-01	1.116439914330840111e-01
1.250000000000000026e-04	4.585380498555641920e-02	1.155134728178381920e-01	1.127698337659239769e-01
1.250000000000000026e-04	4.572940815853167307e-02	1.158720711246132851e-01	1.127697285264730453e-01
1.250000000000000026e-04	4.722848256366162650e-02	1.155796851962804794e-01	1.128246411681175232e-01
1.250000000000000026e-04	4.817300827442845546e-02	1.147055849432945251e-01	1.120427595451474190e-01
1.250000000000000026e-04	4.708934099047999006e-02	1.163539281114935875e-01	1.146763069555163383e-01
1.250000000000000026e-04	4.797169476558890699e-02	1.150258341804146767e-01	1.126400474458932877e-01
1.250000000000000026e-04	4.523778188077709483e-02	1.163142975419759750e-01	1.131091248244047165e-01
1.250000000000000026e-04	4.647532063005845732e-02	1.160520296543836594e-01	1.130580427125096321e-01
1.250000000000000026e-04	4.678067555533179517e-02	1.158959241583943367e-01	1.125880619511008263e-01
6.250000000000000130e-05	4.465440844621839517e-02	1.150603359565138817e-01	1.128775402903556824e-01
6.250000000000000130e-05	4.477373510599136353e-02	1.144430451095104218e-01	1.117087705060839653e-01
6.250000000000000130e-05	4.555893434753900684e-02	1.151234721764922142e-01	1.125118630006909370e-01
6.250000000000000130e-05	4.384862577330462391e-02	1.168658211827278137e-01	1.132947243750095367e-01
6.250000000000000130e-05	4.697269686981092596e-02	1.157674696296453476e-01	1.132396357133984566e-01
6.250000000000000130e-05	4.454631179193906804e-02	1.149013377726078033e-01	1.121350415050983429e-01
6.250000000000000130e-05	4.433063893944402117e-02	1.152119599282741547e-01	1.130145853385329247e-01
6.250000000000000130e-05	4.405194589325898968e-02	1.152481129392981529e-01	1.124539105221629143e-01
6.250000000000000130e-05	4.250232677293729056e-02	1.148894084617495537e-01	1.129272012040019035e-01
6.250000000000000130e-05	4.538619676251200163e-02	1.161598488688468933e-01	1.135634388774633408e-01
6.250000000000000130e-05	4.343951719848415660e-02	1.147555056959390640e-01	1.124302679672837257e-01
6.250000000000000130e-05	4.465615291950068844e-02	1.154575804248452187e-01	1.128032337874174118e-01
6.250000000000000130e-05	4.358584414931792467e-02	1.150079388171434402e-01	1.124391350895166397e-01
6.250000000000000130e-05	4.485812387134455181e-02	1.151222493499517441e-01	1.118651079013943672e-01
6.250000000000000130e-05	4.485954542326021921e-02	1.150118494406342506e-01	1.125315669924020767e-01
6.250000000000000130e-05	4.508383732430542440e-02	1.150833964347839355e-01	1.121603539213538170e-01
6.250000000000000130e-05	4.456295365396933938e-02	1.150774238631129265e-01	1.131623275578022003e-01
6.250000000000000130e-05	4.670190452774868745e-02	1.161026330664753914e-01	1.136667272076010704e-01
6.250000000000000130e-05	4.587876386468923290e-02	1.148315845057368279e-01	1.123481839895248413e-01
6.250000000000000130e-05	4.556031897664070129e-02	1.156284259632229805e-01	1.125134853646159172e-01
6.250000000000000130e-05	4.263423067293589663e-02	1.151246121153235435e-01	1.125709181651473045e-01
3.125000000000000065e-05	4.569602389878864301e-02	1.146331438794732094e-01	1.117242174223065376e-01
3.125000000000000065e-05	4.348495286665385318e-02	1.153556285426020622e-01	1.121537797152996063e-01
3.125000000000000065e-05	4.326413703870169575e-02	1.164278956130146980e-01	1.141555523499846458e-01
3.125000000000000065e-05	4.386859738468369685e-02	1.151290424168109894e-01	1.123457830399274826e-01
3.125000000000000065e-05	4.421421484668043578e-02	1.161245554685592651e-01	1.141443327069282532e-01
3.125000000000000065e-05	4.264003328413148303e-02	1.148931877687573433e-01	1.118646943941712379e-01
3.125000000000000065e-05	4.315637912648388058e-02	1.147832758724689484e-01	1.120834611356258392e-01
3.125000000000000065e-05	4.257149720870995885e-02	1.156440665945410728e-01	1.122667919844388962e-01
3.125000000000000065e-05	4.363093244595617898e-02	1.153214154765009880e-01	1.119289314374327660e-01
3.125000000000000065e-05	4.408312315427804357e-02	1.150762131437659264e-01	1.129672592505812645e-01
3.125000000000000065e-05	4.498732670009890355e-02	1.161048477515578270e-01	1.130388202145695686e-01
3.125000000000000065e-05	4.282563830478281625e-02	1.149592585861682892e-01	1.121873976662755013e-01
3.125000000000000065e-05	4.507184335136715098e-02	1.154209794476628304e-01	1.126139946281909943e-01
3.125000000000000065e-05	4.325723815473574846e-02	1.150298193097114563e-01	1.123432787135243416e-01
3.125000000000000065e-05	4.126499329186693321e-02	1.152487006038427353e-01	1.121229873970150948e-01
3.125000000000000065e-05	4.404195956885814667e-02	1.165680810809135437e-01	1.138596450909972191e-01
3.125000000000000065e-05	4.484199770266496937e-02	1.154346158728003502e-01	1.125750690698623657e-01
3.125000000000000065e-05	4.564766981933690571e-02	1.168178552761673927e-01	1.144514959305524826e-01
3.125000000000000065e-05	4.400619779583773983e-02	1.154097933322191238e-01	1.128055136650800705e-01
3.125000000000000065e-05	4.324938385169717348e-02	1.162162115797400475e-01	1.131259640678763390e-01
3.125000000000000065e-05	4.375949025719980817e-02	1.156305503100156784e-01	1.125653674826025963e-01
1.562500000000000033e-05	4.310071109970913666e-02	1.153406454250216484e-01	1.129936920478940010e-01
1.562500000000000033e-05	4.403500796496113978e-02	1.158524155616760254e-01	1.127946702763438225e-01
1.562500000000000033e-05	4.207497172623495679e-02	1.154074594378471375e-01	1.124209761619567871e-01
1.562500000000000033e-05	4.465163706601420202e-02	1.157955769449472427e-01	1.129275551065802574e-01
1.562500000000000033e-05	4.322867225148255277e-02	1.158132208511233330e-01	1.135576395317912102e-01
1.562500000000000033e-05	4.223453142692016465e-02	1.151853213086724281e-01	1.120066391304135323e-01
1.562500000000000033e-05	4.451718813256372309e-02	1.160291908308863640e-01	1.134663820266723633e-01
1.562500000000000033e-05	4.450362941981116094e-02	1.149989115074276924e-01	1.130559518933296204e-01
1.562500000000000033e-05	4.294780363576321952e-02	1.159841837361454964e-01	1.133597586303949356e-01
1.562500000000000033e-05	4.304946131438393969e-02	1.173221850767731667e-01	1.140127368271350861e-01
1.562500000000000033e-05	4.283249175435380196e-02	1.158809065818786621e-01	1.133539481088519096e-01
1.562500000000000033e-05	4.204164351089090951e-02	1.159221846610307693e-01	1.127328407019376755e-01
1.562500000000000033e-05	4.356482389229762719e-02	1.161073455587029457e-01	1.131029389798641205e-01
1.562500000000000033e-05	4.362186902686010503e-02	1.159034818410873413e-01	1.132832020521163940e-01
1.562500000000000033e-05	4.332360849256002705e-02	1.148127531632781029e-01	1.120834508910775185e-01
1.562500000000000033e-05	4.206275220818912058e-02	1.145925894379615784e-01	1.122465711086988449e-01
1.562500000000000033e-05	4.378943616830850011e-02	1.143636060878634453e-01	1.121313851326704025e-01
1.562500000000000033e-05	4.260033453944363224e-02	1.163560086861252785e-01	1.131177563220262527e-01
1.562500000000000033e-05	4.310846559797661126e-02	1.153322942554950714e-01	1.124522266909480095e-01
1.562500000000000033e-05	4.194617903308023310e-02	1.148829003795981407e-01	1.131015960127115250e-01
1.562500000000000033e-05	4.416266729748701686e-02	1.155543848872184753e-01	1.123418295755982399e-01
7.812500000000000163e-06	4.261480684427521037e-02	1.153809409588575363e-01	1.125338776037096977e-01
7.812500000000000163e-06	4.397694962217083697e-02	1.161481169983744621e-01	1.130982125177979469e-01
7.812500000000000163e-06	4.327073964419998753e-02	1.152649652212858200e-01	1.128503503277897835e-01
7.812500000000000163e-06	4.154148551670810985e-02	1.159007586538791656e-01	1.125860549509525299e-01
7.812500000000000163e-06	4.288986603481859811e-02	1.159313777461647987e-01	1.128181861713528633e-01
7.812500000000000163e-06	4.354408652156214338e-02	1.160390842705965042e-01	1.129069132730364799e-01
7.812500000000000163e-06	4.377245686099499183e-02	1.158627737313508987e-01	1.129900775849819183e-01
7.812500000000000163e-06	4.079605077829542154e-02	1.153474682942032814e-01	1.125527070835232735e-01
7.812500000000000163e-06	4.347711414853228790e-02	1.155748814344406128e-01	1.132323360070586205e-01
7.812500000000000163e-06	4.245854367183733713e-02	1.156895607709884644e-01	1.131254388019442558e-01
7.812500000000000163e-06	4.266266847807395624e-02	1.160543328151106834e-01	1.128308689221739769e-01
7.812500000000000163e-06	4.380709333698960817e-02	1.164572592824697495e-01	1.137609714642167091e-01
7.812500000000000163e-06	4.374620061414905697e-02	1.158004496246576309e-01	1.126472102478146553e-01
7.812500000000000163e-06	4.199238324278517509e-02	1.158592766150832176e-01	1.134185260161757469e-01
7.812500000000000163e-06	4.251416216168222434e-02	1.150794485583901405e-01	1.124275159090757370e-01
7.812500000000000163e-06	4.282762824640243965e-02	1.158181400969624519e-01	1.125405617058277130e-01
7.812500000000000163e-06	4.285015323776987517e-02	1.155218295753002167e-01	1.126083731651306152e-01
7.812500000000000163e-06	4.230552183204813743e-02	1.145492708310484886e-01	1.117259152233600616e-01
7.812500000000000163e-06	4.195393195163599903e-02	1.158205829560756683e-01	1.124999029561877251e-01
7.812500000000000163e-06	4.238542633814901955e-02	1.172162201255559921e-01	1.140174446627497673e-01
7.812500000000000163e-06	4.223824881866008324e-02	1.149374973028898239e-01	1.120182359591126442e-01
3.906250000000000081e-06	4.279755711366858839e-02	1.155188772827386856e-01	1.131412182003259659e-01
3.906250000000000081e-06	4.301295375239245350e-02	1.157687082886695862e-01	1.127858646214008331e-01
3.906250000000000081e-06	4.505339220071895301e-02	1.179841961711645126e-01	1.146769244223833084e-01
3.906250000000000081e-06	4.340927896997596319e-02	1.156507469713687897e-01	1.124132117256522179e-01
3.906250000000000081e-06	4.370263211806364040e-02	1.155182486400008202e-01	1.129869222640991211e-01
3.906250000000000081e-06	4.236626214807546337e-02	1.164662484079599380e-01	1.137378755956888199e-01
3.906250000000000081e-06	4.059743678456620430e-02	1.154621066525578499e-01	1.124625271186232567e-01
3.906250000000000081e-06	4.323879744904705197e-02	1.152344839647412300e-01	1.124992175027728081e-01
3.906250000000000081e-06	4.517196401765075087e-02	1.163633270189166069e-01	1.127738766372203827e-01
3.906250000000000081e-06	4.358760647098474522e-02	1.155038857832551003e-01	1.124970978125929832e-01
3.906250000000000081e-06	4.210178346573552333e-02	1.152805211022496223e-01	1.124928388744592667e-01
3.906250000000000081e-06	4.313865492615518576e-02	1.147556342184543610e-01	1.120972651988267899e-01
3.906250000000000081e-06	4.148049506394169139e-02	1.151224030181765556e-01	1.125272270292043686e-01
3.906250000000000081e-06	4.315582813718651239e-02	1.152128409594297409e-01	1.122758127748966217e-01
3.906250000000000081e-06	4.346900173946272039e-02	1.163996094837784767e-01	1.128924600780010223e-01
3.906250000000000081e-06	4.251402760325353331e-02	1.152477376163005829e-01	1.124941036105155945e-01
3.906250000000000081e-06	4.281318364547023053e-02	1.156939128413796425e-01	1.119801970198750496e-01
3.906250000000000081e-06	4.291542595888994671e-02	1.165011199191212654e-01	1.137236319482326508e-01
3.906250000000000081e-06	4.355856531028506201e-02	1.160290082916617393e-01	1.136141028255224228e-01
3.906250000000000081e-06	4.188170748515219338e-02	1.157698612660169601e-01	1.132394010201096535e-01
3.906250000000000081e-06	4.284205747461771602e-02	1.150050992146134377e-01	1.131365662440657616e-01
1.953125000000000041e-06	4.235842979595631080e-02	1.153557812795042992e-01	1.127784363925457001e-01
1.953125000000000041e-06	4.318770549342602211e-02	1.156859109178185463e-01	1.123262187466025352e-01
1.953125000000000041e-06	4.210850973672504438e-02	1.149462414905428886e-01	1.127198608592152596e-01
1.953125000000000041e-06	4.373667162807681752e-02	1.154806716367602348e-01	1.128541948273777962e-01
1.953125000000000041e-06	4.331646185321143955e-02	1.160527272149920464e-01	1.128551708534359932e-01
1.953125000000000041e-06	4.193700534067576480e-02	1.147616235539317131e-01	1.122294040396809578e-01
1.953125000000000041e-06	4.125398208823385232e-02	1.161398096010088921e-01	1.130322292447090149e-01
1.953125000000000041e-06	4.384746510959879051e-02	1.150096170604228973e-01	1.118288133293390274e-01
1.953125000000000041e-06	4.387468714974349093e-02	1.169649064540863037e-01	1.131858583539724350e-01
1.953125000000000041e-06	4.188665610891353919e-02	1.154597410932183266e-01	1.120196562260389328e-01
1.953125000000000041e-06	4.249189473405669271e-02	1.154414908960461617e-01	1.122757159173488617e-01
1.953125000000000041e-06	4.251877699471727501e-02	1.161229237914085388e-01	1.134541658684611320e-01
1.953125000000000041e-06	4.160424163918706453e-02	1.158557748422026634e-01	1.130604241043329239e-01
1.953125000000000041e-06	4.265690451087076479e-02	1.154866144061088562e-01	1.117863208055496216e-01
1.953125000000000041e-06	4.306336777591252690e-02	1.153231151401996613e-01	1.119221849367022514e-01
1.953125000000000041e-06	4.273737200736245356e-02	1.159303048625588417e-01	1.134706372395157814e-01
1.953125000000000041e-06	4.278016123401967574e-02	1.156859779730439186e-01	1.119749611243605614e-01
1.953125000000000041e-06	4.366550207892550689e-02	1.151452707126736641e-01	1.124543175101280212e-01
1.953125000000000041e-06	4.277139588530304987e-02	1.165408072993159294e-01	1.136825168505311012e-01
1.953125000000000041e-06	4.204771233887612258e-02	1.157323066145181656e-01	1.126057198271155357e-01
1.953125000000000041e-06	4.214685514003415484e-02	1.149222031235694885e-01	1.123439464718103409e-01
9.765625000000000203e-07	4.192290938447548049e-02	1.155744800344109535e-01	1.128495484590530396e-01
9.765625000000000203e-07	4.267279497241672354e-02	1.160287791863083839e-01	1.132014859467744827e-01
9.765625000000000203e-07	4.250595713906650530e-02	1.163062322884798050e-01	1.131658256053924561e-01
9.765625000000000203e-07	4.336535595828974049e-02	1.152547849342226982e-01	1.123062111437320709e-01
9.765625000000000203e-07	4.302283673535419600e-02	1.164766391739249229e-01	1.139595154672861099e-01
9.765625000000000203e-07	4.265140211563321626e-02	1.150751477107405663e-01	1.125726047903299332e-01
9.765625000000000203e-07	4.274194982327238213e-02	1.144948471337556839e-01	1.119278408586978912e-01
9.765625000000000203e-07	4.232994309048863923e-02	1.161670582368969917e-01	1.133769629523158073e-01
9.765625000000000203e-07	4.241490215534651081e-02	1.165410606190562248e-01	1.129956962540745735e-01
9.765625000000000203e-07	4.272020617617836719e-02	1.162443440407514572e-01	1.128580346703529358e-01
9.765625000000000203e-07	4.271038477839548403e-02	1.156599093228578568e-01	1.118887607008218765e-01
9.765625000000000203e-07	4.241566852772537394e-02	1.152642006054520607e-01	1.126100672408938408e-01
9.765625000000000203e-07	4.317659337686587107e-02	1.158152446150779724e-01	1.128823915496468544e-01
9.765625000000000203e-07	4.333969592293606538e-02	1.165637178346514702e-01	1.135328961536288261e-01
9.765625000000000203e-07	4.300411698655991904e-02	1.149499611929059029e-01	1.125736292451620102e-01
9.765625000000000203e-07	4.248835865549648733e-02	1.155892983078956604e-01	1.123370695859193802e-01
9.765625000000000203e-07	4.341251337075534983e-02	1.153586665168404579e-01	1.119863325729966164e-01
9.765625000000000203e-07	4.321346773848503547e-02	1.157469004392623901e-01	1.123371515423059464e-01
9.765625000000000203e-07	4.161544610993771903e-02	1.155204530805349350e-01	1.124016130343079567e-01
9.765625000000000203e-07	4.186083605112154299e-02	1.151489969342947006e-01	1.123168002814054489e-01
9.765625000000000203e-07	4.223816141580478967e-02	1.155696548521518707e-01	1.125710103660821915e-01
4.882812500000000102e-07	4.153256901080095570e-02	1.154561340808868408e-01	1.126596545800566673e-01
4.882812500000000102e-07	4.315735130936284442e-02	1.146641494706273079e-01	1.120695276185870171e-01
4.882812500000000102e-07	4.163754490923277790e-02	1.156751047819852829e-01	1.130171278491616249e-01
4.882812500000000102e-07	4.227572809197480130e-02	1.157688014209270477e-01	1.126252077519893646e-01
4.882812500000000102e-07	4.179818654739404088e-02	1.149301100522279739e-01	1.118114013224840164e-01
4.882812500000000102e-07	4.272792825498913233e-02	1.157629061490297318e-01	1.126224286854267120e-01
4.882812500000000102e-07	4.115501069758512043e-02	1.163422390818595886e-01	1.129745030775666237e-01
4.882812500000000102e-07	4.275743210617499734e-02	1.163571933284401894e-01	1.131153386086225510e-01
4.882812500000000102e-07	4.216311051498485701e-02	1.154209887608885765e-01	1.122594028711318970e-01
4.882812500000000102e-07	4.410682493655741776e-02	1.162091903388500214e-01	1.128708189353346825e-01
4.882812500000000102e-07	4.346811132434802438e-02	1.173257483169436455e-01	1.140155484899878502e-01
4.882812500000000102e-07	4.243100050223778952e-02	1.157295340672135353e-01	1.122750742360949516e-01
4.882812500000000102e-07	4.172733468534071261e-02	1.151599595323204994e-01	1.121191177517175674e-01
4.882812500000000102e-07	4.195822612677194141e-02	1.151571357622742653e-01	1.121736532077193260e-01
4.882812500000000102e-07	4.234567286941823966e-02	1.151913674548268318e-01	1.126721436157822609e-01
4.882812500000000102e-07	4.289374915482122713e-02	1.153406165540218353e-01	1.117973197251558304e-01
4.882812500000000102e-07	4.254129052728037458e-02	1.156307561323046684e-01	1.125812539830803871e-01
4.882812500000000102e-07	4.244354353109492523e-02	1.153945224359631538e-01	1.128812376409769058e-01
4.882812500000000102e-07	4.102744246962704289e-02	1.154219349846243858e-01	1.123398412019014359e-01
4.882812500000000102e-07	4.147004604905466657e-02	1.153058344498276711e-01	1.121328603476285934e-01
4.882812500000000102e-07	4.183772479808783168e-02	1.152374679222702980e-01	1.124059371650218964e-01
2.441406250000000051e-07	4.230511049398138351e-02	1.152893453836441040e-01	1.125006880611181259e-01
2.441406250000000051e-07	4.295589223126821538e-02	1.153231486678123474e-01	1.127434531226754189e-01
2.441406250000000051e-07	4.120348690997196334e-02	1.165782287716865540e-01	1.136349467560648918e-01
2.441406250000000051e-07	4.354942203322543365e-02	1.156668476760387421e-01	1.131193554028868675e-01
2.441406250000000051e-07	4.341920210590845264e-02	1.163045736029744148e-01	1.138667240738868713e-01
2.441406250000000051e-07	4.219878354121612413e-02	1.153685729950666428e-01	1.127939149737358093e-01
2.441406250000000051e-07	4.078929081464870154e-02	1.156609859317541122e-01	1.123079536482691765e-01
2.441406250000000051e-07	4.342302618713318740e-02	1.156739667057991028e-01	1.124723795801401138e-01
2.441406250000000051e-07	4.234340999133979350e-02	1.153766335919499397e-01	1.132360678166151047e-01
2.441406250000000051e-07	4.329093672995325964e-02	1.156619517132639885e-01	1.134635666385293007e-01
2.441406250000000051e-07	4.154188890906074239e-02	1.175376707687973976e-01	1.144524775445461273e-01
2.441406250000000051e-07	4.213000654797010441e-02	1.154708871617913246e-01	1.124367518350481987e-01
2.441406250000000051e-07	4.184195627988893801e-02	1.150745730847120285e-01	1.121767014265060425e-01
2.441406250000000051e-07	4.212103918477703990e-02	1.151719782501459122e-01	1.125135561451315880e-01
2.441406250000000051e-07	4.169698160943351162e-02	1.155346240848302841e-01	1.125172395259141922e-01
2.441406250000000051e-07	4.091477700615230723e-02	1.155299320816993713e-01	1.123623000457882881e-01
2.441406250000000051e-07	4.176737129971196116e-02	1.147102927789092064e-01	1.120360735803842545e-01
2.441406250000000051e-07	4.341801232363604046e-02	1.161586428061127663e-01	1.135008996352553368e-01
2.441406250000000051e-07	4.105351459753664445e-02	1.147920256480574608e-01	1.117332978174090385e-01
2.441406250000000051e-07	4.217299717608131993e-02	1.152696246281266212e-01	1.118845436722040176e-01
2.441406250000000051e-07	4.286757295456113809e-02	1.149616371840238571e-01	1.123416442424058914e-01
1.220703125000000025e-07	4.181869394039806204e-02	1.166626531630754471e-01	1.135293990373611450e-01
1.220703125000000025e-07	4.464211777041229845e-02	1.152675664052367210e-01	1.125026131048798561e-01
1.220703125000000025e-07	4.272597070924843282e-02	1.148408614099025726e-01	1.120739737525582314e-01
1.220703125000000025e-07	4.264889523104022084e-02	1.152713382616639137e-01	1.125341188162565231e-01
1.220703125000000025e-07	4.289451425399961465e-02	1.151244230568408966e-01	1.130844401195645332e-01
1.220703125000000025e-07	4.236116981770418621e-02	1.147974543273448944e-01	1.113718738779425621e-01
1.220703125000000025e-07	4.361357023538667971e-02	1.153647955507040024e-01	1.129464227706193924e-01
1.220703125000000025e-07	4.271669259082667286e-02	1.149489339441061020e-01	1.123543418943881989e-01
1.220703125000000025e-07	4.383641000412687172e-02	1.161339282989501953e-01	1.126984497532248497e-01
1.220703125000000025e-07	4.110863821321650291e-02	1.158936675637960434e-01	1.127084568142890930e-01
1.220703125000000025e-07	4.228474725556524705e-02	1.158220684155821800e-01	1.128701753914356232e-01
1.220703125000000025e-07	4.214894384900225860e-02	1.153433332219719887e-01	1.122955912724137306e-01
1.220703125000000025e-07	4.326276448142679643e-02	1.158805200830101967e-01	1.127210995182394981e-01
1.220703125000000025e-07	4.380311213339431464e-02	1.154825463891029358e-01	1.128479335457086563e-01
1.220703125000000025e-07	4.183306868034827875e-02	1.153351152315735817e-01	1.126553202047944069e-01
1.220703125000000025e-07	4.161283296026006828e-02	1.156793944537639618e-01	1.131981844082474709e-01
1.220703125000000025e-07	4.349495958584018857e-02	1.170639097690582275e-01	1.141692474484443665e-01
1.220703125000000025e-07	4.220087439576281768e-02	1.150279967114329338e-01	1.119290897622704506e-01
1.220703125000000025e-07	4.377122237523899811e-02	1.156867472454905510e-01	1.120534380897879601e-01
1.220703125000000025e-07	4.326097551686099857e-02	1.156901279464364052e-01	1.128847580403089523e-01
1.220703125000000025e-07	4.343611780035344649e-02	1.163819404318928719e-01	1.135246185585856438e-01
6.103515625000000127e-08	4.311736109607582079e-02	1.157943401485681534e-01	1.130128335207700729e-01
6.103515625000000127e-08	4.118272857858410602e-02	1.161127788946032524e-01	1.133510917425155640e-01
6.103515625000000127e-08	4.320695600177668072e-02	1.160289738327264786e-01	1.125265955924987793e-01
6.103515625000000127e-08	4.037681158301951317e-02	1.157039050012826920e-01	1.121868314221501350e-01
6.103515625000000127e-08	4.205382004663159312e-02	1.151096997782588005e-01	1.127499043941497803e-01
6.103515625000000127e-08	4.184814360983009351e-02	1.148500153794884682e-01	1.119257286190986633e-01
6.103515625000000127e-08	4.227426560902142888e-02	1.150797866284847260e-01	1.119952658191323280e-01
6.103515625000000127e-08	4.121612167999714332e-02	1.154671097174286842e-01	1.121413046494126320e-01
6.103515625000000127e-08	4.452254092674466646e-02	1.153735993430018425e-01	1.121469819918274879e-01
6.103515625000000127e-08	4.287179658495927220e-02	1.150329625234007835e-01	1.119326259940862656e-01
6.103515625000000127e-08	4.236022840383686650e-02	1.160592380911111832e-01	1.126510296016931534e-01
6.103515625000000127e-08	4.378093392411364776e-02	1.165279755368828773e-01	1.132944785058498383e-01
6.103515625000000127e-08	4.314845991379852308e-02	1.151930959895253181e-01	1.124452631920576096e-01
6.103515625000000127e-08	4.185989270387571043e-02	1.148145208135247231e-01	1.117543661966919899e-01
6.103515625000000127e-08	4.407333021488370889e-02	1.159745203331112862e-01	1.124869892373681068e-01
6.103515625000000127e-08	4.157407926041868651e-02	1.153142256662249565e-01	1.126880729570984840e-01
6.103515625000000127e-08	4.228235163454768103e-02	1.165673667564988136e-01	1.143081877380609512e-01
6.103515625000000127e-08	4.203945044663887770e-02	1.153137432411313057e-01	1.125758178532123566e-01
6.103515625000000127e-08	4.217560318168959987e-02	1.147975092753767967e-01	1.118670599535107613e-01
6.103515625000000127e-08	4.196909970686405617e-02	1.143970554694533348e-01	1.119187455624341965e-01
6.103515625000000127e-08	4.280094309603866415e-02	1.155388392508029938e-01	1.124018421396613121e-01
3.051757812500000064e-08	4.321914946636821325e-02	1.152315968647599220e-01	1.127644274383783340e-01
3.051757812500000064e-08	4.102731854478015167e-02	1.147635700181126595e-01	1.114492407068610191e-01
3.051757812500000064e-08	4.271265859656696307e-02	1.147971386089920998e-01	1.122981281951069832e-01
3.051757812500000064e-08	4.272104278678381245e-02	1.174801653251051903e-01	1.140273353084921837e-01
3.051757812500000064e-08	4.226975081653534805e-02	1.153920609503984451e-01	1.125296587124466896e-01
3.051757812500000064e-08	4.229124670824672277e-02	1.158078247681260109e-01	1.129779350012540817e-01
3.051757812500000064e-08	4.272762174376203842e-02	1.147130820900201797e-01	1.122858319431543350e-01
3.051757812500000064e-08	4.251210917306097459e-02	1.165725933387875557e-01	1.133626680821180344e-01
3.051757812500000064e-08	4.250821902687790949e-02	1.149737434461712837e-01	1.121004261076450348e-01
3.051757812500000064e-08	4.234164045487023853e-02	1.158677479252219200e-01	1.124190445989370346e-01
3.051757812500000064e-08	4.146620784473570298e-02	1.168779460713267326e-01	1.136391311883926392e-01
3.051757812500000064e-08	4.327348086841498881e-02	1.149704223498702049e-01	1.125346552580595016e-01
3.051757812500000064e-08	4.329377141651473415e-02	1.158659225329756737e-01	1.126375189051032066e-01
3.051757812500000064e-08	4.144969728739955617e-02	1.150299161672592163e-01	1.123437099158763885e-01
3.051757812500000064e-08	4.369745271492608135e-02	1.158383004367351532e-01	1.121009169146418571e-01
3.051757812500000064e-08	4.211312353233747502e-02	1.156530706211924553e-01	1.123171709477901459e-01
3.051757812500000064e-08	4.187459868815126413e-02	1.161325732246041298e-01	1.140679493546485901e-01
3.051757812500000064e-08	4.014041333730462152e-02	1.155095137655735016e-01	1.128710871562361717e-01
3.051757812500000064e-08	4.252211190760135651e-02	1.159251155331730843e-01	1.130198948085308075e-01
3.051757812500000064e-08	4.201553495530085947e-02	1.145840799435973167e-01	1.119367033243179321e-01
3.051757812500000064e-08	4.444985240226304729e-02	1.148661170154809952e-01	1.126009142026305199e-01
1.525878906250000032e-08	4.318355424683305299e-02	1.153968386352062225e-01	1.125092934817075729e-01
1.525878906250000032e-08	4.314174514876890909e-02	1.156874671578407288e-01	1.129512889310717583e-01
1.525878906250000032e-08	4.243191921069652123e-02	1.156529681757092476e-01	1.125655481591820717e-01
1.525878906250000032e-08	4.285552230062363716e-02	1.168870134279131889e-01	1.134788971394300461e-01
1.525878906250000032e-08	4.270160591960707464e-02	1.152731962502002716e-01	1.126709962263703346e-01
1.525878906250000032e-08	4.092851007663751012e-02	1.149683650583028793e-01	1.123183304443955421e-01
1.525878906250000032e-08	4.071268828326388145e-02	1.156071601435542107e-01	1.120186727494001389e-01
1.525878906250000032e-08	4.214358270828482550e-02	1.162452166900038719e-01	1.131964204832911491e-01
1.525878906250000032e-08	4.253857785576506401e-02	1.145635778084397316e-01	1.112990770488977432e-01
1.525878906250000032e-08	4.293284779768201387e-02	1.162077020853757858e-01	1.127717997878789902e-01
1.525878906250000032e-08	4.197115021981770444e-02	1.145746000111103058e-01	1.121605420485138893e-01
1.525878906250000032e-08	4.103437707393984418e-02	1.151337670162320137e-01	1.122449766844511032e-01
1.525878906250000032e-08	4.106235796514945413e-02	1.153655704110860825e-01	1.126280538737773895e-01
1.525878906250000032e-08	4.237593455782419360e-02	1.163627449423074722e-01	1.130204061046242714e-01
1.525878906250000032e-08	4.285853134491775934e-02	1.155780991539359093e-01	1.131054768338799477e-01
1.525878906250000032e-08	4.178258170715615921e-02	1.151858307421207428e-01	1.122090863063931465e-01
1.525878906250000032e-08	4.192035546219801539e-02	1.159777678549289703e-01	1.127295987680554390e-01
1.525878906250000032e-08	4.346971678299994118e-02	1.151788858696818352e-01	1.122913230210542679e-01
1.525878906250000032e-08	4.249380623237996452e-02	1.149364644661545753e-01	1.117797279730439186e-01
1.525878906250000032e-08	4.289915216968783612e-02	1.153912972658872604e-01	1.124046463519334793e-01
1.525878906250000032e-08	4.310162643654436715e-02	1.152803916484117508e-01	1.124372920021414757e-01
1.525878906250000032e-08	4.258680525176887499e-02	1.152501115575432777e-01	1.120237037539482117e-01
1.525878906250000032e-08	4.148320948021321647e-02	1.152274711057543755e-01	1.119790095835924149e-01
1.525878906250000032e-08	4.322893417711499292e-02	1.152193751186132431e-01	1.126836473122239113e-01
1.525878906250000032e-08	4.312387120591688883e-02	1.158718392252922058e-01	1.123050646856427193e-01
1.525878906250000032e-08	4.110442714977868145e-02	1.151461573317646980e-01	1.127423904836177826e-01
1.525878906250000032e-08	4.209354588219636761e-02	1.152160409837961197e-01	1.117606759071350098e-01
1.525878906250000032e-08	4.212185547133035640e-02	1.158751780167222023e-01	1.123464582487940788e-01
1.525878906250000032e-08	4.248123019462144573e-02	1.156079098582267761e-01	1.127222729846835136e-01
1.525878906250000032e-08	4.301423489858832716e-02	1.154661625623703003e-01	1.125105861574411392e-01
1.525878906250000032e-08	4.249763502916203278e-02	1.154109966009855270e-01	1.126044811680912971e-01
1.525878906250000032e-08	4.189992347095586323e-02	1.150470050051808357e-01	1.121088089421391487e-01
1.525878906250000032e-08	4.276962135034271389e-02	1.149671543389558792e-01	1.122218640521168709e-01
1.525878906250000032e-08	4.212759942099263133e-02	1.160883102566003799e-01	1.132195834070444107e-01
1.525878906250000032e-08	4.208360129047798021e-02	1.146798012778162956e-01	1.124727660790085793e-01
1.525878906250000032e-08	4.000157065972496928e-02	1.151572503149509430e-01	1.116482662037014961e-01
1.525878906250000032e-08	4.234135556447354842e-02	1.153488205745816231e-01	1.120866090059280396e-01
1.525878906250000032e-08	4.269404428763479836e-02	1.153470706194639206e-01	1.127069722861051559e-01
1.525878906250000032e-08	4.159932861788363107e-02	1.153366025537252426e-01	1.122541418299078941e-01
1.525878906250000032e-08	4.309418797492980957e-02	1.151524921879172325e-01	1.128076342865824699e-01
1.525878906250000032e-08	4.384259146319914591e-02	1.159431962296366692e-01	1.125624813139438629e-01
1.525878906250000032e-08	4.499143225294124915e-02	1.161065027117729187e-01	1.135958768427371979e-01
1.525878906250000032e-08	4.171054687681077094e-02	1.155414916574954987e-01	1.127314325422048569e-01
1.525878906250000032e-08	4.126940250302417457e-02	1.155824298039078712e-01	1.123335324227809906e-01
1.525878906250000032e-08	4.186227288144298703e-02	1.147235697135329247e-01	1.122715994715690613e-01
1.525878906250000032e-08	4.241172073385383184e-02	1.146873403340578079e-01	1.120398286730051041e-01
