2.000000000000000042e-03	3.912666440010070801e-01	4.274954833090305328e-01	4.175503291189670563e-01
2.000000000000000042e-03	2.768234982143474299e-01	2.793440334498882294e-01	2.847650609910488129e-01
2.000000000000000042e-03	2.476195319543910978e-01	2.998137921094894409e-01	2.987715452909469604e-01
2.000000000000000042e-03	2.306835323194914300e-01	2.179701793938875198e-01	2.187358606606721878e-01
2.000000000000000042e-03	2.211091888101795189e-01	2.244685273617506027e-01	2.267564516514539719e-01
2.000000000000000042e-03	2.169151523067981424e-01	2.197640426456928253e-01	2.213606461882591248e-01
2.000000000000000042e-03	2.120179571682893893e-01	2.026710864156484604e-01	2.058357447385787964e-01
2.000000000000000042e-03	2.104777816352964848e-01	2.860886454582214355e-01	2.904369793832302094e-01
2.000000000000000042e-03	2.102340495661844111e-01	2.375422473996877670e-01	2.387232352048158646e-01
2.000000000000000042e-03	2.030997181995005674e-01	2.640672437846660614e-01	2.731117270886898041e-01
2.000000000000000042e-03	1.997934885417358697e-01	1.942439060658216476e-01	1.924626789987087250e-01
2.000000000000000042e-03	1.934146881103515625e-01	1.985372025519609451e-01	1.954550668597221375e-01
2.000000000000000042e-03	1.896654842775079286e-01	1.768130529671907425e-01	1.761238761246204376e-01
2.000000000000000042e-03	1.849422313367264092e-01	1.934430710971355438e-01	1.956284083425998688e-01
2.000000000000000042e-03	1.875734610270850256e-01	1.923644095659255981e-01	1.895357873290777206e-01
2.000000000000000042e-03	1.770382625392720732e-01	1.691427119076251984e-01	1.726902145892381668e-01
2.000000000000000042e-03	1.752455225096473113e-01	2.020510770380496979e-01	2.037443965673446655e-01
2.000000000000000042e-03	1.736262435022788708e-01	1.777439769357442856e-01	1.774463709443807602e-01
2.000000000000000042e-03	1.819084273486197834e-01	1.686294265091419220e-01	1.705443542450666428e-01
2.000000000000000042e-03	1.769447417198857231e-01	2.182046156376600266e-01	2.189316861331462860e-01
2.000000000000000042e-03	1.818891754256019011e-01	1.929107438772916794e-01	1.913468111306428909e-01
2.000000000000000042e-03	1.711202805178074771e-01	1.637493502348661423e-01	1.640856787562370300e-01
2.000000000000000042e-03	1.663855919732323274e-01	1.727046277374029160e-01	1.718986928462982178e-01
2.000000000000000042e-03	1.665862430877323441e-01	1.554014589637517929e-01	1.565188355743885040e-01
2.000000000000000042e-03	1.612922019219096836e-01	1.557419486343860626e-01	1.570484805852174759e-01
2.000000000000000042e-03	1.640098819249792839e-01	1.940360572189092636e-01	1.957602910697460175e-01
2.000000000000000042e-03	1.579667431644246611e-01	1.866371482610702515e-01	1.891997065395116806e-01
2.000000000000000042e-03	1.715381694368169341e-01	1.720790471881628036e-01	1.719354074448347092e-01
2.000000000000000042e-03	1.552450170245351646e-01	1.648888830095529556e-01	1.649039611220359802e-01
2.000000000000000042e-03	1.588603359988973174e-01	1.565770804882049561e-01	1.563319303095340729e-01
2.000000000000000042e-03	1.544635989997960313e-01	1.488498076796531677e-01	1.504026241600513458e-01
2.000000000000000042e-03	1.528323971772495571e-01	1.757811121642589569e-01	1.780355218797922134e-01
2.000000000000000042e-03	1.495735803736916170e-01	1.635476071387529373e-01	1.630763541907072067e-01
2.000000000000000042e-03	1.534328816246382787e-01	1.563665289431810379e-01	1.599440164864063263e-01
2.000000000000000042e-03	1.500270949511588459e-01	1.514076590538024902e-01	1.531350594013929367e-01
2.000000000000000042e-03	1.481352733283103351e-01	1.597662400454282761e-01	1.587260458618402481e-01
2.000000000000000042e-03	1.500389442036423604e-01	1.698648557066917419e-01	1.673500016331672668e-01
2.000000000000000042e-03	1.464132944805712766e-01	1.638148166239261627e-01	1.646937206387519836e-01
2.000000000000000042e-03	1.483436518266231241e-01	1.720541901886463165e-01	1.728974245488643646e-01
2.000000000000000042e-03	1.578444059513792186e-01	1.648384891450405121e-01	1.636751070618629456e-01
2.000000000000000042e-03	1.519780586226077146e-01	1.456257551908493042e-01	1.457233019173145294e-01
2.000000000000000042e-03	1.449979099480411537e-01	1.496982928365468979e-01	1.510847322642803192e-01
2.000000000000000042e-03	1.457246876781499723e-01	1.594197619706392288e-01	1.583377066999673843e-01
2.000000000000000042e-03	1.439422244512582050e-01	1.656048912554979324e-01	1.689005065709352493e-01
2.000000000000000042e-03	1.483873403336428420e-01	1.563706565648317337e-01	1.568373516201972961e-01
2.000000000000000042e-03	1.446153994036626089e-01	1.467496007680892944e-01	1.477022878825664520e-01
2.000000000000000042e-03	1.412783159485346274e-01	1.493827607482671738e-01	1.513902824372053146e-01
2.000000000000000042e-03	1.419924906914747098e-01	1.474070288240909576e-01	1.492919027805328369e-01
2.000000000000000042e-03	1.405857918383199845e-01	1.486507952213287354e-01	1.493252944201231003e-01
2.000000000000000042e-03	1.419670232866383774e-01	1.674399953335523605e-01	1.677617914974689484e-01
2.000000000000000042e-03	1.337929452899136173e-01	1.570386532694101334e-01	1.597921960055828094e-01
2.000000000000000042e-03	1.352986031318012539e-01	1.457737740129232407e-01	1.482449006289243698e-01
2.000000000000000042e-03	1.359545482864862875e-01	1.441913098096847534e-01	1.436140704900026321e-01
2.000000000000000042e-03	1.416495766820786983e-01	1.548880878835916519e-01	1.516166403889656067e-01
2.000000000000000042e-03	1.317770616917670612e-01	1.471684258431196213e-01	1.472590193152427673e-01
2.000000000000000042e-03	1.329239797365816267e-01	1.478267293423414230e-01	1.475935671478509903e-01
2.000000000000000042e-03	1.329701446656939290e-01	1.432917807251214981e-01	1.427950635552406311e-01
2.000000000000000042e-03	1.351067339883574858e-01	1.688359156250953674e-01	1.671415921300649643e-01
2.000000000000000042e-03	1.325790564282031125e-01	1.412563771009445190e-01	1.398565340787172318e-01
2.000000000000000042e-03	1.301637610679940438e-01	1.515708751976490021e-01	1.501858830451965332e-01
2.000000000000000042e-03	1.343375890503955838e-01	1.619158945977687836e-01	1.580725386738777161e-01
2.000000000000000042e-03	1.320898134874392282e-01	1.513227224349975586e-01	1.506573148071765900e-01
2.000000000000000042e-03	1.316521147006674552e-01	1.445094030350446701e-01	1.438400726765394211e-01
2.000000000000000042e-03	1.293136426542378647e-01	1.513072866946458817e-01	1.494380347430706024e-01
2.000000000000000042e-03	1.307782186548921144e-01	1.496724821627140045e-01	1.514377910643815994e-01
2.000000000000000042e-03	1.348754260924797943e-01	1.511591430753469467e-01	1.493407282978296280e-01
2.000000000000000042e-03	1.297539160410060288e-01	1.375103518366813660e-01	1.364224720746278763e-01
2.000000000000000042e-03	1.277698505716987898e-01	1.384042892605066299e-01	1.381659135222434998e-01
2.000000000000000042e-03	1.287198518461818986e-01	1.447707898914813995e-01	1.452105753123760223e-01
2.000000000000000042e-03	1.241922937805139543e-01	1.410441063344478607e-01	1.393498815596103668e-01
2.000000000000000042e-03	1.238084833455991157e-01	1.493586301803588867e-01	1.481214892119169235e-01
2.000000000000000042e-03	1.228757983521570202e-01	1.434616409242153168e-01	1.413640212267637253e-01
2.000000000000000042e-03	1.237941687054271989e-01	1.528544872999191284e-01	1.515858285129070282e-01
2.000000000000000042e-03	1.235166444808621922e-01	1.463649589568376541e-01	1.450566872954368591e-01
2.000000000000000042e-03	1.256783855489537749e-01	1.460579521954059601e-01	1.461142245680093765e-01
2.000000000000000042e-03	1.267005536186544268e-01	1.481328550726175308e-01	1.475048623979091644e-01
2.000000000000000042e-03	1.201424891058402722e-01	1.409877203404903412e-01	1.383241843432188034e-01
2.000000000000000042e-03	1.200225183480902597e-01	1.431744378060102463e-01	1.427264306694269180e-01
2.000000000000000042e-03	1.217638707802265463e-01	1.365643655881285667e-01	1.354908421635627747e-01
2.000000000000000042e-03	1.197249315962006788e-01	1.377216503024101257e-01	1.368056349456310272e-01
2.000000000000000042e-03	1.193956418693820076e-01	1.415090113878250122e-01	1.423637345433235168e-01
2.000000000000000042e-03	1.183826113237610306e-01	1.451798938214778900e-01	1.445459090173244476e-01
2.000000000000000042e-03	1.162394193720213964e-01	1.440067011862993240e-01	1.413989569991827011e-01
2.000000000000000042e-03	1.167056249289572939e-01	1.424081698060035706e-01	1.420479845255613327e-01
2.000000000000000042e-03	1.169978394349919099e-01	1.486060544848442078e-01	1.459504831582307816e-01
2.000000000000000042e-03	1.160221033835712873e-01	1.367546562105417252e-01	1.368287028744816780e-01
2.000000000000000042e-03	1.168821449332599349e-01	1.442156713455915451e-01	1.437300425022840500e-01
2.000000000000000042e-03	1.151566043307509640e-01	1.457450836896896362e-01	1.425406299531459808e-01
2.000000000000000042e-03	1.139027157539053842e-01	1.428520623594522476e-01	1.417787801474332809e-01
2.000000000000000042e-03	1.175597564706319514e-01	1.444073021411895752e-01	1.448967922478914261e-01
2.000000000000000042e-03	1.139740868459774015e-01	1.389443129301071167e-01	1.376498844474554062e-01
2.000000000000000042e-03	1.130312936781327909e-01	1.420367583632469177e-01	1.409574467688798904e-01
2.000000000000000042e-03	1.120996169651610891e-01	1.390652526170015335e-01	1.390622407197952271e-01
2.000000000000000042e-03	1.108702152401586094e-01	1.365821957588195801e-01	1.352043319493532181e-01
2.000000000000000042e-03	1.124092518717427769e-01	1.522509269416332245e-01	1.514471955597400665e-01
2.000000000000000042e-03	1.114731661126583395e-01	1.434649694710969925e-01	1.419476158916950226e-01
2.000000000000000042e-03	1.111642519318604833e-01	1.378152696415781975e-01	1.382691711187362671e-01
2.000000000000000042e-03	1.122767057599900614e-01	1.458879057317972183e-01	1.467213239520788193e-01
2.000000000000000042e-03	1.132361102330533831e-01	1.369143277406692505e-01	1.350857708603143692e-01
2.000000000000000042e-03	1.144865463617481816e-01	1.406363295391201973e-01	1.404052656143903732e-01
1.000000000000000021e-03	1.020899127367176640e-01	1.282769357785582542e-01	1.259117107838392258e-01
1.000000000000000021e-03	9.724746295545674823e-02	1.282994141802191734e-01	1.264326553791761398e-01
1.000000000000000021e-03	9.789741784334182739e-02	1.337205171585083008e-01	1.339533105492591858e-01
1.000000000000000021e-03	9.471480972781966268e-02	1.273543825373053551e-01	1.261802809312939644e-01
1.000000000000000021e-03	9.721401239497752533e-02	1.285641109570860863e-01	1.276101740077137947e-01
1.000000000000000021e-03	9.519589777234234440e-02	1.253803744912147522e-01	1.251474060118198395e-01
1.000000000000000021e-03	9.275815532177308920e-02	1.288457708433270454e-01	1.272378088906407356e-01
1.000000000000000021e-03	9.521196433637715839e-02	1.316554676741361618e-01	1.309755165129899979e-01
1.000000000000000021e-03	9.444578793607180667e-02	1.295197261497378349e-01	1.285547614097595215e-01
1.000000000000000021e-03	9.447225485044190296e-02	1.289045270532369614e-01	1.268734587356448174e-01
1.000000000000000021e-03	9.344233959158763925e-02	1.294682417064905167e-01	1.287301620468497276e-01
1.000000000000000021e-03	9.511875842190996300e-02	1.298222588375210762e-01	1.284343115985393524e-01
1.000000000000000021e-03	9.072388972662671913e-02	1.318816533312201500e-01	1.299441652372479439e-01
1.000000000000000021e-03	9.274086129816272450e-02	1.337030678987503052e-01	1.312938639894127846e-01
1.000000000000000021e-03	9.130708703511877800e-02	1.296536838635802269e-01	1.287654256448149681e-01
1.000000000000000021e-03	9.030489123697522935e-02	1.271580355241894722e-01	1.275182021781802177e-01
1.000000000000000021e-03	8.947996399070642926e-02	1.294868811964988708e-01	1.285215169191360474e-01
1.000000000000000021e-03	8.856165427950364599e-02	1.328879790380597115e-01	1.314138649031519890e-01
1.000000000000000021e-03	9.111483404530754115e-02	1.335298921912908554e-01	1.320069935172796249e-01
1.000000000000000021e-03	9.030583981848970543e-02	1.315421275794506073e-01	1.293936008587479591e-01
1.000000000000000021e-03	9.220440770629086125e-02	1.307471152395009995e-01	1.288970848545432091e-01
1.000000000000000021e-03	8.824753044526788270e-02	1.317714750766754150e-01	1.310002012178301811e-01
1.000000000000000021e-03	8.679294689923902628e-02	1.344090737402439117e-01	1.333257593214511871e-01
1.000000000000000021e-03	8.744783256250092396e-02	1.285971719771623611e-01	1.269830986857414246e-01
1.000000000000000021e-03	9.045737227307090733e-02	1.307406872510910034e-01	1.291277930140495300e-01
1.000000000000000021e-03	8.994078966258448049e-02	1.286053350195288658e-01	1.289017284289002419e-01
1.000000000000000021e-03	8.783234627563742125e-02	1.301749246194958687e-01	1.312175821512937546e-01
5.000000000000000104e-04	8.252678802119026158e-02	1.257850714027881622e-01	1.251505073159933090e-01
5.000000000000000104e-04	8.062605262745785317e-02	1.255888966843485832e-01	1.233373060822486877e-01
5.000000000000000104e-04	7.922234989797012628e-02	1.235203789547085762e-01	1.228826465085148811e-01
5.000000000000000104e-04	7.843427124279964135e-02	1.247502546757459641e-01	1.226034145802259445e-01
5.000000000000000104e-04	7.918378682453421080e-02	1.252565216273069382e-01	1.253608372062444687e-01
5.000000000000000104e-04	7.833974789592283716e-02	1.287810271605849266e-01	1.267870916053652763e-01
5.000000000000000104e-04	7.878031473182424416e-02	1.255168216302990913e-01	1.228660196065902710e-01
5.000000000000000104e-04	7.860692533888394284e-02	1.254916526377201080e-01	1.242456939071416855e-01
5.000000000000000104e-04	7.813433029606373093e-02	1.257012719288468361e-01	1.259093796834349632e-01
5.000000000000000104e-04	7.838537218638613746e-02	1.251347362995147705e-01	1.242303065955638885e-01
5.000000000000000104e-04	7.942797639701940082e-02	1.259759077802300453e-01	1.242296071723103523e-01
5.000000000000000104e-04	7.828442271374448647e-02	1.260420838370919228e-01	1.262545576319098473e-01
5.000000000000000104e-04	7.688209720993344209e-02	1.266869828104972839e-01	1.259133974090218544e-01
5.000000000000000104e-04	7.581724320785908355e-02	1.245911950245499611e-01	1.236631311476230621e-01
5.000000000000000104e-04	7.611538592395902803e-02	1.285956893116235733e-01	1.269047940149903297e-01
5.000000000000000104e-04	7.601096716862690283e-02	1.269751833751797676e-01	1.259877337142825127e-01
5.000000000000000104e-04	7.548579352000091280e-02	1.267031766474246979e-01	1.248630192130804062e-01
5.000000000000000104e-04	7.656629020466079738e-02	1.258980073034763336e-01	1.246325289830565453e-01
5.000000000000000104e-04	7.423523011841351438e-02	1.269760755822062492e-01	1.242359951138496399e-01
5.000000000000000104e-04	7.376438011474246992e-02	1.283679250627756119e-01	1.269293241202831268e-01
5.000000000000000104e-04	7.586611821493015329e-02	1.274351282045245171e-01	1.251797722652554512e-01
5.000000000000000104e-04	7.607389972368373832e-02	1.281352872028946877e-01	1.262789843603968620e-01
5.000000000000000104e-04	7.403161456879181479e-02	1.272098049521446228e-01	1.246654707938432693e-01
5.000000000000000104e-04	7.345760335462002411e-02	1.271024895831942558e-01	1.253511253744363785e-01
2.500000000000000052e-04	7.182653045541123604e-02	1.245658434927463531e-01	1.226099459454417229e-01
2.500000000000000052e-04	6.898164555807656528e-02	1.238914886489510536e-01	1.224729055538773537e-01
2.500000000000000052e-04	7.067931004906002901e-02	1.244807932525873184e-01	1.234550476074218750e-01
2.500000000000000052e-04	6.952994797803178917e-02	1.239435896277427673e-01	1.225334331393241882e-01
2.500000000000000052e-04	6.956924804592434786e-02	1.237625386565923691e-01	1.212208420038223267e-01
2.500000000000000052e-04	7.094882296610481587e-02	1.247825976461172104e-01	1.236784001812338829e-01
2.500000000000000052e-04	6.823046741229069068e-02	1.243787547573447227e-01	1.228501116856932640e-01
2.500000000000000052e-04	7.004691669835319545e-02	1.252191420644521713e-01	1.227820739150047302e-01
2.500000000000000052e-04	7.042471286428125810e-02	1.244112933054566383e-01	1.222896482795476913e-01
2.500000000000000052e-04	7.212120912308934984e-02	1.270525082945823669e-01	1.252287086099386215e-01
2.500000000000000052e-04	6.875309805515446293e-02	1.257155463099479675e-01	1.231628945097327232e-01
2.500000000000000052e-04	7.016806469499310694e-02	1.292130919173359871e-01	1.264260001480579376e-01
2.500000000000000052e-04	6.955456681832482280e-02	1.254113810136914253e-01	1.230980809777975082e-01
2.500000000000000052e-04	6.853354660959183609e-02	1.247040564194321632e-01	1.229020180180668831e-01
2.500000000000000052e-04	6.863834105337722480e-02	1.253951042890548706e-01	1.227352665737271309e-01
2.500000000000000052e-04	6.766301855633530260e-02	1.252696067094802856e-01	1.232678806409239769e-01
2.500000000000000052e-04	6.790047341698332573e-02	1.241195267066359520e-01	1.226834487169981003e-01
2.500000000000000052e-04	6.914115400065350137e-02	1.251323232427239418e-01	1.227729516103863716e-01
2.500000000000000052e-04	7.004259055173850390e-02	1.239274870604276657e-01	1.225721724331378937e-01
2.500000000000000052e-04	6.833411734315412989e-02	1.262705689296126366e-01	1.238862890750169754e-01
2.500000000000000052e-04	6.851431845298296130e-02	1.251588957384228706e-01	1.231394540518522263e-01
1.250000000000000026e-04	6.634766584898851849e-02	1.248686807230114937e-01	1.225955039262771606e-01
1.250000000000000026e-04	6.479938611199584364e-02	1.247213250026106834e-01	1.228905143216252327e-01
1.250000000000000026e-04	6.751767267720608368e-02	1.261726431548595428e-01	1.236955672502517700e-01
1.250000000000000026e-04	6.805738802008991228e-02	1.242606788873672485e-01	1.216723537072539330e-01
1.250000000000000026e-04	6.538436057258255329e-02	1.250280896201729774e-01	1.221254579722881317e-01
1.250000000000000026e-04	6.563452395457256006e-02	1.248211171478033066e-01	1.229217937216162682e-01
1.250000000000000026e-04	6.631169524751132083e-02	1.245285049080848694e-01	1.229235874488949776e-01
1.250000000000000026e-04	6.586074866826020779e-02	1.245659282431006432e-01	1.226702667772769928e-01
1.250000000000000026e-04	6.543854458988467016e-02	1.246981322765350342e-01	1.229944489896297455e-01
1.250000000000000026e-04	6.674602665478669705e-02	1.247364524751901627e-01	1.231474578380584717e-01
1.250000000000000026e-04	6.662174667927282801e-02	1.252622008323669434e-01	1.227713814005255699e-01
1.250000000000000026e-04	6.569998890538758518e-02	1.240113582462072372e-01	1.225545350462198257e-01
1.250000000000000026e-04	6.444542289157456638e-02	1.234528375789523125e-01	1.222266880795359612e-01
1.250000000000000026e-04	6.385493009716650126e-02	1.237335558980703354e-01	1.221328563988208771e-01
1.250000000000000026e-04	6.606493857276590775e-02	1.249554771929979324e-01	1.236826572567224503e-01
1.250000000000000026e-04	6.405057371417179068e-02	1.245208233594894409e-01	1.226002313196659088e-01
1.250000000000000026e-04	6.421836027050320528e-02	1.252793567255139351e-01	1.239538230001926422e-01
1.250000000000000026e-04	6.449421367879155931e-02	1.242860667407512665e-01	1.223854161798954010e-01
1.250000000000000026e-04	6.452820624543141592e-02	1.249308492988348007e-01	1.234023347496986389e-01
1.250000000000000026e-04	6.570425822953634976e-02	1.254083346575498581e-01	1.237166924402117729e-01
1.250000000000000026e-04	6.556070308330692875e-02	1.241947161033749580e-01	1.222667945548892021e-01
1.250000000000000026e-04	6.500093700199187363e-02	1.262902570888400078e-01	1.239425437524914742e-01
1.250000000000000026e-04	6.484587853656539891e-02	1.250361772254109383e-01	1.238337662070989609e-01
1.250000000000000026e-04	6.601737661263611112e-02	1.266504433006048203e-01	1.247304435819387436e-01
1.250000000000000026e-04	6.260414284807216956e-02	1.240806328132748604e-01	1.228176346048712730e-01
1.250000000000000026e-04	6.458734801109833334e-02	1.236089384183287621e-01	1.217929171398282051e-01
1.250000000000000026e-04	6.460151481854764510e-02	1.247622594237327576e-01	1.232872400432825089e-01
1.250000000000000026e-04	6.530258031208303893e-02	1.248412458226084709e-01	1.227534152567386627e-01
1.250000000000000026e-04	6.330027601009682869e-02	1.244301451370120049e-01	1.228849282488226891e-01
1.250000000000000026e-04	6.386141592188726568e-02	1.253787586465477943e-01	1.235007727518677711e-01
1.250000000000000026e-04	6.314773409615588584e-02	1.241648783907294273e-01	1.224431525915861130e-01
1.250000000000000026e-04	6.346245194914974797e-02	1.252669990062713623e-01	1.232114294543862343e-01
1.250000000000000026e-04	6.312254490920260475e-02	1.251527331769466400e-01	1.240932419896125793e-01
1.250000000000000026e-04	6.252882110921642589e-02	1.249110661447048187e-01	1.237872755154967308e-01
6.250000000000000130e-05	6.387396600050261608e-02	1.257064566016197205e-01	1.236615525558590889e-01
6.250000000000000130e-05	6.337628952121432402e-02	1.241236105561256409e-01	1.224177479743957520e-01
6.250000000000000130e-05	6.143131663527669900e-02	1.236638007685542107e-01	1.217755395919084549e-01
6.250000000000000130e-05	6.228042653278459406e-02	1.245030248537659645e-01	1.226256173104047775e-01
6.250000000000000130e-05	6.293658492497250512e-02	1.259241746738553047e-01	1.242550285533070564e-01
6.250000000000000130e-05	6.442004805312881444e-02	1.241894541308283806e-01	1.217742674052715302e-01
6.250000000000000130e-05	6.403811040181148218e-02	1.264456240460276604e-01	1.244957959279417992e-01
6.250000000000000130e-05	6.440347791472568473e-02	1.253736214712262154e-01	1.234542252495884895e-01
6.250000000000000130e-05	6.268307943887348188e-02	1.252273377031087875e-01	1.237517669796943665e-01
6.250000000000000130e-05	6.354621849671195088e-02	1.247077928856015205e-01	1.225905269384384155e-01
6.250000000000000130e-05	6.242214482796343278e-02	1.256753411144018173e-01	1.232938738539814949e-01
6.250000000000000130e-05	6.241316041803058462e-02	1.244573537260293961e-01	1.213544821366667747e-01
6.250000000000000130e-05	6.192760824968543409e-02	1.256525367498397827e-01	1.236605281010270119e-01
6.250000000000000130e-05	6.146549905025506383e-02	1.245502848178148270e-01	1.232726918533444405e-01
6.250000000000000130e-05	6.367868529279020751e-02	1.247690748423337936e-01	1.226289933547377586e-01
6.250000000000000130e-05	6.146376212186450971e-02	1.243051122874021530e-01	1.226532021537423134e-01
6.250000000000000130e-05	6.359925974584833275e-02	1.250040428712964058e-01	1.228299252688884735e-01
6.250000000000000130e-05	6.308600513995447912e-02	1.247372198849916458e-01	1.233942033722996712e-01
6.250000000000000130e-05	6.167188612154767685e-02	1.258032144978642464e-01	1.238635126501321793e-01
6.250000000000000130e-05	6.241476847023903762e-02	1.253319317474961281e-01	1.225033961236476898e-01
6.250000000000000130e-05	6.525515802676164212e-02	1.256265696138143539e-01	1.238183323293924332e-01
3.125000000000000065e-05	6.100127138668978016e-02	1.248198356479406357e-01	1.224769949913024902e-01
3.125000000000000065e-05	6.172485484541216649e-02	1.249187774956226349e-01	1.224316079169511795e-01
3.125000000000000065e-05	6.129810331931596912e-02	1.244203560054302216e-01	1.226018751040101051e-01
3.125000000000000065e-05	6.143334489079970567e-02	1.253697387874126434e-01	1.233348324894905090e-01
3.125000000000000065e-05	6.280582619807388578e-02	1.258329451084136963e-01	1.234533144161105156e-01
3.125000000000000065e-05	6.107180631613429861e-02	1.257635066285729408e-01	1.230911538004875183e-01
3.125000000000000065e-05	6.057365979009037005e-02	1.256097508594393730e-01	1.229377975687384605e-01
3.125000000000000065e-05	6.250786559679839816e-02	1.253953957930207253e-01	1.224038600921630859e-01
3.125000000000000065e-05	6.229914163675489419e-02	1.253709197044372559e-01	1.230149138718843460e-01
3.125000000000000065e-05	5.964055016070981402e-02	1.248882059007883072e-01	1.230458868667483330e-01
3.125000000000000065e-05	6.211893515119069897e-02	1.251723859459161758e-01	1.224973555654287338e-01
3.125000000000000065e-05	6.039257908735094077e-02	1.246026596054434776e-01	1.228157151490449905e-01
3.125000000000000065e-05	6.003635843531995170e-02	1.244464311748743057e-01	1.229081861674785614e-01
3.125000000000000065e-05	6.134666714675818949e-02	1.249077981337904930e-01	1.221527401357889175e-01
3.125000000000000065e-05	6.202428325822081923e-02	1.244164025411009789e-01	1.225577425211668015e-01
3.125000000000000065e-05	6.150483674829518993e-02	1.253402447327971458e-01	1.231052875518798828e-01
3.125000000000000065e-05	6.190072306537929697e-02	1.249963566660881042e-01	1.234846422448754311e-01
3.125000000000000065e-05	6.198003987156892186e-02	1.238884087651968002e-01	1.228387700393795967e-01
3.125000000000000065e-05	6.013995286407349677e-02	1.252379631623625755e-01	1.227106424048542976e-01
3.125000000000000065e-05	6.174133751022664596e-02	1.246104333549737930e-01	1.218181280419230461e-01
3.125000000000000065e-05	6.132971584985527636e-02	1.260301917791366577e-01	1.240217350423336029e-01
1.562500000000000033e-05	6.013403323632252051e-02	1.243438282981514931e-01	1.223318437114357948e-01
1.562500000000000033e-05	6.184477920207796103e-02	1.248364271596074104e-01	1.229196516796946526e-01
1.562500000000000033e-05	6.096979598455791460e-02	1.254500392824411392e-01	1.232238477095961571e-01
1.562500000000000033e-05	6.253266603320459249e-02	1.253452496603131294e-01	1.228108135983347893e-01
1.562500000000000033e-05	6.273015305588516832e-02	1.249267105013132095e-01	1.234202589839696884e-01
1.562500000000000033e-05	6.098990967567963217e-02	1.259268810972571373e-01	1.223762193694710732e-01
1.562500000000000033e-05	6.147115913373005225e-02	1.249744808301329613e-01	1.228364128619432449e-01
1.562500000000000033e-05	6.246714605183541213e-02	1.257691029459238052e-01	1.237408416345715523e-01
1.562500000000000033e-05	6.066662304197685540e-02	1.239382028579711914e-01	1.229057358577847481e-01
1.562500000000000033e-05	6.070190229559246226e-02	1.248992513865232468e-01	1.230348348617553711e-01
1.562500000000000033e-05	6.103074692095382392e-02	1.255816733464598656e-01	1.231605224311351776e-01
1.562500000000000033e-05	5.933142321396477764e-02	1.240931702777743340e-01	1.229767976328730583e-01
1.562500000000000033e-05	6.168553619822369355e-02	1.239632647484540939e-01	1.227458287030458450e-01
1.562500000000000033e-05	6.219225235377685845e-02	1.269556637853384018e-01	1.246464913710951805e-01
1.562500000000000033e-05	6.139350866403760904e-02	1.244041882455348969e-01	1.228210013359785080e-01
1.562500000000000033e-05	6.083395082173468499e-02	1.264084344729781151e-01	1.246420470997691154e-01
1.562500000000000033e-05	6.186345115869860273e-02	1.254936056211590767e-01	1.238201623782515526e-01
1.562500000000000033e-05	6.058166388280784159e-02	1.265338836237788200e-01	1.241007121279835701e-01
1.562500000000000033e-05	6.146887312584285723e-02	1.246187146753072739e-01	1.225197790190577507e-01
1.562500000000000033e-05	5.939596372691891002e-02	1.248774714767932892e-01	1.222106916829943657e-01
1.562500000000000033e-05	6.207841752639299548e-02	1.253494154661893845e-01	1.222765482962131500e-01
7.812500000000000163e-06	6.246065876529186683e-02	1.256342027336359024e-01	1.228142855688929558e-01
7.812500000000000163e-06	6.295922940856293892e-02	1.242756675928831100e-01	1.222967877984046936e-01
7.812500000000000163e-06	6.083440813648549605e-02	1.260208617895841599e-01	1.240857904776930809e-01
7.812500000000000163e-06	5.956433326760424835e-02	1.257303664460778236e-01	1.239407015964388847e-01
7.812500000000000163e-06	6.017105932099909432e-02	1.254191063344478607e-01	1.233659079298377037e-01
7.812500000000000163e-06	5.974266032063508397e-02	1.250716187059879303e-01	1.230370374396443367e-01
7.812500000000000163e-06	6.099032195685785002e-02	1.246935762465000153e-01	1.225092615932226181e-01
7.812500000000000163e-06	6.083766951025286474e-02	1.257976442575454712e-01	1.229228358715772629e-01
7.812500000000000163e-06	6.195752897971792961e-02	1.262341020628809929e-01	1.233725594356656075e-01
7.812500000000000163e-06	6.084729547176179892e-02	1.247945604845881462e-01	1.219511041417717934e-01
7.812500000000000163e-06	6.101509787236587823e-02	1.250761365517973900e-01	1.233005449175834656e-01
7.812500000000000163e-06	6.034125246201889337e-02	1.248607775196433067e-01	1.225968571379780769e-01
7.812500000000000163e-06	6.127528176654743058e-02	1.259440528228878975e-01	1.234561176970601082e-01
7.812500000000000163e-06	6.057794010148772473e-02	1.250114589929580688e-01	1.230829907581210136e-01
7.812500000000000163e-06	6.039708202021031730e-02	1.243631858378648758e-01	1.226185467094182968e-01
7.812500000000000163e-06	6.017848179687427385e-02	1.266466611996293068e-01	1.244336050003767014e-01
7.812500000000000163e-06	6.090870527904244935e-02	1.254720883443951607e-01	1.233784621581435204e-01
7.812500000000000163e-06	6.067855344920218552e-02	1.248921835795044899e-01	1.229402683675289154e-01
7.812500000000000163e-06	6.063906060932557768e-02	1.253276830539107323e-01	1.235540024936199188e-01
7.812500000000000163e-06	5.952752112776418109e-02	1.254789121448993683e-01	1.230874126777052879e-01
7.812500000000000163e-06	6.083056971996645551e-02	1.252269679680466652e-01	1.226918445900082588e-01
3.906250000000000081e-06	6.020649961089786367e-02	1.246079681441187859e-01	1.215887544676661491e-01
3.906250000000000081e-06	5.954155891756467839e-02	1.249352702870965004e-01	1.227780859917402267e-01
3.906250000000000081e-06	6.132761554061612330e-02	1.247511487454175949e-01	1.224938603118062019e-01
3.906250000000000081e-06	6.024183116004436928e-02	1.258964389562606812e-01	1.231627454981207848e-01
3.906250000000000081e-06	6.111462390686892010e-02	1.250859238207340240e-01	1.223227828741073608e-01
3.906250000000000081e-06	6.036783754825592041e-02	1.252056555822491646e-01	1.226423438638448715e-01
3.906250000000000081e-06	6.015986227725125812e-02	1.260063601657748222e-01	1.237141946330666542e-01
3.906250000000000081e-06	6.034688741157326342e-02	1.262248046696186066e-01	1.238429192453622818e-01
3.906250000000000081e-06	6.127560289600227778e-02	1.247569685801863670e-01	1.230542352423071861e-01
3.906250000000000081e-06	5.882606594057022964e-02	1.253393245860934258e-01	1.222824975848197937e-01
3.906250000000000081e-06	6.003518430869790590e-02	1.261162972077727318e-01	1.237034685909748077e-01
3.906250000000000081e-06	6.136313684378998101e-02	1.256294231861829758e-01	1.244369540363550186e-01
3.906250000000000081e-06	6.137848885942109173e-02	1.280443416908383369e-01	1.256128167733550072e-01
3.906250000000000081e-06	6.041793289441096948e-02	1.259659184142947197e-01	1.228558672592043877e-01
3.906250000000000081e-06	6.113192467372628724e-02	1.270826896652579308e-01	1.244572624564170837e-01
3.906250000000000081e-06	6.092158257018161910e-02	1.248224265873432159e-01	1.220960197970271111e-01
3.906250000000000081e-06	6.100401348328288870e-02	1.275438405573368073e-01	1.250448534265160561e-01
3.906250000000000081e-06	5.944617285947256108e-02	1.250697560608386993e-01	1.224482990801334381e-01
3.906250000000000081e-06	6.058620265390299298e-02	1.247241655364632607e-01	1.222232738509774208e-01
3.906250000000000081e-06	6.079537713829474832e-02	1.246465584263205528e-01	1.227052714675664902e-01
3.906250000000000081e-06	6.072815243579164635e-02	1.245486550033092499e-01	1.226520463824272156e-01
1.953125000000000041e-06	6.107316944229451705e-02	1.257013920694589615e-01	1.234809281304478645e-01
1.953125000000000041e-06	6.090107050877582862e-02	1.253075702115893364e-01	1.232953649014234543e-01
1.953125000000000041e-06	5.950656344618978494e-02	1.247100587934255600e-01	1.233961349353194237e-01
1.953125000000000041e-06	6.156284164024304617e-02	1.266350541263818741e-01	1.236450569704174995e-01
1.953125000000000041e-06	6.016712230217607926e-02	1.256550149992108345e-01	1.233449606224894524e-01
1.953125000000000041e-06	6.100674355520478015e-02	1.271673161536455154e-01	1.253593303263187408e-01
1.953125000000000041e-06	6.028947111549256416e-02	1.263061221688985825e-01	1.239666333422064781e-01
1.953125000000000041e-06	6.052707682681988943e-02	1.260928614065051079e-01	1.233807019889354706e-01
1.953125000000000041e-06	6.120158581039573248e-02	1.260163728147745132e-01	1.233938019722700119e-01
1.953125000000000041e-06	5.989932806431493006e-02	1.245136391371488571e-01	1.220533587038516998e-01
1.953125000000000041e-06	6.036359321656106086e-02	1.260063573718070984e-01	1.234519425779581070e-01
1.953125000000000041e-06	5.978388004476511280e-02	1.253604227676987648e-01	1.236182628199458122e-01
1.953125000000000041e-06	6.163042590399332027e-02	1.270223818719387054e-01	1.245271014049649239e-01
1.953125000000000041e-06	5.999450248819362952e-02	1.252408549189567566e-01	1.229097899049520493e-01
1.953125000000000041e-06	6.054067710721040135e-02	1.256511025130748749e-01	1.235024761408567429e-01
1.953125000000000041e-06	5.999244235550300897e-02	1.245978688821196556e-01	1.226562000811100006e-01
1.953125000000000041e-06	6.023134800452220605e-02	1.244882941246032715e-01	1.226913928985595703e-01
1.953125000000000041e-06	6.100646557309959833e-02	1.250311182811856270e-01	1.224244916811585426e-01
1.953125000000000041e-06	6.005510249281231089e-02	1.256219195201992989e-01	1.233124369755387306e-01
1.953125000000000041e-06	6.045456141044822096e-02	1.259868638589978218e-01	1.236294880509376526e-01
1.953125000000000041e-06	6.009674524959129904e-02	1.254661437124013901e-01	1.232771202921867371e-01
9.765625000000000203e-07	5.923904403101040023e-02	1.251034112647175789e-01	1.229051807895302773e-01
9.765625000000000203e-07	5.923345095560520607e-02	1.261567724868655205e-01	1.239516083151102066e-01
9.765625000000000203e-07	6.204170059365562290e-02	1.270570699125528336e-01	1.244041109457612038e-01
9.765625000000000203e-07	6.031804602546027988e-02	1.257458031177520752e-01	1.235947469249367714e-01
9.765625000000000203e-07	6.058261010654365092e-02	1.255546379834413528e-01	1.230742475017905235e-01
9.765625000000000203e-07	5.904211037898365183e-02	1.260734293609857559e-01	1.233476670458912849e-01
9.765625000000000203e-07	6.003811941305293304e-02	1.251773172989487648e-01	1.229086359962821007e-01
9.765625000000000203e-07	5.941727446227133835e-02	1.255487510934472084e-01	1.230729557573795319e-01
9.765625000000000203e-07	6.036816315749023859e-02	1.251831324771046638e-01	1.228099325671792030e-01
9.765625000000000203e-07	6.155852737683284448e-02	1.243827072903513908e-01	1.224026512354612350e-01
9.765625000000000203e-07	5.898623347659654598e-02	1.259716963395476341e-01	1.236027609556913376e-01
9.765625000000000203e-07	6.114170874787282217e-02	1.242274893447756767e-01	1.223571859300136566e-01
9.765625000000000203e-07	6.047236009300509252e-02	1.242099124938249588e-01	1.223096130415797234e-01
9.765625000000000203e-07	6.024223910290983641e-02	1.246157037094235420e-01	1.227148883044719696e-01
9.765625000000000203e-07	6.231391792999037976e-02	1.240458283573389053e-01	1.219685468822717667e-01
9.765625000000000203e-07	6.130072531066363406e-02	1.259071342647075653e-01	1.232188660651445389e-01
9.765625000000000203e-07	5.843791384485703261e-02	1.246475735679268837e-01	1.233941735699772835e-01
9.765625000000000203e-07	5.956494732748104232e-02	1.252587912604212761e-01	1.233898000791668892e-01
9.765625000000000203e-07	6.101521995814540578e-02	1.256006173789501190e-01	1.233030678704380989e-01
9.765625000000000203e-07	6.031269471667989601e-02	1.260234313085675240e-01	1.241893256083130836e-01
9.765625000000000203e-07	6.079565545048894876e-02	1.246895641088485718e-01	1.218852773308753967e-01
4.882812500000000102e-07	5.916790508582622093e-02	1.250655194744467735e-01	1.235023578628897667e-01
4.882812500000000102e-07	6.108001926088634653e-02	1.245437907055020332e-01	1.225625500082969666e-01
4.882812500000000102e-07	6.013069919581654627e-02	1.248577991500496864e-01	1.235488280653953552e-01
4.882812500000000102e-07	6.166510335818121968e-02	1.268556034192442894e-01	1.245618071407079697e-01
4.882812500000000102e-07	5.985221766595599097e-02	1.253047920763492584e-01	1.227742601186037064e-01
4.882812500000000102e-07	5.905705959170679670e-02	1.249230010434985161e-01	1.229362897574901581e-01
4.882812500000000102e-07	6.005798002021222465e-02	1.250556260347366333e-01	1.231580385938286781e-01
4.882812500000000102e-07	6.115268500922601408e-02	1.252090362831950188e-01	1.234243409708142281e-01
4.882812500000000102e-07	5.929031737054450690e-02	1.247797096148133278e-01	1.227653305977582932e-01
4.882812500000000102e-07	5.905086773483059215e-02	1.251657651737332344e-01	1.229012291878461838e-01
4.882812500000000102e-07	6.081443544052823891e-02	1.246212534606456757e-01	1.225299853831529617e-01
4.882812500000000102e-07	6.099895548216904134e-02	1.251511331647634506e-01	1.225087102502584457e-01
4.882812500000000102e-07	6.083208784649643541e-02	1.246469840407371521e-01	1.221851678565144539e-01
4.882812500000000102e-07	6.218370370849778117e-02	1.246826928108930588e-01	1.226969547569751740e-01
4.882812500000000102e-07	5.836160089584845750e-02	1.244262475520372391e-01	1.224283054471015930e-01
4.882812500000000102e-07	5.988895940252497024e-02	1.245479285717010498e-01	1.224735034629702568e-01
4.882812500000000102e-07	6.103355036694792235e-02	1.263742977753281593e-01	1.243013655766844749e-01
4.882812500000000102e-07	6.078062777089167368e-02	1.249349918216466904e-01	1.226441254839301109e-01
4.882812500000000102e-07	6.119220750995828934e-02	1.249172985553741455e-01	1.226183073595166206e-01
4.882812500000000102e-07	6.104013630295101328e-02	1.254995623603463173e-01	1.226746244356036186e-01
4.882812500000000102e-07	6.007363119080096764e-02	1.240468723699450493e-01	1.228832015767693520e-01
2.441406250000000051e-07	6.022810968983022262e-02	1.254756301641464233e-01	1.233441615477204323e-01
2.441406250000000051e-07	6.132481134013284541e-02	1.256207488477230072e-01	1.228889347985386848e-01
2.441406250000000051e-07	6.043717887582657905e-02	1.259771194308996201e-01	1.243190336972475052e-01
2.441406250000000051e-07	6.005247224923930538e-02	1.255834754556417465e-01	1.236684704199433327e-01
2.441406250000000051e-07	6.020148466282253252e-02	1.253627939149737358e-01	1.233886135742068291e-01
2.441406250000000051e-07	5.933992060113556927e-02	1.254170890897512436e-01	1.234839810058474541e-01
2.441406250000000051e-07	6.045320153802256208e-02	1.255340604111552238e-01	1.229638531804084778e-01
2.441406250000000051e-07	6.102545380215101262e-02	1.251943111419677734e-01	1.227509211748838425e-01
2.441406250000000051e-07	5.870494519985174769e-02	1.250145770609378815e-01	1.231334395706653595e-01
2.441406250000000051e-07	6.181085505817510151e-02	1.248353263363242149e-01	1.221291860565543175e-01
2.441406250000000051e-07	5.980667948156972308e-02	1.268548080697655678e-01	1.247558640316128731e-01
2.441406250000000051e-07	6.116969426032863033e-02	1.259428095072507858e-01	1.231320882216095924e-01
2.441406250000000051e-07	6.027724664611152500e-02	1.257421961054205894e-01	1.227597128599882126e-01
2.441406250000000051e-07	5.961156735503220921e-02	1.258569611236453056e-01	1.241607144474983215e-01
2.441406250000000051e-07	6.047041280360161697e-02	1.253216238692402840e-01	1.235844641923904419e-01
2.441406250000000051e-07	6.041440820392174338e-02	1.251044692471623421e-01	1.238960670307278633e-01
2.441406250000000051e-07	6.135204203332526862e-02	1.253084111958742142e-01	1.230164384469389915e-01
2.441406250000000051e-07	5.943218241386775957e-02	1.248276391997933388e-01	1.228815605863928795e-01
2.441406250000000051e-07	5.920004641896561837e-02	1.255865786224603653e-01	1.236972641199827194e-01
2.441406250000000051e-07	6.148454462048373592e-02	1.274180579930543900e-01	1.250936063006520271e-01
2.441406250000000051e-07	5.836548604354073466e-02	1.245118025690317154e-01	1.216727318242192268e-01
1.220703125000000025e-07	5.970120250801496525e-02	1.255704648792743683e-01	1.229621944949030876e-01
1.220703125000000025e-07	5.929439071613022000e-02	1.260652989149093628e-01	1.233564168214797974e-01
1.220703125000000025e-07	6.069073123456556612e-02	1.251414315775036812e-01	1.232211831957101822e-01
1.220703125000000025e-07	6.277641701170161292e-02	1.241334006190299988e-01	1.222338704392313957e-01
1.220703125000000025e-07	6.067289694955077528e-02	1.253142366185784340e-01	1.231910381466150284e-01
1.220703125000000025e-07	6.080034007377262129e-02	1.265504779294133186e-01	1.234230687841773033e-01
1.220703125000000025e-07	6.148668694533879209e-02	1.256271246820688248e-01	1.236689956858754158e-01
1.220703125000000025e-07	6.020644689096680408e-02	1.254188995808362961e-01	1.229334464296698570e-01
1.220703125000000025e-07	6.049993247548236114e-02	1.248677913099527359e-01	1.225720653310418129e-01
1.220703125000000025e-07	6.029194654731810654e-02	1.261083427816629410e-01	1.242206664755940437e-01
1.220703125000000025e-07	6.019286575573909448e-02	1.254400536417961121e-01	1.239282460883259773e-01
1.220703125000000025e-07	6.254799564993834826e-02	1.255467636510729790e-01	1.236800849437713623e-01
1.220703125000000025e-07	5.915235430945323808e-02	1.254321346059441566e-01	1.231831181794404984e-01
1.220703125000000025e-07	6.035364985088758488e-02	1.261344989761710167e-01	1.243302980437874794e-01
1.220703125000000025e-07	6.050025629280488676e-02	1.256626714020967484e-01	1.233243253082036972e-01
1.220703125000000025e-07	6.071326028131231178e-02	1.248390525579452515e-01	1.226381221786141396e-01
1.220703125000000025e-07	5.945324784592737055e-02	1.244918582960963249e-01	1.231983397156000137e-01
1.220703125000000025e-07	6.021789654712133427e-02	1.261332901194691658e-01	1.235937196761369705e-01
1.220703125000000025e-07	6.110422322644463305e-02	1.240779608488082886e-01	1.221853578463196754e-01
1.220703125000000025e-07	6.236454174865650041e-02	1.254352079704403877e-01	1.233487222343683243e-01
1.220703125000000025e-07	5.907577210212055369e-02	1.252834806218743324e-01	1.221956936642527580e-01
6.103515625000000127e-08	5.995185545916798669e-02	1.256340360268950462e-01	1.232966585084795952e-01
6.103515625000000127e-08	6.011177500403380031e-02	1.250268239527940750e-01	1.225919658318161964e-01
6.103515625000000127e-08	6.061121458305588489e-02	1.263047326356172562e-01	1.236265720799565315e-01
6.103515625000000127e-08	6.130543907609167092e-02	1.255656164139509201e-01	1.237010611221194267e-01
6.103515625000000127e-08	6.032872063261043860e-02	1.251202858984470367e-01	1.221550377085804939e-01
6.103515625000000127e-08	6.015944608216044348e-02	1.249464089050889015e-01	1.226245807483792305e-01
6.103515625000000127e-08	6.201187530650368457e-02	1.258090343326330185e-01	1.236723661422729492e-01
6.103515625000000127e-08	5.954139363727992129e-02	1.250625476241111755e-01	1.223468305543065071e-01
6.103515625000000127e-08	5.917076856086525560e-02	1.253538588061928749e-01	1.233540568500757217e-01
6.103515625000000127e-08	6.036670114609259813e-02	1.256199814379215240e-01	1.233752267435193062e-01
6.103515625000000127e-08	6.291744763715358124e-02	1.250542048364877701e-01	1.234266897663474083e-01
6.103515625000000127e-08	6.045289125434959859e-02	1.245811693370342255e-01	1.225501075387001038e-01
6.103515625000000127e-08	6.119427179233937614e-02	1.245210859924554825e-01	1.225570999085903168e-01
6.103515625000000127e-08	6.019560832388793498e-02	1.256225109100341797e-01	1.233406830579042435e-01
6.103515625000000127e-08	6.040634398784818643e-02	1.253979662433266640e-01	1.232817908748984337e-01
6.103515625000000127e-08	6.021550948484034188e-02	1.248644841834902763e-01	1.224511219188570976e-01
6.103515625000000127e-08	6.006401800845243000e-02	1.249227467924356461e-01	1.229029214009642601e-01
6.103515625000000127e-08	6.050610047163842292e-02	1.256895046681165695e-01	1.224381411448121071e-01
6.103515625000000127e-08	6.070420999504343162e-02	1.260971426963806152e-01	1.234024781733751297e-01
6.103515625000000127e-08	5.942012322477147751e-02	1.253516227006912231e-01	1.232675341889262199e-01
6.103515625000000127e-08	6.044903812529165560e-02	1.249726824462413788e-01	1.226624716073274612e-01
3.051757812500000064e-08	6.033065787787678796e-02	1.247302722185850143e-01	1.226014867424964905e-01
3.051757812500000064e-08	6.076149269938468933e-02	1.260324614122509956e-01	1.240947088226675987e-01
3.051757812500000064e-08	6.082334741950035095e-02	1.252433992922306061e-01	1.235491912811994553e-01
3.051757812500000064e-08	6.044152294155917537e-02	1.244472218677401543e-01	1.228244854137301445e-01
3.051757812500000064e-08	5.875781871661354960e-02	1.250314405187964439e-01	1.226680688560009003e-01
3.051757812500000064e-08	5.989023802589766438e-02	1.246357290074229240e-01	1.225781291723251343e-01
3.051757812500000064e-08	6.078225510972964929e-02	1.245145462453365326e-01	1.221186341717839241e-01
3.051757812500000064e-08	6.042812962698031198e-02	1.248268978670239449e-01	1.225078934803605080e-01
3.051757812500000064e-08	5.934755296646794520e-02	1.251463079825043678e-01	1.229974040761590004e-01
3.051757812500000064e-08	6.009647085130968847e-02	1.249041575938463211e-01	1.231186091899871826e-01
3.051757812500000064e-08	5.933348410114457072e-02	1.256204480305314064e-01	1.241789171472191811e-01
3.051757812500000064e-08	6.175480485905574662e-02	1.266103917732834816e-01	1.240386832505464554e-01
3.051757812500000064e-08	5.997109229240236289e-02	1.252243407070636749e-01	1.224377993494272232e-01
3.051757812500000064e-08	6.100595813197425693e-02	1.260749669745564461e-01	1.234767762944102287e-01
3.051757812500000064e-08	6.202216073870658875e-02	1.246130857616662979e-01	1.224407311528921127e-01
3.051757812500000064e-08	6.006737977643556575e-02	1.241685505956411362e-01	1.227000160142779350e-01
3.051757812500000064e-08	5.962659239391737004e-02	1.260885884985327721e-01	1.231662854552268982e-01
3.051757812500000064e-08	6.054442819160751194e-02	1.246205745264887810e-01	1.231492254883050919e-01
3.051757812500000064e-08	6.080419838994364362e-02	1.252785818651318550e-01	1.230469746515154839e-01
3.051757812500000064e-08	5.990221143900593959e-02	1.254170006141066551e-01	1.231303876265883446e-01
3.051757812500000064e-08	6.145542926048930960e-02	1.257338793948292732e-01	1.237303344532847404e-01
1.525878906250000032e-08	6.043871685485296269e-02	1.243934342637658119e-01	1.221870658919215202e-01
1.525878906250000032e-08	6.086954257533520180e-02	1.249001892283558846e-01	1.231481693685054779e-01
1.525878906250000032e-08	6.018757655084887304e-02	1.255173021927475929e-01	1.230886410921812057e-01
1.525878906250000032e-08	6.063952914710286218e-02	1.244451310485601425e-01	1.221673469990491867e-01
1.525878906250000032e-08	6.092642228814620226e-02	1.258861208334565163e-01	1.228921692818403244e-01
1.525878906250000032e-08	5.965721654363825149e-02	1.240930054336786270e-01	1.225283257663249969e-01
1.525878906250000032e-08	5.998353829866723275e-02	1.246271179988980293e-01	1.221872353926301003e-01
1.525878906250000032e-08	6.076366166713871586e-02	1.263327216729521751e-01	1.241386579349637032e-01
1.525878906250000032e-08	5.988167561119115551e-02	1.250709760934114456e-01	1.223790356889367104e-01
1.525878906250000032e-08	5.879079394891292137e-02	1.254271594807505608e-01	1.224420256912708282e-01
1.525878906250000032e-08	6.237147607003586114e-02	1.282884916290640831e-01	1.262130253016948700e-01
1.525878906250000032e-08	5.943085507878774487e-02	1.246280958876013756e-01	1.224542669951915741e-01
1.525878906250000032e-08	6.107124318427677168e-02	1.250592358410358429e-01	1.228704517707228661e-01
1.525878906250000032e-08	5.994153536761863410e-02	1.249104589223861694e-01	1.233204714953899384e-01
1.525878906250000032e-08	6.028004410334780044e-02	1.252662735059857368e-01	1.235126713290810585e-01
1.525878906250000032e-08	5.935650880012331015e-02	1.246077604591846466e-01	1.221681796014308929e-01
1.525878906250000032e-08	6.234728445923781032e-02	1.272513121366500854e-01	1.244810512289404869e-01
1.525878906250000032e-08	6.108537453073489831e-02	1.251258477568626404e-01	1.228726049885153770e-01
1.525878906250000032e-08	5.932057582879367991e-02	1.248540207743644714e-01	1.224332172423601151e-01
1.525878906250000032e-08	5.917631985643242304e-02	1.245840191841125488e-01	1.223743613809347153e-01
1.525878906250000032e-08	6.101894392808781403e-02	1.260882616043090820e-01	1.232455559074878693e-01
1.525878906250000032e-08	6.205070348857324308e-02	1.263315780088305473e-01	1.243314417079091072e-01
1.525878906250000032e-08	5.962653443971766692e-02	1.249118549749255180e-01	1.224945718422532082e-01
1.525878906250000032e-08	6.203767746875557543e-02	1.261688387021422386e-01	1.243802998214960098e-01
1.525878906250000032e-08	6.162783847768095458e-02	1.251792423427104950e-01	1.224598400294780731e-01
1.525878906250000032e-08	5.990924327811108369e-02	1.254381276667118073e-01	1.233596308156847954e-01
1.525878906250000032e-08	6.027749383562727714e-02	1.244784640148282051e-01	1.218803254887461662e-01
1.525878906250000032e-08	6.228463384735433150e-02	1.260233903303742409e-01	1.226603696122765541e-01
1.525878906250000032e-08	6.069352694704562706e-02	1.256709350273013115e-01	1.230822885408997536e-01
1.525878906250000032e-08	6.200767954504942531e-02	1.256526093930006027e-01	1.227687532082200050e-01
1.525878906250000032e-08	6.118717091747476883e-02	1.248119659721851349e-01	1.227175965905189514e-01
1.525878906250000032e-08	5.956427088078064536e-02	1.239184588193893433e-01	1.220103455707430840e-01
1.525878906250000032e-08	6.184837703086153160e-02	1.251535760238766670e-01	1.232605101540684700e-01
1.525878906250000032e-08	6.270253243325632497e-02	1.268329219892621040e-01	1.246563177555799484e-01
1.525878906250000032e-08	6.224151846917369557e-02	1.247360389679670334e-01	1.227433169260621071e-01
1.525878906250000032e-08	6.166016154840022606e-02	1.268408363685011864e-01	1.244540177285671234e-01
1.525878906250000032e-08	5.986100119314616275e-02	1.265085395425558090e-01	1.242736931890249252e-01
1.525878906250000032e-08	6.095099081344242109e-02	1.247313488274812698e-01	1.229294268414378166e-01
1.525878906250000032e-08	6.045536513004121787e-02	1.258469996973872185e-01	1.233508130535483360e-01
1.525878906250000032e-08	6.217368682728537793e-02	1.251646382734179497e-01	1.228241696953773499e-01
1.525878906250000032e-08	6.172301294871523208e-02	1.245505213737487793e-01	1.224919240921735764e-01
1.525878906250000032e-08	6.130431488722185712e-02	1.256115138530731201e-01	1.227275216951966286e-01
