2.000000000000000042e-03	3.896575524837155857e-01	4.032927043735980988e-01	3.945056758821010590e-01
2.000000000000000042e-03	2.850335949583898687e-01	2.995290532708168030e-01	2.911103889346122742e-01
2.000000000000000042e-03	2.500137284963945827e-01	2.460507359355688095e-01	2.491282597184181213e-01
2.000000000000000042e-03	2.404140999800042366e-01	2.765813842415809631e-01	2.759744301438331604e-01
2.000000000000000042e-03	2.265000784698920910e-01	2.068993579596281052e-01	2.065619267523288727e-01
2.000000000000000042e-03	2.159500461590440901e-01	2.019523940980434418e-01	2.050087992101907730e-01
2.000000000000000042e-03	2.135456066720093360e-01	2.019886299967765808e-01	2.039333097636699677e-01
2.000000000000000042e-03	2.140475317269940891e-01	2.033326979726552963e-01	2.028770353645086288e-01
2.000000000000000042e-03	2.021213966079905000e-01	1.857897732406854630e-01	1.842022836208343506e-01
2.000000000000000042e-03	1.979994004285788312e-01	1.961472947150468826e-01	1.962630879133939743e-01
2.000000000000000042e-03	1.951444937458521323e-01	1.801615655422210693e-01	1.796677168458700180e-01
2.000000000000000042e-03	1.893071187070653472e-01	1.908955015242099762e-01	1.879067383706569672e-01
2.000000000000000042e-03	1.865482196400437276e-01	1.906566210091114044e-01	1.893916688859462738e-01
2.000000000000000042e-03	1.863366861509371530e-01	1.788016371428966522e-01	1.783833131194114685e-01
2.000000000000000042e-03	1.856654703239851434e-01	1.800078991800546646e-01	1.787468008697032928e-01
2.000000000000000042e-03	1.748686149904999654e-01	1.900027040392160416e-01	1.915304940193891525e-01
2.000000000000000042e-03	1.801947017636480186e-01	1.691896095871925354e-01	1.676768213510513306e-01
2.000000000000000042e-03	1.697520149659506872e-01	1.965520065277814865e-01	1.910209413617849350e-01
2.000000000000000042e-03	1.771172718911231403e-01	1.864095330238342285e-01	1.852840501815080643e-01
2.000000000000000042e-03	1.756249586992625900e-01	1.712704077363014221e-01	1.730070002377033234e-01
2.000000000000000042e-03	1.671710661317728774e-01	1.712158843874931335e-01	1.720659229904413223e-01
2.000000000000000042e-03	1.663085058142867168e-01	1.766747124493122101e-01	1.771494820713996887e-01
2.000000000000000042e-03	1.624048895473721721e-01	1.588531751185655594e-01	1.580054964870214462e-01
2.000000000000000042e-03	1.669464318812647896e-01	1.903842370957136154e-01	1.878598667681217194e-01
2.000000000000000042e-03	1.604151999271368756e-01	1.987794041633605957e-01	1.977524887770414352e-01
2.000000000000000042e-03	1.634539080948769207e-01	1.596662681549787521e-01	1.580334622412919998e-01
2.000000000000000042e-03	1.620696366210526984e-01	1.535712331533432007e-01	1.540767233818769455e-01
2.000000000000000042e-03	1.567473319135134768e-01	1.548693906515836716e-01	1.557486243546009064e-01
2.000000000000000042e-03	1.601537937604928241e-01	1.828330252319574356e-01	1.820246335119009018e-01
2.000000000000000042e-03	1.534976280188258824e-01	1.585283018648624420e-01	1.573512069880962372e-01
2.000000000000000042e-03	1.533415470319458296e-01	1.604668218642473221e-01	1.585742905735969543e-01
2.000000000000000042e-03	1.558935717691349032e-01	1.637629680335521698e-01	1.624876148998737335e-01
2.000000000000000042e-03	1.489218766742114730e-01	1.616927143186330795e-01	1.620530411601066589e-01
2.000000000000000042e-03	1.509255387737781229e-01	1.917460132390260696e-01	1.870773863047361374e-01
2.000000000000000042e-03	1.526330886762353456e-01	1.657177079468965530e-01	1.673446334898471832e-01
2.000000000000000042e-03	1.496095151840886039e-01	1.709554605185985565e-01	1.699659712612628937e-01
2.000000000000000042e-03	1.466369260149666121e-01	1.506410129368305206e-01	1.491867210716009140e-01
2.000000000000000042e-03	1.459889029023013485e-01	1.734462287276983261e-01	1.727520897984504700e-01
2.000000000000000042e-03	1.500345813699915376e-01	1.617460362613201141e-01	1.582132149487733841e-01
2.000000000000000042e-03	1.510587779781486506e-01	1.556771136820316315e-01	1.594046261161565781e-01
2.000000000000000042e-03	1.477798359303534870e-01	1.480362676084041595e-01	1.475191153585910797e-01
2.000000000000000042e-03	1.446485754243935218e-01	1.602291297167539597e-01	1.608336549252271652e-01
2.000000000000000042e-03	1.433648265238049724e-01	1.515586189925670624e-01	1.510837152600288391e-01
2.000000000000000042e-03	1.447747361056412330e-01	1.570769287645816803e-01	1.551246792078018188e-01
2.000000000000000042e-03	1.457416152086438987e-01	1.452223360538482666e-01	1.443901481106877327e-01
2.000000000000000042e-03	1.401295051733149888e-01	1.571169961243867874e-01	1.558769103139638901e-01
2.000000000000000042e-03	1.404624321981321478e-01	1.503627598285675049e-01	1.471877917647361755e-01
2.000000000000000042e-03	1.365413903435574172e-01	1.461263373494148254e-01	1.452194936573505402e-01
2.000000000000000042e-03	1.366118830216081770e-01	1.478399224579334259e-01	1.440716236829757690e-01
2.000000000000000042e-03	1.376974423286281002e-01	1.451439838856458664e-01	1.437258739024400711e-01
2.000000000000000042e-03	1.393879302128960829e-01	1.470930315554141998e-01	1.441347263753414154e-01
2.000000000000000042e-03	1.361834835025328705e-01	1.467037014663219452e-01	1.460287962108850479e-01
2.000000000000000042e-03	1.356274057415467194e-01	1.580126378685235977e-01	1.588945910334587097e-01
2.000000000000000042e-03	1.451140615759016483e-01	1.417404040694236755e-01	1.387186404317617416e-01
2.000000000000000042e-03	1.323531635954410257e-01	1.668375525623559952e-01	1.627851109951734543e-01
2.000000000000000042e-03	1.383403347262853189e-01	1.477622352540493011e-01	1.451817285269498825e-01
2.000000000000000042e-03	1.344383834283563173e-01	1.567608565092086792e-01	1.563931982964277267e-01
2.000000000000000042e-03	1.305085059396828284e-01	1.515912525355815887e-01	1.490607317537069321e-01
2.000000000000000042e-03	1.324663165060779579e-01	1.514940839260816574e-01	1.494448836892843246e-01
2.000000000000000042e-03	1.298781526805479203e-01	1.419510208070278168e-01	1.398935243487358093e-01
2.000000000000000042e-03	1.258634992792636575e-01	1.410674229264259338e-01	1.419921014457941055e-01
2.000000000000000042e-03	1.321255900437318942e-01	1.477298215031623840e-01	1.463832035660743713e-01
2.000000000000000042e-03	1.271622531776186726e-01	1.410639351233839989e-01	1.412154082208871841e-01
2.000000000000000042e-03	1.302188140682027373e-01	1.544236466288566589e-01	1.546935345977544785e-01
2.000000000000000042e-03	1.377147714359850950e-01	1.450004465878009796e-01	1.444932185113430023e-01
2.000000000000000042e-03	1.248098595798770027e-01	1.462974678725004196e-01	1.436200719326734543e-01
2.000000000000000042e-03	1.267224629468555741e-01	1.459483448415994644e-01	1.454388294368982315e-01
2.000000000000000042e-03	1.303940811489201768e-01	1.443637832999229431e-01	1.415033210068941116e-01
2.000000000000000042e-03	1.313883651849589718e-01	1.462232954800128937e-01	1.476416252553462982e-01
2.000000000000000042e-03	1.228008826699437950e-01	1.366139464080333710e-01	1.354047525674104691e-01
2.000000000000000042e-03	1.233838261871398195e-01	1.399822309613227844e-01	1.374293407425284386e-01
2.000000000000000042e-03	1.230319671427147349e-01	1.392964776605367661e-01	1.382762957364320755e-01
2.000000000000000042e-03	1.228566745979876446e-01	1.525887232273817062e-01	1.518713384866714478e-01
2.000000000000000042e-03	1.253491786273220054e-01	1.479835733771324158e-01	1.502425819635391235e-01
2.000000000000000042e-03	1.284241098203236509e-01	1.422610934823751450e-01	1.418400984257459641e-01
2.000000000000000042e-03	1.203352706153181517e-01	1.391329802572727203e-01	1.375586092472076416e-01
2.000000000000000042e-03	1.188007219682765958e-01	1.471955198794603348e-01	1.442034672945737839e-01
2.000000000000000042e-03	1.229406410380254749e-01	1.365287918597459793e-01	1.406367179006338120e-01
2.000000000000000042e-03	1.189528413211243113e-01	1.400083843618631363e-01	1.368188466876745224e-01
2.000000000000000042e-03	1.162073217992541097e-01	1.370910797268152237e-01	1.325182355940341949e-01
2.000000000000000042e-03	1.185451235763634315e-01	1.516314409673213959e-01	1.491975765675306320e-01
2.000000000000000042e-03	1.200834287306930398e-01	1.396397873759269714e-01	1.394986230880022049e-01
2.000000000000000042e-03	1.166667264850833746e-01	1.433924734592437744e-01	1.412706673145294189e-01
2.000000000000000042e-03	1.178273352075226710e-01	1.365157235413789749e-01	1.351921353489160538e-01
2.000000000000000042e-03	1.145973140491714920e-01	1.594909001141786575e-01	1.567976493388414383e-01
2.000000000000000042e-03	1.208133673931978957e-01	1.413620505481958389e-01	1.379648894071578979e-01
2.000000000000000042e-03	1.180598410435869661e-01	1.506898216903209686e-01	1.493732463568449020e-01
2.000000000000000042e-03	1.170340574617627361e-01	1.469828672707080841e-01	1.450060475617647171e-01
2.000000000000000042e-03	1.199899305459819210e-01	1.436643693596124649e-01	1.422066111117601395e-01
2.000000000000000042e-03	1.177256986310210446e-01	1.463440191000699997e-01	1.432031542062759399e-01
2.000000000000000042e-03	1.167227468347247638e-01	1.417648307979106903e-01	1.410447154194116592e-01
2.000000000000000042e-03	1.128780327831642588e-01	1.405098550021648407e-01	1.392521802335977554e-01
2.000000000000000042e-03	1.159497962533673210e-01	1.417385153472423553e-01	1.391802188009023666e-01
2.000000000000000042e-03	1.159019490020184590e-01	1.450342731550335884e-01	1.429439969360828400e-01
2.000000000000000042e-03	1.117080206735224651e-01	1.429800130426883698e-01	1.427030377089977264e-01
2.000000000000000042e-03	1.119495177570777600e-01	1.354534979909658432e-01	1.356375226750969887e-01
2.000000000000000042e-03	1.126743033528327942e-01	1.331223854795098305e-01	1.318851439282298088e-01
2.000000000000000042e-03	1.067407764022863387e-01	1.319382311776280403e-01	1.320565817877650261e-01
2.000000000000000042e-03	1.089507495112057023e-01	1.319646462798118591e-01	1.323503740131855011e-01
2.000000000000000042e-03	1.056540640471856779e-01	1.359908618032932281e-01	1.336474940180778503e-01
2.000000000000000042e-03	1.084144550222384817e-01	1.452372614294290543e-01	1.446222309023141861e-01
2.000000000000000042e-03	1.081035601187355921e-01	1.379614323377609253e-01	1.353607438504695892e-01
2.000000000000000042e-03	1.058951178683510269e-01	1.353790387511253357e-01	1.342541519552469254e-01
2.000000000000000042e-03	1.078678924071637957e-01	1.342742629349231720e-01	1.363076996058225632e-01
2.000000000000000042e-03	1.084771088407009421e-01	1.456159986555576324e-01	1.442256197333335876e-01
2.000000000000000042e-03	1.124182580203949705e-01	1.396696073934435844e-01	1.402931101620197296e-01
2.000000000000000042e-03	1.061019669227962203e-01	1.371696162968873978e-01	1.349576078355312347e-01
2.000000000000000042e-03	1.083909005303926171e-01	1.394186690449714661e-01	1.402080412954092026e-01
2.000000000000000042e-03	1.063782110621657589e-01	1.398979425430297852e-01	1.379972584545612335e-01
2.000000000000000042e-03	1.056027676485761790e-01	1.388203371316194534e-01	1.373083367943763733e-01
2.000000000000000042e-03	1.042728392949587163e-01	1.402705106884241104e-01	1.407244913280010223e-01
2.000000000000000042e-03	1.022331470364256784e-01	1.426653470844030380e-01	1.407779809087514877e-01
2.000000000000000042e-03	1.030084516240071663e-01	1.395670026540756226e-01	1.396353207528591156e-01
2.000000000000000042e-03	1.049845403508295055e-01	1.348110325634479523e-01	1.320094140246510506e-01
2.000000000000000042e-03	1.051407394152653330e-01	1.381043847650289536e-01	1.373380497097969055e-01
2.000000000000000042e-03	1.043269875683361936e-01	1.351972147822380066e-01	1.339255087077617645e-01
2.000000000000000042e-03	1.017007090245621165e-01	1.358211580663919449e-01	1.312550064176321030e-01
2.000000000000000042e-03	1.046179338723798313e-01	1.393984630703926086e-01	1.382739506661891937e-01
2.000000000000000042e-03	1.033325305656541820e-01	1.372213214635848999e-01	1.351733990013599396e-01
1.000000000000000021e-03	9.097245260130000510e-02	1.309961928054690361e-01	1.294355560094118118e-01
1.000000000000000021e-03	8.998089302566987524e-02	1.252803923562169075e-01	1.231061713770031929e-01
1.000000000000000021e-03	8.709905221115184226e-02	1.335939997807145119e-01	1.322686318308115005e-01
1.000000000000000021e-03	8.793783187866210938e-02	1.282021747902035713e-01	1.260945582762360573e-01
1.000000000000000021e-03	8.446197164586827233e-02	1.259096218273043633e-01	1.251378618180751801e-01
1.000000000000000021e-03	8.384501632255843273e-02	1.260724551975727081e-01	1.245978130027651787e-01
1.000000000000000021e-03	8.748668366217915437e-02	1.343126334249973297e-01	1.321523860096931458e-01
1.000000000000000021e-03	8.642089083979401232e-02	1.287152469158172607e-01	1.260584583505988121e-01
1.000000000000000021e-03	8.604418165698836385e-02	1.302580013871192932e-01	1.272519147023558617e-01
1.000000000000000021e-03	8.622021275230601356e-02	1.264711031690239906e-01	1.245472962036728859e-01
1.000000000000000021e-03	8.455289296711547553e-02	1.295092469081282616e-01	1.283676056191325188e-01
1.000000000000000021e-03	8.382203835475293685e-02	1.237276894971728325e-01	1.233926871791481972e-01
1.000000000000000021e-03	8.541977848810484997e-02	1.307004159316420555e-01	1.294405944645404816e-01
1.000000000000000021e-03	8.307381068603901519e-02	1.262615071609616280e-01	1.248080516234040260e-01
1.000000000000000021e-03	8.253701021776924107e-02	1.262137908488512039e-01	1.248269258067011833e-01
1.000000000000000021e-03	8.500047320429282571e-02	1.283116890117526054e-01	1.276500504463911057e-01
1.000000000000000021e-03	8.277316429192506375e-02	1.263158190995454788e-01	1.237105820327997208e-01
1.000000000000000021e-03	8.335643648346767465e-02	1.275608520954847336e-01	1.252674525603652000e-01
1.000000000000000021e-03	8.575575600696515310e-02	1.278148507699370384e-01	1.263818275183439255e-01
1.000000000000000021e-03	8.166457325974597892e-02	1.263255877420306206e-01	1.245996598154306412e-01
1.000000000000000021e-03	8.073536947935441854e-02	1.287000896409153938e-01	1.253359680995345116e-01
1.000000000000000021e-03	8.070873855790004769e-02	1.333093084394931793e-01	1.324037965387105942e-01
1.000000000000000021e-03	8.255913080293920958e-02	1.287825796753168106e-01	1.268261997029185295e-01
1.000000000000000021e-03	7.960086853443822108e-02	1.282099671661853790e-01	1.262792637571692467e-01
1.000000000000000021e-03	8.047266865644274458e-02	1.315207341685891151e-01	1.305305995047092438e-01
1.000000000000000021e-03	8.402019154421891400e-02	1.272204974666237831e-01	1.265929136425256729e-01
1.000000000000000021e-03	8.299055299426935650e-02	1.301424736157059669e-01	1.295609651133418083e-01
1.000000000000000021e-03	7.920796857981741990e-02	1.283485926687717438e-01	1.268644891679286957e-01
1.000000000000000021e-03	7.986155680463283280e-02	1.293739322572946548e-01	1.249842038378119469e-01
1.000000000000000021e-03	8.087101408952399040e-02	1.292100353166460991e-01	1.264687012881040573e-01
1.000000000000000021e-03	7.836148237125782623e-02	1.274110330268740654e-01	1.245949305593967438e-01
1.000000000000000021e-03	7.969504170402695598e-02	1.272718142718076706e-01	1.264343056827783585e-01
1.000000000000000021e-03	7.802338968915274731e-02	1.302303364500403404e-01	1.274775033816695213e-01
5.000000000000000104e-04	7.448992213305039023e-02	1.233685975894331932e-01	1.224148888140916824e-01
5.000000000000000104e-04	6.953943124677561261e-02	1.223447732627391815e-01	1.224370906129479408e-01
5.000000000000000104e-04	7.291421237625653196e-02	1.237907521426677704e-01	1.222104346379637718e-01
5.000000000000000104e-04	7.063636311058756057e-02	1.249206401407718658e-01	1.234719259664416313e-01
5.000000000000000104e-04	7.281201860949962357e-02	1.238134512677788734e-01	1.222174847498536110e-01
5.000000000000000104e-04	7.091778540347196125e-02	1.233922373503446579e-01	1.227305810898542404e-01
5.000000000000000104e-04	7.041847512503213169e-02	1.223948476836085320e-01	1.199991554021835327e-01
5.000000000000000104e-04	6.762132260806952289e-02	1.223725853487849236e-01	1.217119051143527031e-01
5.000000000000000104e-04	6.869657630030112649e-02	1.249369429424405098e-01	1.224845778197050095e-01
5.000000000000000104e-04	7.007769820622250512e-02	1.231130464002490044e-01	1.207799185067415237e-01
5.000000000000000104e-04	6.983668064769310568e-02	1.236614892259240150e-01	1.218165317550301552e-01
5.000000000000000104e-04	6.799760861675950563e-02	1.252712542191147804e-01	1.231610579416155815e-01
5.000000000000000104e-04	6.928020036673243620e-02	1.249050889164209366e-01	1.227620532736182213e-01
5.000000000000000104e-04	6.937812853463087848e-02	1.230344707146286964e-01	1.218173513188958168e-01
5.000000000000000104e-04	6.757807571299467853e-02	1.231937045231461525e-01	1.221093591302633286e-01
5.000000000000000104e-04	6.737316013136997184e-02	1.245562499389052391e-01	1.236946620047092438e-01
5.000000000000000104e-04	6.790899772998652828e-02	1.242635743692517281e-01	1.223598401993513107e-01
5.000000000000000104e-04	6.975096350983728266e-02	1.283852430060505867e-01	1.261774059385061264e-01
5.000000000000000104e-04	6.559034800039062474e-02	1.242338567972183228e-01	1.214022114872932434e-01
5.000000000000000104e-04	6.748399152597293893e-02	1.253192620351910591e-01	1.238905647769570351e-01
5.000000000000000104e-04	6.819237745072267987e-02	1.253774128854274750e-01	1.242849025875329971e-01
5.000000000000000104e-04	6.828176946956900084e-02	1.243539368733763695e-01	1.236037509515881538e-01
5.000000000000000104e-04	6.868377700448036194e-02	1.244501005858182907e-01	1.222235709428787231e-01
2.500000000000000052e-04	6.456475671899469804e-02	1.224924642592668533e-01	1.209436934441328049e-01
2.500000000000000052e-04	6.351938513638097361e-02	1.229454372078180313e-01	1.214087195694446564e-01
2.500000000000000052e-04	6.508491895621336398e-02	1.235315576195716858e-01	1.215250212699174881e-01
2.500000000000000052e-04	6.479267229007769358e-02	1.259064041078090668e-01	1.239485349506139755e-01
2.500000000000000052e-04	6.339198605546468579e-02	1.221623495221138000e-01	1.206773119047284126e-01
2.500000000000000052e-04	6.345989889925039706e-02	1.220533652231097221e-01	1.215515853837132454e-01
2.500000000000000052e-04	6.212885512769976415e-02	1.227976139634847641e-01	1.213808404281735420e-01
2.500000000000000052e-04	6.262097842519796786e-02	1.230734018608927727e-01	1.208446547389030457e-01
2.500000000000000052e-04	6.159850752240494942e-02	1.231496268883347511e-01	1.221589976921677589e-01
2.500000000000000052e-04	6.266326315795318902e-02	1.228047600015997887e-01	1.205602772533893585e-01
2.500000000000000052e-04	6.161107764213900190e-02	1.226020194590091705e-01	1.205768240615725517e-01
2.500000000000000052e-04	6.284292825037919583e-02	1.227443860843777657e-01	1.212498657405376434e-01
2.500000000000000052e-04	6.439470674229573477e-02	1.223292564973235130e-01	1.207163622602820396e-01
2.500000000000000052e-04	6.284254016001013243e-02	1.234041890129446983e-01	1.210017474368214607e-01
2.500000000000000052e-04	6.324011459946632385e-02	1.216049771755933762e-01	1.202878169715404510e-01
2.500000000000000052e-04	6.390491495781307207e-02	1.239988831803202629e-01	1.218771701678633690e-01
2.500000000000000052e-04	6.310541418534290625e-02	1.228872248902916908e-01	1.214790325611829758e-01
2.500000000000000052e-04	6.214789947188353175e-02	1.236262880265712738e-01	1.213501952588558197e-01
2.500000000000000052e-04	6.141027850629408175e-02	1.240907134488224983e-01	1.228699600324034691e-01
2.500000000000000052e-04	6.117932573903964860e-02	1.236465554684400558e-01	1.210054066032171249e-01
2.500000000000000052e-04	6.135736867974075914e-02	1.217904072254896164e-01	1.203480288386344910e-01
2.500000000000000052e-04	6.493360742549353359e-02	1.226554801687598228e-01	1.207293244078755379e-01
2.500000000000000052e-04	6.103788750081122483e-02	1.227805437520146370e-01	1.211098842322826385e-01
2.500000000000000052e-04	6.148601526135130668e-02	1.228696685284376144e-01	1.213549831882119179e-01
2.500000000000000052e-04	6.277998018113872813e-02	1.232457701116800308e-01	1.208456875756382942e-01
2.500000000000000052e-04	6.362165039098716113e-02	1.235526390373706818e-01	1.221741288900375366e-01
2.500000000000000052e-04	6.091624210718311894e-02	1.234268788248300552e-01	1.223758021369576454e-01
2.500000000000000052e-04	6.107331251230421060e-02	1.231952263042330742e-01	1.211923575028777122e-01
2.500000000000000052e-04	6.180955191390424125e-02	1.243024859577417374e-01	1.212724847719073296e-01
2.500000000000000052e-04	6.068905570273157996e-02	1.230863193050026894e-01	1.212073676288127899e-01
2.500000000000000052e-04	6.058850101655042369e-02	1.235009459778666496e-01	1.211663745343685150e-01
2.500000000000000052e-04	6.139249415903151597e-02	1.231454638764262199e-01	1.214744234457612038e-01
2.500000000000000052e-04	6.106168616421615153e-02	1.235851440578699112e-01	1.222955035045742989e-01
2.500000000000000052e-04	6.077363210011132305e-02	1.252411548048257828e-01	1.222740150988101959e-01
2.500000000000000052e-04	5.943688948320437204e-02	1.231089923530817032e-01	1.222901074215769768e-01
2.500000000000000052e-04	6.101377746915515737e-02	1.238580588251352310e-01	1.217820392921566963e-01
1.250000000000000026e-04	5.960909253622911907e-02	1.228783847764134407e-01	1.205079713836312294e-01
1.250000000000000026e-04	6.055026963541779161e-02	1.233877120539546013e-01	1.212217221036553383e-01
1.250000000000000026e-04	5.664597545998006217e-02	1.224641371518373489e-01	1.199793210253119469e-01
1.250000000000000026e-04	5.675343438228474396e-02	1.227518552914261818e-01	1.203989377245306969e-01
1.250000000000000026e-04	5.845808138764357204e-02	1.226494377478957176e-01	1.213446874171495438e-01
1.250000000000000026e-04	5.696858710880520899e-02	1.228596428409218788e-01	1.204666681587696075e-01
1.250000000000000026e-04	5.746807837033573313e-02	1.221468728035688400e-01	1.205647643655538559e-01
1.250000000000000026e-04	5.796892912704733336e-02	1.234912658110260963e-01	1.213455582037568092e-01
1.250000000000000026e-04	5.937690023757234703e-02	1.244485490024089813e-01	1.220190934836864471e-01
1.250000000000000026e-04	5.840683832198758502e-02	1.226834515109658241e-01	1.209579352289438248e-01
1.250000000000000026e-04	5.787966192900380336e-02	1.237823041155934334e-01	1.212112344801425934e-01
1.250000000000000026e-04	5.820484610298012201e-02	1.233292575925588608e-01	1.209791088476777077e-01
1.250000000000000026e-04	5.830772885981994058e-02	1.231288248673081398e-01	1.208824412897229195e-01
1.250000000000000026e-04	5.769164068034932785e-02	1.230405736714601517e-01	1.208953950554132462e-01
1.250000000000000026e-04	5.938099390721019583e-02	1.244114059954881668e-01	1.221739789471030235e-01
1.250000000000000026e-04	5.770155014116552794e-02	1.228471938520669937e-01	1.217324659228324890e-01
1.250000000000000026e-04	5.782489318259154826e-02	1.225970136001706123e-01	1.208118051290512085e-01
1.250000000000000026e-04	5.779886156131949781e-02	1.241264361888170242e-01	1.216616211459040642e-01
1.250000000000000026e-04	5.688250225178802938e-02	1.224783109501004219e-01	1.211878582835197449e-01
1.250000000000000026e-04	5.803915853553180682e-02	1.232775524258613586e-01	1.213896833360195160e-01
1.250000000000000026e-04	5.772560584960104851e-02	1.230799565091729164e-01	1.214233171194791794e-01
6.250000000000000130e-05	5.740143622778638710e-02	1.225760625675320625e-01	1.205846397206187248e-01
6.250000000000000130e-05	5.616176123671894060e-02	1.234006555750966072e-01	1.210633479058742523e-01
6.250000000000000130e-05	5.695484913414037426e-02	1.225953046232461929e-01	1.209604963660240173e-01
6.250000000000000130e-05	5.656414059332654648e-02	1.227530473843216896e-01	1.211648937314748764e-01
6.250000000000000130e-05	5.647448521060279697e-02	1.235398408025503159e-01	1.215692460536956787e-01
6.250000000000000130e-05	5.675103656853301703e-02	1.223678197711706161e-01	1.202262090519070625e-01
6.250000000000000130e-05	5.733970090558257460e-02	1.233217669650912285e-01	1.212181085720658302e-01
6.250000000000000130e-05	5.726045129608504231e-02	1.235337080433964729e-01	1.212092088535428047e-01
6.250000000000000130e-05	5.539855757091619037e-02	1.229438027366995811e-01	1.206042468547821045e-01
6.250000000000000130e-05	5.704221671706513619e-02	1.220790939405560493e-01	1.205606786534190178e-01
6.250000000000000130e-05	5.639306540730633366e-02	1.224427558481693268e-01	1.199169280007481575e-01
6.250000000000000130e-05	5.756410946951636548e-02	1.228119609877467155e-01	1.212868513539433479e-01
6.250000000000000130e-05	5.450023871056641073e-02	1.229046080261468887e-01	1.208729585632681847e-01
6.250000000000000130e-05	5.872422701950314600e-02	1.229522712528705597e-01	1.205175053328275681e-01
6.250000000000000130e-05	5.569972277064867000e-02	1.232086755335330963e-01	1.208706833422183990e-01
6.250000000000000130e-05	5.610590668607361858e-02	1.231270302087068558e-01	1.205842318013310432e-01
6.250000000000000130e-05	5.586489445612400490e-02	1.233591390773653984e-01	1.212161239236593246e-01
6.250000000000000130e-05	5.588347743017763741e-02	1.226599458605051041e-01	1.206666808575391769e-01
6.250000000000000130e-05	5.843814679338962120e-02	1.228273902088403702e-01	1.202254183590412140e-01
6.250000000000000130e-05	5.747035947404330325e-02	1.222819909453392029e-01	1.213600290939211845e-01
6.250000000000000130e-05	5.674572208825545694e-02	1.232343930751085281e-01	1.215103799477219582e-01
3.125000000000000065e-05	5.739410702563539635e-02	1.229497222229838371e-01	1.211130125448107719e-01
3.125000000000000065e-05	5.550259210263626397e-02	1.224993057548999786e-01	1.213150694966316223e-01
3.125000000000000065e-05	5.664256380140027247e-02	1.235069362446665764e-01	1.220743730664253235e-01
3.125000000000000065e-05	5.552966454172435923e-02	1.237006904557347298e-01	1.215153411030769348e-01
3.125000000000000065e-05	5.553238254181946248e-02	1.230528214946389198e-01	1.212976537644863129e-01
3.125000000000000065e-05	5.528489467275293778e-02	1.223777011036872864e-01	1.209182152524590492e-01
3.125000000000000065e-05	5.632476008768323023e-02	1.230811215937137604e-01	1.214329563081264496e-01
3.125000000000000065e-05	5.492274312278892096e-02	1.220321161672472954e-01	1.206596018746495247e-01
3.125000000000000065e-05	5.460227290286293750e-02	1.229342333972454071e-01	1.202716920524835587e-01
3.125000000000000065e-05	5.621378760360463966e-02	1.226457823067903519e-01	1.208545351400971413e-01
3.125000000000000065e-05	5.439647985032842331e-02	1.226483965292572975e-01	1.207719538360834122e-01
3.125000000000000065e-05	5.446820890035810464e-02	1.229733899235725403e-01	1.207487797364592552e-01
3.125000000000000065e-05	5.620041583912282340e-02	1.226076884195208549e-01	1.211312897503376007e-01
3.125000000000000065e-05	5.490988379792322016e-02	1.220521079376339912e-01	1.202118312940001488e-01
3.125000000000000065e-05	5.428392081698284882e-02	1.224329480901360512e-01	1.208234438672661781e-01
3.125000000000000065e-05	5.744990659288213425e-02	1.236188234761357307e-01	1.215247865766286850e-01
3.125000000000000065e-05	5.454057841738568085e-02	1.226855926215648651e-01	1.205384032800793648e-01
3.125000000000000065e-05	5.478615624995171463e-02	1.219527889043092728e-01	1.205747509375214577e-01
3.125000000000000065e-05	5.449724711383445441e-02	1.222395580261945724e-01	1.205073166638612747e-01
3.125000000000000065e-05	5.486300384885148262e-02	1.222476549446582794e-01	1.210778392851352692e-01
3.125000000000000065e-05	5.526411613520187949e-02	1.223135823383927345e-01	1.202665241435170174e-01
1.562500000000000033e-05	5.603406432120106029e-02	1.225712047889828682e-01	1.206619245931506157e-01
1.562500000000000033e-05	5.638806290830238044e-02	1.220741281285881996e-01	1.203535534441471100e-01
1.562500000000000033e-05	5.545813953386077161e-02	1.239430457353591919e-01	1.219048369675874710e-01
1.562500000000000033e-05	5.431427740598026438e-02	1.225169766694307327e-01	1.210945313796401024e-01
1.562500000000000033e-05	5.560785579153253860e-02	1.227426575496792793e-01	1.207426004111766815e-01
1.562500000000000033e-05	5.408871602974360537e-02	1.233152840286493301e-01	1.208585221320390701e-01
1.562500000000000033e-05	5.490887844109836741e-02	1.231961911544203758e-01	1.212422084063291550e-01
1.562500000000000033e-05	5.381626065207432974e-02	1.236530197784304619e-01	1.221324009820818901e-01
1.562500000000000033e-05	5.658256903856615644e-02	1.245296131819486618e-01	1.222884124144911766e-01
1.562500000000000033e-05	5.549330900930150856e-02	1.231855843216180801e-01	1.208666022866964340e-01
1.562500000000000033e-05	5.365751858187627066e-02	1.230819215998053551e-01	1.203792421147227287e-01
1.562500000000000033e-05	5.483520544971091926e-02	1.228848230093717575e-01	1.212687585502862930e-01
1.562500000000000033e-05	5.496142847062666231e-02	1.238618167117238045e-01	1.213562218472361565e-01
1.562500000000000033e-05	5.511833552884150278e-02	1.234156768769025803e-01	1.211819946765899658e-01
1.562500000000000033e-05	5.765534734612778878e-02	1.229111785069108009e-01	1.208255272358655930e-01
1.562500000000000033e-05	5.488680416270147466e-02	1.220865258947014809e-01	1.211057817563414574e-01
1.562500000000000033e-05	5.479741322843334483e-02	1.225116904824972153e-01	1.207870990037918091e-01
1.562500000000000033e-05	5.683196873604497157e-02	1.232421686872839928e-01	1.217382792383432388e-01
1.562500000000000033e-05	5.575941432314582974e-02	1.233027698472142220e-01	1.210611388087272644e-01
1.562500000000000033e-05	5.568428728965264113e-02	1.240291604772210121e-01	1.218547979369759560e-01
1.562500000000000033e-05	5.466556068085416664e-02	1.229919027537107468e-01	1.209127157926559448e-01
7.812500000000000163e-06	5.458197638958315473e-02	1.228571617975831032e-01	1.207574876025319099e-01
7.812500000000000163e-06	5.677069784908354844e-02	1.237238757312297821e-01	1.212748503312468529e-01
7.812500000000000163e-06	5.531930197266083510e-02	1.225828994065523148e-01	1.208437522873282433e-01
7.812500000000000163e-06	5.540247195506397410e-02	1.222805986180901527e-01	1.205257037654519081e-01
7.812500000000000163e-06	5.562112117304077868e-02	1.229384914040565491e-01	1.202446185052394867e-01
7.812500000000000163e-06	5.532964285981806229e-02	1.242670789361000061e-01	1.218193760141730309e-01
7.812500000000000163e-06	5.451940646088575954e-02	1.230504810810089111e-01	1.212222389876842499e-01
7.812500000000000163e-06	5.355371831904483931e-02	1.226871171966195107e-01	1.206027716398239136e-01
7.812500000000000163e-06	5.455930648913866199e-02	1.232120087370276451e-01	1.212919568642973900e-01
7.812500000000000163e-06	5.433333061541183173e-02	1.227299291640520096e-01	1.210783859714865685e-01
7.812500000000000163e-06	5.446171303150020016e-02	1.223969245329499245e-01	1.201025480404496193e-01
7.812500000000000163e-06	5.557421623151513612e-02	1.226270077750086784e-01	1.205241447314620018e-01
7.812500000000000163e-06	5.533745733997489508e-02	1.224889885634183884e-01	1.202748659998178482e-01
7.812500000000000163e-06	5.515488581378248656e-02	1.223990600556135178e-01	1.202193768694996834e-01
7.812500000000000163e-06	5.312881029293507057e-02	1.224755952134728432e-01	1.202757544815540314e-01
7.812500000000000163e-06	5.506360710044450740e-02	1.221879422664642334e-01	1.206230167299509048e-01
7.812500000000000163e-06	5.595049097002306737e-02	1.219863304868340492e-01	1.207324387505650520e-01
7.812500000000000163e-06	5.511201441853861432e-02	1.212277347221970558e-01	1.197583256289362907e-01
7.812500000000000163e-06	5.419395977183233404e-02	1.227963417768478394e-01	1.204923121258616447e-01
7.812500000000000163e-06	5.478812273167356361e-02	1.227041026577353477e-01	1.201902767643332481e-01
7.812500000000000163e-06	5.370836671960504960e-02	1.224795356392860413e-01	1.206776890903711319e-01
7.812500000000000163e-06	5.713017016083379168e-02	1.219150312244892120e-01	1.208149474114179611e-01
7.812500000000000163e-06	5.396287779830678810e-02	1.221926035359501839e-01	1.204968439415097237e-01
7.812500000000000163e-06	5.469117384356788486e-02	1.226065317168831825e-01	1.202675569802522659e-01
7.812500000000000163e-06	5.484019568826578594e-02	1.229919334873557091e-01	1.210295855998992920e-01
7.812500000000000163e-06	5.516944811502589446e-02	1.223319685086607933e-01	1.213734997436404228e-01
7.812500000000000163e-06	5.484428643425808686e-02	1.243750043213367462e-01	1.218807427212595940e-01
7.812500000000000163e-06	5.547899960339823522e-02	1.233445229008793831e-01	1.213326770812273026e-01
7.812500000000000163e-06	5.417308277344402151e-02	1.227673692628741264e-01	1.203149240463972092e-01
7.812500000000000163e-06	5.529110166656819869e-02	1.229092841967940331e-01	1.214004289358854294e-01
7.812500000000000163e-06	5.419412868309624737e-02	1.237564589828252792e-01	1.219625929370522499e-01
7.812500000000000163e-06	5.593110889762262922e-02	1.228881841525435448e-01	1.217802865430712700e-01
7.812500000000000163e-06	5.367902949263778090e-02	1.236557196825742722e-01	1.218447322025895119e-01
7.812500000000000163e-06	5.545148791014394007e-02	1.243507117033004761e-01	1.220456613227725029e-01
7.812500000000000163e-06	5.430459080240394171e-02	1.236469782888889313e-01	1.211568089202046394e-01
7.812500000000000163e-06	5.483192549664762938e-02	1.227140985429286957e-01	1.210389789193868637e-01
7.812500000000000163e-06	5.387343744499773629e-02	1.228765202686190605e-01	1.207827907055616379e-01
7.812500000000000163e-06	5.457624297919152351e-02	1.234399303793907166e-01	1.209342787042260170e-01
7.812500000000000163e-06	5.595371353475353526e-02	1.226022299379110336e-01	1.203473024070262909e-01
3.906250000000000081e-06	5.425484582215924639e-02	1.245267288759350777e-01	1.221698140725493431e-01
3.906250000000000081e-06	5.463227700394920200e-02	1.217308035120368004e-01	1.203086944296956062e-01
3.906250000000000081e-06	5.381443912658510215e-02	1.236444311216473579e-01	1.214027376845479012e-01
3.906250000000000081e-06	5.237871139675755877e-02	1.221428820863366127e-01	1.207198984920978546e-01
3.906250000000000081e-06	5.503113336766822516e-02	1.223153704777359962e-01	1.205234853550791740e-01
3.906250000000000081e-06	5.522757334799706375e-02	1.230087876319885254e-01	1.217335145920515060e-01
3.906250000000000081e-06	5.368932831702353387e-02	1.225606342777609825e-01	1.209615617990493774e-01
3.906250000000000081e-06	5.405527966309197491e-02	1.232707509770989418e-01	1.208857316523790359e-01
3.906250000000000081e-06	5.466894074519978303e-02	1.249701632186770439e-01	1.235858295112848282e-01
3.906250000000000081e-06	5.580735055706168707e-02	1.238335343077778816e-01	1.212107557803392410e-01
3.906250000000000081e-06	5.431588281747661007e-02	1.233187792822718620e-01	1.211547926068305969e-01
3.906250000000000081e-06	5.492475515679468012e-02	1.238697301596403122e-01	1.217989735305309296e-01
3.906250000000000081e-06	5.475252112255820508e-02	1.237270552664995193e-01	1.219596015289425850e-01
3.906250000000000081e-06	5.402523415941226648e-02	1.225679209455847740e-01	1.206178935244679451e-01
3.906250000000000081e-06	5.363200571906717729e-02	1.220733132213354111e-01	1.205231221392750740e-01
3.906250000000000081e-06	5.553253617467759223e-02	1.232319436967372894e-01	1.215900918468832970e-01
3.906250000000000081e-06	5.422083844866933816e-02	1.227685818448662758e-01	1.209378810599446297e-01
3.906250000000000081e-06	5.492090212204788630e-02	1.231678845360875130e-01	1.210575876757502556e-01
3.906250000000000081e-06	5.759893730282783508e-02	1.238276241347193718e-01	1.220869673416018486e-01
3.906250000000000081e-06	5.467233387163922959e-02	1.227488173171877861e-01	1.205559577792882919e-01
3.906250000000000081e-06	5.659501928883262784e-02	1.226242715492844582e-01	1.210119593888521194e-01
1.953125000000000041e-06	5.484260566815545024e-02	1.228324631229043007e-01	1.209788275882601738e-01
1.953125000000000041e-06	5.527918092623541890e-02	1.228991160169243813e-01	1.208848869428038597e-01
1.953125000000000041e-06	5.447899352146100271e-02	1.221324298530817032e-01	1.205040626227855682e-01
1.953125000000000041e-06	5.614905719515643490e-02	1.222287500277161598e-01	1.208285177126526833e-01
1.953125000000000041e-06	5.587400288521489344e-02	1.225614082068204880e-01	1.215602867305278778e-01
1.953125000000000041e-06	5.414999762102018499e-02	1.222430523484945297e-01	1.200698381289839745e-01
1.953125000000000041e-06	5.390114582414868433e-02	1.230957899242639542e-01	1.201086984947323799e-01
1.953125000000000041e-06	5.419992726249030918e-02	1.228708876296877861e-01	1.202210029587149620e-01
1.953125000000000041e-06	5.477577462037907380e-02	1.233969805762171745e-01	1.215699715539813042e-01
1.953125000000000041e-06	5.441266222845150130e-02	1.232004016637802124e-01	1.218902412801980972e-01
1.953125000000000041e-06	5.484097163322605717e-02	1.242940165102481842e-01	1.216029860079288483e-01
1.953125000000000041e-06	5.458057021038442008e-02	1.220267321914434433e-01	1.202440662309527397e-01
1.953125000000000041e-06	5.504909219055235947e-02	1.229821788147091866e-01	1.217753747478127480e-01
1.953125000000000041e-06	5.570408899950075876e-02	1.229453627020120621e-01	1.215987335890531540e-01
1.953125000000000041e-06	5.822750614790976609e-02	1.233445657417178154e-01	1.217243587598204613e-01
1.953125000000000041e-06	5.304082997048957526e-02	1.228429796174168587e-01	1.208940111100673676e-01
1.953125000000000041e-06	5.467494817662842815e-02	1.226843325421214104e-01	1.211174409836530685e-01
1.953125000000000041e-06	5.574059392078013070e-02	1.242477474734187126e-01	1.220369953662157059e-01
1.953125000000000041e-06	5.370373448616341805e-02	1.224583359435200691e-01	1.212235856801271439e-01
1.953125000000000041e-06	5.588657045854798083e-02	1.223431657999753952e-01	1.203946666792035103e-01
1.953125000000000041e-06	5.363517292315447133e-02	1.226133909076452255e-01	1.199941728264093399e-01
9.765625000000000203e-07	5.487545556094072796e-02	1.224197540432214737e-01	1.204886715859174728e-01
9.765625000000000203e-07	5.385618949238257791e-02	1.216235989704728127e-01	1.207976685836911201e-01
9.765625000000000203e-07	5.546000632870046188e-02	1.231158571317791939e-01	1.212336234748363495e-01
9.765625000000000203e-07	5.383801705475094873e-02	1.227007620036602020e-01	1.209445977583527565e-01
9.765625000000000203e-07	5.505427468237997918e-02	1.232451768592000008e-01	1.212085159495472908e-01
9.765625000000000203e-07	5.345458193104478395e-02	1.226374236866831779e-01	1.213837843388319016e-01
9.765625000000000203e-07	5.319467955563642048e-02	1.219952283427119255e-01	1.207333207130432129e-01
9.765625000000000203e-07	5.579733084651488512e-02	1.231231959536671638e-01	1.211513131856918335e-01
9.765625000000000203e-07	5.507395468369315206e-02	1.231078803539276123e-01	1.210813140496611595e-01
9.765625000000000203e-07	5.552249208469934444e-02	1.225459165871143341e-01	1.209170641377568245e-01
9.765625000000000203e-07	5.409503874333598805e-02	1.228142026811838150e-01	1.211003307253122330e-01
9.765625000000000203e-07	5.546203081177759897e-02	1.222894527018070221e-01	1.207235362380743027e-01
9.765625000000000203e-07	5.390183533294291146e-02	1.231043636798858643e-01	1.209888132289052010e-01
9.765625000000000203e-07	5.415972204336637341e-02	1.232837615534663200e-01	1.218404630199074745e-01
9.765625000000000203e-07	5.378957545455498312e-02	1.226365203037858009e-01	1.220568232238292694e-01
9.765625000000000203e-07	5.363525308762924493e-02	1.230857633054256439e-01	1.211983636021614075e-01
9.765625000000000203e-07	5.550947733506371440e-02	1.238190699368715286e-01	1.206678319722414017e-01
9.765625000000000203e-07	5.507609116125710552e-02	1.216388856992125511e-01	1.201663846150040627e-01
9.765625000000000203e-07	5.471834413047078211e-02	1.224525319412350655e-01	1.203780947253108025e-01
9.765625000000000203e-07	5.437112863682493080e-02	1.229770919308066368e-01	1.218034401535987854e-01
9.765625000000000203e-07	5.585761377705803638e-02	1.220744019374251366e-01	1.205667806789278984e-01
4.882812500000000102e-07	5.402715258960482519e-02	1.232529943808913231e-01	1.216416899114847183e-01
4.882812500000000102e-07	5.434629787938504569e-02	1.229229252785444260e-01	1.212032213807106018e-01
4.882812500000000102e-07	5.402183254496960990e-02	1.230126246809959412e-01	1.217010598629713058e-01
4.882812500000000102e-07	5.499685555696487427e-02	1.231976635754108429e-01	1.209109332412481308e-01
4.882812500000000102e-07	5.474229515353335601e-02	1.226457972079515457e-01	1.203480493277311325e-01
4.882812500000000102e-07	5.460097282370434540e-02	1.221111668273806572e-01	1.205065790563821793e-01
4.882812500000000102e-07	5.432088465630253993e-02	1.228409400209784508e-01	1.213542427867650986e-01
4.882812500000000102e-07	5.497485847224162919e-02	1.241867961362004280e-01	1.234984034672379494e-01
4.882812500000000102e-07	5.376141791856741542e-02	1.225013677030801773e-01	1.205695420503616333e-01
4.882812500000000102e-07	5.347937189891368431e-02	1.233397042378783226e-01	1.214970359578728676e-01
4.882812500000000102e-07	5.429794002748743187e-02	1.237867949530482292e-01	1.226089131087064743e-01
4.882812500000000102e-07	5.287569209556036015e-02	1.226886976510286331e-01	1.205746214836835861e-01
4.882812500000000102e-07	5.571833667875845247e-02	1.241808133199810982e-01	1.221353067085146904e-01
4.882812500000000102e-07	5.472060080759132833e-02	1.232757484540343285e-01	1.208326397463679314e-01
4.882812500000000102e-07	5.658265363566482992e-02	1.228515012189745903e-01	1.206480460241436958e-01
4.882812500000000102e-07	5.349599702071539814e-02	1.220808550715446472e-01	1.200081473216414452e-01
4.882812500000000102e-07	5.521765530486650447e-02	1.228052424266934395e-01	1.213017385452985764e-01
4.882812500000000102e-07	5.464144324577307338e-02	1.231753537431359291e-01	1.217002682387828827e-01
4.882812500000000102e-07	5.465104732709594876e-02	1.228491412475705147e-01	1.215834803879261017e-01
4.882812500000000102e-07	5.500872852870180435e-02	1.230335226282477379e-01	1.205581668764352798e-01
4.882812500000000102e-07	5.409970822968060422e-02	1.226941449567675591e-01	1.208163807168602943e-01
2.441406250000000051e-07	5.374645790721796490e-02	1.224384848028421402e-01	1.200422197580337524e-01
2.441406250000000051e-07	5.469646323708039076e-02	1.234089359641075134e-01	1.216358076781034470e-01
2.441406250000000051e-07	5.424858530676817531e-02	1.227369094267487526e-01	1.208884287625551224e-01
2.441406250000000051e-07	5.520747974514961243e-02	1.235794695094227791e-01	1.212664823979139328e-01
2.441406250000000051e-07	5.640304079161414380e-02	1.223545074462890625e-01	1.215452291071414948e-01
2.441406250000000051e-07	5.472437127292910375e-02	1.222250116989016533e-01	1.205780953168869019e-01
2.441406250000000051e-07	5.380572713439977367e-02	1.226248210296034813e-01	1.211577253416180611e-01
2.441406250000000051e-07	5.446508399482014734e-02	1.239944072440266609e-01	1.220684824511408806e-01
2.441406250000000051e-07	5.538496733466281158e-02	1.249231817200779915e-01	1.233502915129065514e-01
2.441406250000000051e-07	5.546532627902453494e-02	1.232764702290296555e-01	1.218531997874379158e-01
2.441406250000000051e-07	5.570378611925282109e-02	1.220589596778154373e-01	1.198976254090666771e-01
2.441406250000000051e-07	5.448569861959807331e-02	1.229321686550974846e-01	1.210859706625342369e-01
2.441406250000000051e-07	5.524751124314115219e-02	1.235899040475487709e-01	1.209730850532650948e-01
2.441406250000000051e-07	5.294757529715948124e-02	1.225684806704521179e-01	1.210777983069419861e-01
2.441406250000000051e-07	5.502366543382029157e-02	1.224443363025784492e-01	1.207382949069142342e-01
2.441406250000000051e-07	5.444216586743728936e-02	1.229419549927115440e-01	1.211117133498191833e-01
2.441406250000000051e-07	5.555573926319049699e-02	1.233099726960062981e-01	1.204825080931186676e-01
2.441406250000000051e-07	5.565442998386636864e-02	1.227809833362698555e-01	1.206290815025568008e-01
2.441406250000000051e-07	5.503762353070174723e-02	1.237563844770193100e-01	1.216076863929629326e-01
2.441406250000000051e-07	5.697072919788239570e-02	1.232516989111900330e-01	1.209799330681562424e-01
2.441406250000000051e-07	5.599506260662139023e-02	1.227043531835079193e-01	1.205560322850942612e-01
1.220703125000000025e-07	5.467239135428320074e-02	1.231367876753211021e-01	1.210342012345790863e-01
1.220703125000000025e-07	5.405351590318015903e-02	1.233551362529397011e-01	1.214737137779593468e-01
1.220703125000000025e-07	5.566692281561561734e-02	1.224308479577302933e-01	1.212296867743134499e-01
1.220703125000000025e-07	5.362849786311765093e-02	1.223296839743852615e-01	1.199419749900698662e-01
1.220703125000000025e-07	5.407105565448350887e-02	1.238240459933876991e-01	1.220269501209259033e-01
1.220703125000000025e-07	5.475065993923175500e-02	1.227801684290170670e-01	1.209214814007282257e-01
1.220703125000000025e-07	5.549187302778038622e-02	1.248869197443127632e-01	1.229090569540858269e-01
1.220703125000000025e-07	5.467426310045809396e-02	1.232827669009566307e-01	1.214377004653215408e-01
1.220703125000000025e-07	5.649811963114557273e-02	1.238228389993309975e-01	1.218783026561141014e-01
1.220703125000000025e-07	5.459825982210002315e-02	1.228599920868873596e-01	1.215894119814038277e-01
1.220703125000000025e-07	5.538639280049106883e-02	1.235776757821440697e-01	1.204961966723203659e-01
1.220703125000000025e-07	5.467188532782506216e-02	1.231110878288745880e-01	1.214559385553002357e-01
1.220703125000000025e-07	5.347262256884876414e-02	1.222920678555965424e-01	1.204083692282438278e-01
1.220703125000000025e-07	5.283141041858286507e-02	1.227714782580733299e-01	1.201275633648037910e-01
1.220703125000000025e-07	5.646640364127823025e-02	1.242583794519305229e-01	1.228251280263066292e-01
1.220703125000000025e-07	5.302753563545926918e-02	1.221486479043960571e-01	1.200882578268647194e-01
1.220703125000000025e-07	5.540827690046044862e-02	1.223167991265654564e-01	1.205171551555395126e-01
1.220703125000000025e-07	5.620234747287593258e-02	1.234233537688851357e-01	1.216005254536867142e-01
1.220703125000000025e-07	5.405502766370773315e-02	1.235258951783180237e-01	1.221106341108679771e-01
1.220703125000000025e-07	5.398088255071941538e-02	1.235750112682580948e-01	1.213582828640937805e-01
1.220703125000000025e-07	5.510061531315876143e-02	1.229040306061506271e-01	1.206947732716798782e-01
6.103515625000000127e-08	5.356330089742624562e-02	1.224597571417689323e-01	1.207887250930070877e-01
6.103515625000000127e-08	5.508631703597080542e-02	1.222690790891647339e-01	1.206832602620124817e-01
6.103515625000000127e-08	5.551271267895457190e-02	1.228104205802083015e-01	1.211025817319750786e-01
6.103515625000000127e-08	5.479004271800005238e-02	1.221394930034875870e-01	1.203937763348221779e-01
6.103515625000000127e-08	5.384824971986722220e-02	1.226722300052642822e-01	1.206062315031886101e-01
6.103515625000000127e-08	5.479801832875118989e-02	1.215136311948299408e-01	1.207116218283772469e-01
6.103515625000000127e-08	5.807870668889601046e-02	1.228681039065122604e-01	1.215583616867661476e-01
6.103515625000000127e-08	5.612547516445570012e-02	1.231718575581908226e-01	1.213067667558789253e-01
6.103515625000000127e-08	5.456664017106913067e-02	1.227877438068389893e-01	1.204780023545026779e-01
6.103515625000000127e-08	5.420694137109986072e-02	1.226806668564677238e-01	1.211439659819006920e-01
6.103515625000000127e-08	5.563082701609104591e-02	1.232514977455139160e-01	1.209842329844832420e-01
6.103515625000000127e-08	5.325251162240776659e-02	1.229449659585952759e-01	1.210033018141984940e-01
6.103515625000000127e-08	5.359079151213923253e-02	1.224907273426651955e-01	1.204118952155113220e-01
6.103515625000000127e-08	5.539226074573359859e-02	1.248492542654275894e-01	1.226446414366364479e-01
6.103515625000000127e-08	5.386519526379018180e-02	1.225002482533454895e-01	1.208378160372376442e-01
6.103515625000000127e-08	5.349125406598743276e-02	1.227849405258893967e-01	1.211227001622319221e-01
6.103515625000000127e-08	5.369262175658081476e-02	1.229632748290896416e-01	1.213815128430724144e-01
6.103515625000000127e-08	5.418440444937235034e-02	1.228008773177862167e-01	1.206433782353997231e-01
6.103515625000000127e-08	5.392940469746348303e-02	1.240046322345733643e-01	1.218970539048314095e-01
6.103515625000000127e-08	5.467083512604990758e-02	1.229175487533211708e-01	1.213106382638216019e-01
6.103515625000000127e-08	5.552164889589140950e-02	1.240062862634658813e-01	1.224409742280840874e-01
3.051757812500000064e-08	5.344937831352028490e-02	1.231761341914534569e-01	1.210390394553542137e-01
3.051757812500000064e-08	5.757471249450610978e-02	1.236033774912357330e-01	1.218739189207553864e-01
3.051757812500000064e-08	5.405327988953530227e-02	1.229122858494520187e-01	1.208717441186308861e-01
3.051757812500000064e-08	5.545048321349711068e-02	1.221327632665634155e-01	1.206415519118309021e-01
3.051757812500000064e-08	5.550940066010136981e-02	1.227195467799901962e-01	1.209735777229070663e-01
3.051757812500000064e-08	5.418476632124261116e-02	1.231237556785345078e-01	1.206473801285028458e-01
3.051757812500000064e-08	5.483425418032875781e-02	1.237686574459075928e-01	1.219739224761724472e-01
3.051757812500000064e-08	5.400756854988351952e-02	1.235780790448188782e-01	1.215240927413105965e-01
3.051757812500000064e-08	5.420587174122846325e-02	1.239334428682923317e-01	1.220689704641699791e-01
3.051757812500000064e-08	5.429823140177545554e-02	1.227480079978704453e-01	1.209073429927229881e-01
3.051757812500000064e-08	5.313068906529039986e-02	1.225571241229772568e-01	1.205643825232982635e-01
3.051757812500000064e-08	5.275370109873481900e-02	1.223734728991985321e-01	1.201160494238138199e-01
3.051757812500000064e-08	5.439885913193980016e-02	1.221946896985173225e-01	1.202705670148134232e-01
3.051757812500000064e-08	5.466231760344927859e-02	1.221179291605949402e-01	1.205830983817577362e-01
3.051757812500000064e-08	5.434795195543313390e-02	1.229443522170186043e-01	1.207418227568268776e-01
3.051757812500000064e-08	5.573241893626466881e-02	1.224877424538135529e-01	1.211586669087409973e-01
3.051757812500000064e-08	5.438635465276392411e-02	1.230831453576683998e-01	1.206187950447201729e-01
3.051757812500000064e-08	5.422503703945799614e-02	1.225888207554817200e-01	1.210088543593883514e-01
3.051757812500000064e-08	5.401692987431453569e-02	1.228325767442584038e-01	1.212487490847706795e-01
