2.000000000000000042e-03	3.861266732970370374e-01	3.409293368458747864e-01	3.315654918551445007e-01
2.000000000000000042e-03	2.757318774356117830e-01	3.518395386636257172e-01	3.488891646265983582e-01
2.000000000000000042e-03	2.476740330457687378e-01	2.517406623810529709e-01	2.475202493369579315e-01
2.000000000000000042e-03	2.352085404003722846e-01	2.385772019624710083e-01	2.397412490099668503e-01
2.000000000000000042e-03	2.289954982226407865e-01	2.188052143901586533e-01	2.194402925670146942e-01
2.000000000000000042e-03	2.179429497145399242e-01	1.946085076779127121e-01	1.978149395436048508e-01
2.000000000000000042e-03	2.099070843262008379e-01	2.029543649405241013e-01	2.039314545691013336e-01
2.000000000000000042e-03	2.039480375338204310e-01	1.980927567929029465e-01	2.035663872957229614e-01
2.000000000000000042e-03	2.015947458110278201e-01	1.831265315413475037e-01	1.834322605282068253e-01
2.000000000000000042e-03	1.967426749724376089e-01	1.977172978222370148e-01	1.978574376553297043e-01
2.000000000000000042e-03	1.950288795972172085e-01	1.892759632319211960e-01	1.912262495607137680e-01
2.000000000000000042e-03	1.950601965566224616e-01	2.032346408814191818e-01	2.045459188520908356e-01
2.000000000000000042e-03	1.903477203619630964e-01	2.010328900068998337e-01	2.028385400772094727e-01
2.000000000000000042e-03	1.859668710186511698e-01	1.860773451626300812e-01	1.873440779745578766e-01
2.000000000000000042e-03	1.774914568360847766e-01	1.760506108403205872e-01	1.763473358005285263e-01
2.000000000000000042e-03	1.820042122013961206e-01	3.188844919204711914e-01	3.131668753921985626e-01
2.000000000000000042e-03	1.788050977489616389e-01	2.825079075992107391e-01	2.780802771449089050e-01
2.000000000000000042e-03	1.761471825309946504e-01	1.728786621242761612e-01	1.738726906478404999e-01
2.000000000000000042e-03	1.721319265757934869e-01	1.729333307594060898e-01	1.719331108033657074e-01
2.000000000000000042e-03	1.787488639731950324e-01	1.933150514960289001e-01	1.917385794222354889e-01
2.000000000000000042e-03	1.696200638632231195e-01	1.758435629308223724e-01	1.771014221012592316e-01
2.000000000000000042e-03	1.670165473147283697e-01	1.773120742291212082e-01	1.790869664400815964e-01
2.000000000000000042e-03	1.638156967827036348e-01	1.668482143431901932e-01	1.678602229803800583e-01
2.000000000000000042e-03	1.720596235009688446e-01	1.661669984459877014e-01	1.667403113096952438e-01
2.000000000000000042e-03	1.668084280777581141e-01	1.764847263693809509e-01	1.761044804006814957e-01
2.000000000000000042e-03	1.646385519187661683e-01	1.657667383551597595e-01	1.661823745816946030e-01
2.000000000000000042e-03	1.638909287845032037e-01	1.636422164738178253e-01	1.661901455372571945e-01
2.000000000000000042e-03	1.628869473934173584e-01	1.543548554182052612e-01	1.520796716213226318e-01
2.000000000000000042e-03	1.565859344186662228e-01	1.827862914651632309e-01	1.834986414760351181e-01
2.000000000000000042e-03	1.654152455209176864e-01	1.586042512208223343e-01	1.580660361796617508e-01
2.000000000000000042e-03	1.549070232276675008e-01	1.601690258830785751e-01	1.581183318048715591e-01
2.000000000000000042e-03	1.536701172590255737e-01	1.527184005826711655e-01	1.546429153531789780e-01
2.000000000000000042e-03	1.504549468054047212e-01	1.713661067187786102e-01	1.718489378690719604e-01
2.000000000000000042e-03	1.495222173914124708e-01	1.697236411273479462e-01	1.710594352334737778e-01
2.000000000000000042e-03	1.572413122918032424e-01	1.633805148303508759e-01	1.636844407767057419e-01
2.000000000000000042e-03	1.511685989702804267e-01	1.615654900670051575e-01	1.593008693307638168e-01
2.000000000000000042e-03	1.549241403235664949e-01	1.619477178901433945e-01	1.608674619346857071e-01
2.000000000000000042e-03	1.513772263557096043e-01	1.577692888677120209e-01	1.577309928834438324e-01
2.000000000000000042e-03	1.503079959863348747e-01	1.520943436771631241e-01	1.533237546682357788e-01
2.000000000000000042e-03	1.450928944764257877e-01	1.612351126968860626e-01	1.582701504230499268e-01
2.000000000000000042e-03	1.456608518580847222e-01	1.584496702998876572e-01	1.583657637238502502e-01
2.000000000000000042e-03	1.469719370331945274e-01	1.552914399653673172e-01	1.540914401412010193e-01
2.000000000000000042e-03	1.436782833896105838e-01	1.522466167807579041e-01	1.523219868540763855e-01
2.000000000000000042e-03	1.479669864985007355e-01	1.602033060044050217e-01	1.606350038200616837e-01
2.000000000000000042e-03	1.430583962156802835e-01	1.598162986338138580e-01	1.601831577718257904e-01
2.000000000000000042e-03	1.448271720658374784e-01	1.536409277468919754e-01	1.543573122471570969e-01
2.000000000000000042e-03	1.415359645704679925e-01	1.575135365128517151e-01	1.588060352951288223e-01
2.000000000000000042e-03	1.405621224754973198e-01	1.522811334580183029e-01	1.500993277877569199e-01
2.000000000000000042e-03	1.378611978850787234e-01	1.443993709981441498e-01	1.447620503604412079e-01
2.000000000000000042e-03	1.368022992075244026e-01	1.463405340909957886e-01	1.471041310578584671e-01
2.000000000000000042e-03	1.378710541544081181e-01	1.486490238457918167e-01	1.493758149445056915e-01
2.000000000000000042e-03	1.411680824394467570e-01	1.446724627166986465e-01	1.472958642989397049e-01
2.000000000000000042e-03	1.381495901489559475e-01	1.513166632503271103e-01	1.504356246441602707e-01
2.000000000000000042e-03	1.348807345839995453e-01	1.482266616076231003e-01	1.487385369837284088e-01
2.000000000000000042e-03	1.317780591264555712e-01	1.499248109757900238e-01	1.495794635266065598e-01
2.000000000000000042e-03	1.319828033447265625e-01	1.491359099745750427e-01	1.453244537115097046e-01
2.000000000000000042e-03	1.335112748644020075e-01	1.557337362319231033e-01	1.513404287397861481e-01
2.000000000000000042e-03	1.319935513259489213e-01	1.515465360134840012e-01	1.476064659655094147e-01
2.000000000000000042e-03	1.308681812090209673e-01	1.602378990501165390e-01	1.596544757485389709e-01
2.000000000000000042e-03	1.277472307976288135e-01	1.390562374144792557e-01	1.391606954857707024e-01
2.000000000000000042e-03	1.271399117157429037e-01	1.493253596127033234e-01	1.494233682751655579e-01
2.000000000000000042e-03	1.293291958827006705e-01	1.429044408723711967e-01	1.443332005292177200e-01
2.000000000000000042e-03	1.265332338553440683e-01	1.510753352195024490e-01	1.491353679448366165e-01
2.000000000000000042e-03	1.274522787219361519e-01	1.442528013139963150e-01	1.415761243551969528e-01
2.000000000000000042e-03	1.281387863468520238e-01	1.543117836117744446e-01	1.526338960975408554e-01
2.000000000000000042e-03	1.258603599441202314e-01	1.535809002816677094e-01	1.541844457387924194e-01
2.000000000000000042e-03	1.267950465030308060e-01	1.496254783123731613e-01	1.513226721435785294e-01
2.000000000000000042e-03	1.272648009884206621e-01	1.472621327266097069e-01	1.464625671505928040e-01
2.000000000000000042e-03	1.283735150966463234e-01	1.475089341402053833e-01	1.472909003496170044e-01
2.000000000000000042e-03	1.234974551804458032e-01	1.446342468261718750e-01	1.429537776857614517e-01
2.000000000000000042e-03	1.227428499090520708e-01	1.449989806860685349e-01	1.432935800403356552e-01
2.000000000000000042e-03	1.198059152575987746e-01	1.459957994520664215e-01	1.440814547240734100e-01
2.000000000000000042e-03	1.224993091972568365e-01	1.435432489961385727e-01	1.440347824245691299e-01
2.000000000000000042e-03	1.199356397684616382e-01	1.452210005372762680e-01	1.444980539381504059e-01
2.000000000000000042e-03	1.197193449811090465e-01	1.430630143731832504e-01	1.426531076431274414e-01
2.000000000000000042e-03	1.235312894929813388e-01	1.396246301010251045e-01	1.399832125753164291e-01
2.000000000000000042e-03	1.242617458293709537e-01	1.493661068379878998e-01	1.480912324041128159e-01
2.000000000000000042e-03	1.209988843036603340e-01	1.401493288576602936e-01	1.407011486589908600e-01
2.000000000000000042e-03	1.212435422253005102e-01	1.427416428923606873e-01	1.414200831204652786e-01
2.000000000000000042e-03	1.216650091205971201e-01	1.419871151447296143e-01	1.432060878723859787e-01
2.000000000000000042e-03	1.242824014794977339e-01	1.611420717090368271e-01	1.586169339716434479e-01
1.000000000000000021e-03	1.094101186417326121e-01	1.311154421418905258e-01	1.306849317625164986e-01
1.000000000000000021e-03	1.062444768185857036e-01	1.309664240106940269e-01	1.301031764596700668e-01
1.000000000000000021e-03	1.046162897461577340e-01	1.288903802633285522e-01	1.302977241575717926e-01
1.000000000000000021e-03	1.017702807542643917e-01	1.299211829900741577e-01	1.297406340017914772e-01
1.000000000000000021e-03	1.004483654529233494e-01	1.287532513961195946e-01	1.286125341430306435e-01
1.000000000000000021e-03	1.012427436211441184e-01	1.289619179442524910e-01	1.279081534594297409e-01
1.000000000000000021e-03	1.011246174008031407e-01	1.291497601196169853e-01	1.287699565291404724e-01
1.000000000000000021e-03	1.013155516378487220e-01	1.294174343347549438e-01	1.309778690338134766e-01
1.000000000000000021e-03	9.939059294477294026e-02	1.345727294683456421e-01	1.351987589150667191e-01
1.000000000000000021e-03	9.929792884784409412e-02	1.340429047122597694e-01	1.352221658453345299e-01
1.000000000000000021e-03	9.869514782971973432e-02	1.280827149748802185e-01	1.291443286463618279e-01
1.000000000000000021e-03	9.747262902652160943e-02	1.315747601911425591e-01	1.299816034734249115e-01
1.000000000000000021e-03	9.704832628935197714e-02	1.326195588335394859e-01	1.317845564335584641e-01
1.000000000000000021e-03	9.750152699932267131e-02	1.361441928893327713e-01	1.347381621599197388e-01
1.000000000000000021e-03	9.742675297245194377e-02	1.334297796711325645e-01	1.323755858466029167e-01
1.000000000000000021e-03	9.635660665321953144e-02	1.303306585177779198e-01	1.295952983200550079e-01
1.000000000000000021e-03	9.817413174653355501e-02	1.354794194921851158e-01	1.327519519254565239e-01
1.000000000000000021e-03	9.791545852830138563e-02	1.317758690565824509e-01	1.296411296352744102e-01
1.000000000000000021e-03	9.752572007194350301e-02	1.336774975061416626e-01	1.329989237710833549e-01
1.000000000000000021e-03	9.646696201230905987e-02	1.334011703729629517e-01	1.323841549456119537e-01
1.000000000000000021e-03	9.674227256563645849e-02	1.313575236126780510e-01	1.293647270649671555e-01
1.000000000000000021e-03	9.592438753269895424e-02	1.372603988274931908e-01	1.368369795382022858e-01
1.000000000000000021e-03	9.565560265055185474e-02	1.347564561292529106e-01	1.335036419332027435e-01
1.000000000000000021e-03	9.554432285360142663e-02	1.319900173693895340e-01	1.299473419785499573e-01
1.000000000000000021e-03	9.264971146100683952e-02	1.305803507566452026e-01	1.293890140950679779e-01
1.000000000000000021e-03	9.125837306433086382e-02	1.357735693454742432e-01	1.343936193734407425e-01
1.000000000000000021e-03	9.325959552315217505e-02	1.328880190849304199e-01	1.309443106874823570e-01
1.000000000000000021e-03	9.370387166361265896e-02	1.308891968801617622e-01	1.298128459602594376e-01
1.000000000000000021e-03	9.301428006419652783e-02	1.291308812797069550e-01	1.272501219063997269e-01
1.000000000000000021e-03	9.121818765054774680e-02	1.322903204709291458e-01	1.293860543519258499e-01
1.000000000000000021e-03	9.035125054136107503e-02	1.336796544492244720e-01	1.327054221183061600e-01
1.000000000000000021e-03	9.227325078807299685e-02	1.374597046524286270e-01	1.352316103875637054e-01
5.000000000000000104e-04	8.658833188723914775e-02	1.252475343644618988e-01	1.246266169473528862e-01
5.000000000000000104e-04	8.301269008389002002e-02	1.260088700801134109e-01	1.253348812460899353e-01
5.000000000000000104e-04	8.266588639986666154e-02	1.255836924538016319e-01	1.247871723026037216e-01
5.000000000000000104e-04	8.124272261239305626e-02	1.264030383899807930e-01	1.265723528340458870e-01
5.000000000000000104e-04	8.161707892070842185e-02	1.258991435170173645e-01	1.245502680540084839e-01
5.000000000000000104e-04	8.360690340588364244e-02	1.273629814386367798e-01	1.258495356887578964e-01
5.000000000000000104e-04	8.309748627339737237e-02	1.308722011744976044e-01	1.292603258043527603e-01
5.000000000000000104e-04	8.167630632089663278e-02	1.252900334075093269e-01	1.248008524999022484e-01
5.000000000000000104e-04	8.197828193631352678e-02	1.270336303859949112e-01	1.262565245851874352e-01
5.000000000000000104e-04	8.082215780321555521e-02	1.249730559065937996e-01	1.251301532611250877e-01
5.000000000000000104e-04	8.086042577707314161e-02	1.271306267008185387e-01	1.256345529109239578e-01
5.000000000000000104e-04	7.906820672222331092e-02	1.267287470400333405e-01	1.257720533758401871e-01
5.000000000000000104e-04	7.934784233758720995e-02	1.286881323903799057e-01	1.271423390135169029e-01
5.000000000000000104e-04	8.072967129417613075e-02	1.304835360497236252e-01	1.289596976712346077e-01
5.000000000000000104e-04	8.036260797253137744e-02	1.286648828536272049e-01	1.275549251586198807e-01
5.000000000000000104e-04	7.899338120146642828e-02	1.260853949934244156e-01	1.260826485231518745e-01
5.000000000000000104e-04	7.906055257101601841e-02	1.276774099096655846e-01	1.258250633254647255e-01
5.000000000000000104e-04	7.679824747993976852e-02	1.283410890027880669e-01	1.260665189474821091e-01
5.000000000000000104e-04	8.010736452061918700e-02	1.259706569835543633e-01	1.249324306845664978e-01
5.000000000000000104e-04	7.747681283309490463e-02	1.281058397144079208e-01	1.263938527554273605e-01
5.000000000000000104e-04	7.704175461696673166e-02	1.271980190649628639e-01	1.262459643185138702e-01
5.000000000000000104e-04	7.923110489603839290e-02	1.291899941861629486e-01	1.276856763288378716e-01
5.000000000000000104e-04	7.741861568787429537e-02	1.273592105135321617e-01	1.256705578416585922e-01
5.000000000000000104e-04	7.646118920249274364e-02	1.284723905846476555e-01	1.265921490266919136e-01
5.000000000000000104e-04	7.599434643229351083e-02	1.263501299545168877e-01	1.249122442677617073e-01
5.000000000000000104e-04	7.613651586484306011e-02	1.282558348029851913e-01	1.271262923255562782e-01
5.000000000000000104e-04	7.481655148388463572e-02	1.265111025422811508e-01	1.250254455953836441e-01
5.000000000000000104e-04	7.551946033593974483e-02	1.316724997013807297e-01	1.294244900345802307e-01
5.000000000000000104e-04	7.624046867595443699e-02	1.297224098816514015e-01	1.292601162567734718e-01
5.000000000000000104e-04	7.488592497155635574e-02	1.299776230007410049e-01	1.289325915277004242e-01
5.000000000000000104e-04	7.764113684998283360e-02	1.282446859404444695e-01	1.269454173743724823e-01
2.500000000000000052e-04	7.386871021759661149e-02	1.248763278126716614e-01	1.246700109913945198e-01
2.500000000000000052e-04	7.035191451446919098e-02	1.240243371576070786e-01	1.234600646421313286e-01
2.500000000000000052e-04	6.985294573669191542e-02	1.242381865158677101e-01	1.229752656072378159e-01
2.500000000000000052e-04	7.093103244146213571e-02	1.247986415401101112e-01	1.239991206675767899e-01
2.500000000000000052e-04	7.041162530644030915e-02	1.247520698234438896e-01	1.235472681000828743e-01
2.500000000000000052e-04	7.262258830515644359e-02	1.274379817768931389e-01	1.265361141413450241e-01
2.500000000000000052e-04	6.787522052285037411e-02	1.255381265655159950e-01	1.245690397918224335e-01
2.500000000000000052e-04	6.980047973839542674e-02	1.262514377012848854e-01	1.255602221935987473e-01
2.500000000000000052e-04	7.067776098847389221e-02	1.251438716426491737e-01	1.237196642905473709e-01
2.500000000000000052e-04	6.931920019508916453e-02	1.262541702017188072e-01	1.255233958363533020e-01
2.500000000000000052e-04	7.013150993027264524e-02	1.260699415579438210e-01	1.244688145816326141e-01
2.500000000000000052e-04	6.746167915908596324e-02	1.253127446398139000e-01	1.242486042901873589e-01
2.500000000000000052e-04	6.900752241475673066e-02	1.259683193638920784e-01	1.242927331477403641e-01
2.500000000000000052e-04	6.880540551641319003e-02	1.256862049922347069e-01	1.239732038229703903e-01
2.500000000000000052e-04	6.994960089273090376e-02	1.251200977712869644e-01	1.231892360374331474e-01
2.500000000000000052e-04	6.890485572475421594e-02	1.270127659663558006e-01	1.256387382745742798e-01
2.500000000000000052e-04	6.873646458681625937e-02	1.273923367261886597e-01	1.260690139606595039e-01
2.500000000000000052e-04	6.898624162319340336e-02	1.246423730626702309e-01	1.230971887707710266e-01
2.500000000000000052e-04	7.097161245308344912e-02	1.259230803698301315e-01	1.246198611333966255e-01
2.500000000000000052e-04	6.789482087840008340e-02	1.260647978633642197e-01	1.235947217792272568e-01
2.500000000000000052e-04	7.114391637187969519e-02	1.253873836249113083e-01	1.247009318321943283e-01
2.500000000000000052e-04	6.707716605897191819e-02	1.271368237212300301e-01	1.261161612346768379e-01
2.500000000000000052e-04	6.745950788070884108e-02	1.263092113658785820e-01	1.248372122645378113e-01
1.250000000000000026e-04	6.833418321949016883e-02	1.257504764944314957e-01	1.251845005899667740e-01
1.250000000000000026e-04	6.653781659618208943e-02	1.244713645428419113e-01	1.242690030485391617e-01
1.250000000000000026e-04	6.262272728394858989e-02	1.254101423546671867e-01	1.243150839582085609e-01
1.250000000000000026e-04	6.570060206930848634e-02	1.261954391375184059e-01	1.236538309603929520e-01
1.250000000000000026e-04	6.443677776599232576e-02	1.253770152106881142e-01	1.237146686762571335e-01
1.250000000000000026e-04	6.481416150927543640e-02	1.248727608472108841e-01	1.233922569081187248e-01
1.250000000000000026e-04	6.464830729403073240e-02	1.252740640193223953e-01	1.239776033908128738e-01
1.250000000000000026e-04	6.444699689745903015e-02	1.257789582014083862e-01	1.240032026544213295e-01
1.250000000000000026e-04	6.485163660932190266e-02	1.263565206900238991e-01	1.243802625685930252e-01
1.250000000000000026e-04	6.513447173034088433e-02	1.253225086256861687e-01	1.242207428440451622e-01
1.250000000000000026e-04	6.640957984365994382e-02	1.261288747191429138e-01	1.249582897871732712e-01
1.250000000000000026e-04	6.510088837976697740e-02	1.251543797552585602e-01	1.237008552998304367e-01
1.250000000000000026e-04	6.429622713712197790e-02	1.252082046121358871e-01	1.233287258073687553e-01
1.250000000000000026e-04	6.454949774130989970e-02	1.260384395718574524e-01	1.246346058323979378e-01
1.250000000000000026e-04	6.429129192912125257e-02	1.250683935359120369e-01	1.232427814975380898e-01
1.250000000000000026e-04	6.673145124429388786e-02	1.263280417770147324e-01	1.244211737066507339e-01
1.250000000000000026e-04	6.606774739449537692e-02	1.254450120031833649e-01	1.245419727638363838e-01
1.250000000000000026e-04	6.423564047753056727e-02	1.263018250465393066e-01	1.238988861441612244e-01
1.250000000000000026e-04	6.313700804227515007e-02	1.260037505999207497e-01	1.246609408408403397e-01
1.250000000000000026e-04	6.574681858661808598e-02	1.250205030664801598e-01	1.241715680807828903e-01
1.250000000000000026e-04	6.482162378445456563e-02	1.271370891481637955e-01	1.260005272924900055e-01
6.250000000000000130e-05	6.256152463110187245e-02	1.259059831500053406e-01	1.243824819102883339e-01
6.250000000000000130e-05	6.264731962280938038e-02	1.257025087252259254e-01	1.237160172313451767e-01
6.250000000000000130e-05	6.176787930764729428e-02	1.254733195528388023e-01	1.245282320305705070e-01
6.250000000000000130e-05	6.248087261485148203e-02	1.250877827405929565e-01	1.237270720303058624e-01
6.250000000000000130e-05	6.244490559719785561e-02	1.257403474301099777e-01	1.234739115461707115e-01
6.250000000000000130e-05	6.176535978536062260e-02	1.261315289884805679e-01	1.237508198246359825e-01
6.250000000000000130e-05	6.342874019394946494e-02	1.245396640151739120e-01	1.236145887523889542e-01
6.250000000000000130e-05	6.187690827476827193e-02	1.266128690913319588e-01	1.241922611370682716e-01
6.250000000000000130e-05	6.243343160876745068e-02	1.256624367088079453e-01	1.245169620960950851e-01
6.250000000000000130e-05	6.377826027477843940e-02	1.255769412964582443e-01	1.246137786656618118e-01
6.250000000000000130e-05	6.195709939244427311e-02	1.259717475622892380e-01	1.233949204906821251e-01
6.250000000000000130e-05	6.194632632445685322e-02	1.247600149363279343e-01	1.227969471365213394e-01
6.250000000000000130e-05	6.312133734927902196e-02	1.255642613396048546e-01	1.241641873493790627e-01
6.250000000000000130e-05	6.253932345705696949e-02	1.245172200724482536e-01	1.231404161080718040e-01
6.250000000000000130e-05	6.156193002869811415e-02	1.246361332014203072e-01	1.226204056292772293e-01
6.250000000000000130e-05	6.231921783919575769e-02	1.271006353199481964e-01	1.262800684198737144e-01
6.250000000000000130e-05	6.178505058530010807e-02	1.254351474344730377e-01	1.236431300640106201e-01
6.250000000000000130e-05	6.265627809717685959e-02	1.248078327625989914e-01	1.234927056357264519e-01
6.250000000000000130e-05	6.379559277733669320e-02	1.255329111590981483e-01	1.242163879796862602e-01
6.250000000000000130e-05	6.299037439159199669e-02	1.251525217667222023e-01	1.234412845224142075e-01
6.250000000000000130e-05	6.179796522365340466e-02	1.267699226737022400e-01	1.246200008317828178e-01
3.125000000000000065e-05	6.178691389062736933e-02	1.248595500364899635e-01	1.225067134946584702e-01
3.125000000000000065e-05	6.165158602444431590e-02	1.256250422447919846e-01	1.237080376595258713e-01
3.125000000000000065e-05	6.282296819211560801e-02	1.236910866573452950e-01	1.223314581438899040e-01
3.125000000000000065e-05	6.110443698265884821e-02	1.267560217529535294e-01	1.240775901824235916e-01
3.125000000000000065e-05	6.052393353060830927e-02	1.246787868440151215e-01	1.229717731475830078e-01
3.125000000000000065e-05	6.090094408468355036e-02	1.247545154765248299e-01	1.236059833317995071e-01
3.125000000000000065e-05	6.079077126481865351e-02	1.253155395388603210e-01	1.238784482702612877e-01
3.125000000000000065e-05	6.210079397770423143e-02	1.262228526175022125e-01	1.239498127251863480e-01
3.125000000000000065e-05	6.059506351623353965e-02	1.272022267803549767e-01	1.255011390894651413e-01
3.125000000000000065e-05	6.129206693436525799e-02	1.249893661588430405e-01	1.235953029245138168e-01
3.125000000000000065e-05	5.933427768228929228e-02	1.244900152087211609e-01	1.230342704802751541e-01
3.125000000000000065e-05	6.172918716940698630e-02	1.257410403341054916e-01	1.229082094505429268e-01
3.125000000000000065e-05	6.066371722123290594e-02	1.256099212914705276e-01	1.238804841414093971e-01
3.125000000000000065e-05	6.130807695886756475e-02	1.254376731812953949e-01	1.231336584314703941e-01
3.125000000000000065e-05	6.085937300437613273e-02	1.248180102556943893e-01	1.234938642010092735e-01
3.125000000000000065e-05	6.025953567292116619e-02	1.256941305473446846e-01	1.246479786932468414e-01
3.125000000000000065e-05	6.148097150122062982e-02	1.258462015539407730e-01	1.240915451198816299e-01
3.125000000000000065e-05	6.195758834858484249e-02	1.254755835980176926e-01	1.238215472549200058e-01
3.125000000000000065e-05	6.174053152716612453e-02	1.253076195716857910e-01	1.246555522084236145e-01
3.125000000000000065e-05	6.151326052561591207e-02	1.251138541847467422e-01	1.230976581573486328e-01
3.125000000000000065e-05	6.174877790521971638e-02	1.256800480186939240e-01	1.235751230269670486e-01
3.125000000000000065e-05	6.266464953181109798e-02	1.252563931047916412e-01	1.247206265106797218e-01
3.125000000000000065e-05	6.242855562816692488e-02	1.248632241040468216e-01	1.224609343335032463e-01
3.125000000000000065e-05	6.118099476340450871e-02	1.245869444683194160e-01	1.230667196214199066e-01
1.562500000000000033e-05	5.971310297145119433e-02	1.244948459789156914e-01	1.228354042395949364e-01
1.562500000000000033e-05	6.000390158423894726e-02	1.263842498883605003e-01	1.239310698583722115e-01
1.562500000000000033e-05	6.182648797955694192e-02	1.254661949351429939e-01	1.239854926243424416e-01
1.562500000000000033e-05	6.441063693241227961e-02	1.288029402494430542e-01	1.275313636288046837e-01
1.562500000000000033e-05	6.197434088474587655e-02	1.268009655177593231e-01	1.248887432739138603e-01
1.562500000000000033e-05	6.155079593764075513e-02	1.268475437536835670e-01	1.249589771032333374e-01
1.562500000000000033e-05	6.041236264230329805e-02	1.257193181663751602e-01	1.235054172575473785e-01
1.562500000000000033e-05	6.069556307754939151e-02	1.267245635390281677e-01	1.246328391134738922e-01
1.562500000000000033e-05	6.194520647389979012e-02	1.252557076513767242e-01	1.229819096624851227e-01
1.562500000000000033e-05	6.180445208579678912e-02	1.265591159462928772e-01	1.250185621902346611e-01
1.562500000000000033e-05	6.027251958281178851e-02	1.255185343325138092e-01	1.234918255358934402e-01
1.562500000000000033e-05	5.954961973843695550e-02	1.248836331069469452e-01	1.231560111045837402e-01
1.562500000000000033e-05	6.065126145376435046e-02	1.249230001121759415e-01	1.237638648599386215e-01
1.562500000000000033e-05	6.202351014259495365e-02	1.284942207857966423e-01	1.266037886962294579e-01
1.562500000000000033e-05	6.113895377780817486e-02	1.249648146331310272e-01	1.232716450467705727e-01
1.562500000000000033e-05	5.991968531397324355e-02	1.258591059595346451e-01	1.231099721044301987e-01
1.562500000000000033e-05	6.073760005492198633e-02	1.260122032836079597e-01	1.247061230242252350e-01
1.562500000000000033e-05	6.237745756589913732e-02	1.253419630229473114e-01	1.236081048846244812e-01
1.562500000000000033e-05	6.073569496975669141e-02	1.261268798261880875e-01	1.251615313813090324e-01
1.562500000000000033e-05	5.985731207117249431e-02	1.259178183972835541e-01	1.241240892559289932e-01
1.562500000000000033e-05	6.235512180984774389e-02	1.250758366659283638e-01	1.236898843199014664e-01
7.812500000000000163e-06	6.056590420724470430e-02	1.257856506854295731e-01	1.243246532976627350e-01
7.812500000000000163e-06	6.012722741388067116e-02	1.257535200566053391e-01	1.240893946960568428e-01
7.812500000000000163e-06	6.009480880596970026e-02	1.259267218410968781e-01	1.245434507727622986e-01
7.812500000000000163e-06	6.118736326505866407e-02	1.268386952579021454e-01	1.251759873703122139e-01
7.812500000000000163e-06	5.997794965588593846e-02	1.250455332919955254e-01	1.232741167768836021e-01
7.812500000000000163e-06	5.934691132058071000e-02	1.265264721587300301e-01	1.245407080277800560e-01
7.812500000000000163e-06	5.890804599923423618e-02	1.248142896220088005e-01	1.239701937884092331e-01
7.812500000000000163e-06	6.105520156554029160e-02	1.252894373610615730e-01	1.232713647186756134e-01
7.812500000000000163e-06	6.055472503545918095e-02	1.253550369292497635e-01	1.237677950412034988e-01
7.812500000000000163e-06	6.136523625707324819e-02	1.266718497499823570e-01	1.244842596352100372e-01
7.812500000000000163e-06	6.325175174618069551e-02	1.267685024067759514e-01	1.266781706362962723e-01
7.812500000000000163e-06	6.119325554257706856e-02	1.274943184107542038e-01	1.241126414388418198e-01
7.812500000000000163e-06	6.009354107553446095e-02	1.271725120022892952e-01	1.248769611120223999e-01
7.812500000000000163e-06	6.017976617322692151e-02	1.263287486508488655e-01	1.243091952055692673e-01
7.812500000000000163e-06	6.006602212032185334e-02	1.264379853382706642e-01	1.246403362601995468e-01
7.812500000000000163e-06	6.009713838560671456e-02	1.252692015841603279e-01	1.235389057546854019e-01
7.812500000000000163e-06	6.260375725694850013e-02	1.253710919991135597e-01	1.230464223772287369e-01
7.812500000000000163e-06	6.018448672905753194e-02	1.253401683643460274e-01	1.230542259290814400e-01
7.812500000000000163e-06	5.956603487647032374e-02	1.245634481310844421e-01	1.234631529077887535e-01
7.812500000000000163e-06	6.015926127946829433e-02	1.259532514959573746e-01	1.238574059680104256e-01
7.812500000000000163e-06	6.096300459172152020e-02	1.260464023798704147e-01	1.239464124664664268e-01
3.906250000000000081e-06	6.003710278604604267e-02	1.269741915166378021e-01	1.246442701667547226e-01
3.906250000000000081e-06	6.144312698441215664e-02	1.265931036323308945e-01	1.249487306922674179e-01
3.906250000000000081e-06	5.998411788781986970e-02	1.250952221453189850e-01	1.224254649132490158e-01
3.906250000000000081e-06	5.979578838318209272e-02	1.265815952792763710e-01	1.249661818146705627e-01
3.906250000000000081e-06	6.078487097085276403e-02	1.252479190006852150e-01	1.231606714427471161e-01
3.906250000000000081e-06	6.127555097771596182e-02	1.264006039127707481e-01	1.246398007497191429e-01
3.906250000000000081e-06	6.020114750047273616e-02	1.243229508399963379e-01	1.223486186936497688e-01
3.906250000000000081e-06	6.109971105109287398e-02	1.245740940794348717e-01	1.232402985915541649e-01
3.906250000000000081e-06	5.927212616499466513e-02	1.257275603711605072e-01	1.230775276198983192e-01
3.906250000000000081e-06	5.953827127814292908e-02	1.261867452412843704e-01	1.241856394335627556e-01
3.906250000000000081e-06	6.021926924586296082e-02	1.241634283214807510e-01	1.223200345411896706e-01
3.906250000000000081e-06	5.943710837937608849e-02	1.246419902890920639e-01	1.233987743034958839e-01
3.906250000000000081e-06	5.949855477938169324e-02	1.249939780682325363e-01	1.226675650104880333e-01
3.906250000000000081e-06	5.952706027634536295e-02	1.251326194033026695e-01	1.229481585323810577e-01
3.906250000000000081e-06	6.049757375370098250e-02	1.254709986969828606e-01	1.228666305541992188e-01
3.906250000000000081e-06	6.011272957430609937e-02	1.254753302782773972e-01	1.237201867625117302e-01
3.906250000000000081e-06	6.105078322977959548e-02	1.253251247107982635e-01	1.233236175030469894e-01
3.906250000000000081e-06	5.880532885276818639e-02	1.254797540605068207e-01	1.227242387831211090e-01
3.906250000000000081e-06	5.940921830980083751e-02	1.254626540467143059e-01	1.233596587553620338e-01
3.906250000000000081e-06	5.995099463417560143e-02	1.254443060606718063e-01	1.233699731528759003e-01
3.906250000000000081e-06	5.972165237121944414e-02	1.270675547420978546e-01	1.247898908331990242e-01
1.953125000000000041e-06	6.073610725093491619e-02	1.273051807656884193e-01	1.253863498568534851e-01
1.953125000000000041e-06	5.996207647685763281e-02	1.249527940526604652e-01	1.228539859876036644e-01
1.953125000000000041e-06	6.026086409257937204e-02	1.250859163701534271e-01	1.230375254526734352e-01
1.953125000000000041e-06	6.310867452168766878e-02	1.258939551189541817e-01	1.240970203652977943e-01
1.953125000000000041e-06	6.000095478530171472e-02	1.262906026095151901e-01	1.240126797929406166e-01
1.953125000000000041e-06	6.012781544388094701e-02	1.264496697112917900e-01	1.242701839655637741e-01
1.953125000000000041e-06	6.049218363588369091e-02	1.261426499113440514e-01	1.237238505855202675e-01
1.953125000000000041e-06	5.970970644981046099e-02	1.256143990904092789e-01	1.232924088835716248e-01
1.953125000000000041e-06	6.006780460099630375e-02	1.262625809758901596e-01	1.247028922662138939e-01
1.953125000000000041e-06	5.974755139101909501e-02	1.261334521695971489e-01	1.246416121721267700e-01
1.953125000000000041e-06	5.908720336760146796e-02	1.248789587989449501e-01	1.234722668305039406e-01
1.953125000000000041e-06	6.098001044762285661e-02	1.257478836923837662e-01	1.235003601759672165e-01
1.953125000000000041e-06	6.080198259670523131e-02	1.265424396842718124e-01	1.250333087518811226e-01
1.953125000000000041e-06	6.154016622259646935e-02	1.255591586232185364e-01	1.237936550751328468e-01
1.953125000000000041e-06	5.976123221312897027e-02	1.248747706413269043e-01	1.230368176475167274e-01
1.953125000000000041e-06	6.000907280588451548e-02	1.260863868519663811e-01	1.247397558763623238e-01
1.953125000000000041e-06	5.896975835667380567e-02	1.250363383442163467e-01	1.236096657812595367e-01
1.953125000000000041e-06	5.965270512277567189e-02	1.257327971979975700e-01	1.238354463130235672e-01
1.953125000000000041e-06	5.944335083418254839e-02	1.255967300385236740e-01	1.250949464738368988e-01
1.953125000000000041e-06	5.928698931879634870e-02	1.250575231388211250e-01	1.230004560202360153e-01
1.953125000000000041e-06	6.059087369638153225e-02	1.270940918475389481e-01	1.253695776686072350e-01
9.765625000000000203e-07	5.919421747138228773e-02	1.259332206100225449e-01	1.238755146041512489e-01
9.765625000000000203e-07	6.020002364169193404e-02	1.256110575050115585e-01	1.233665673062205315e-01
9.765625000000000203e-07	6.026941858514954509e-02	1.262418571859598160e-01	1.241212012246251106e-01
9.765625000000000203e-07	6.013849929352350215e-02	1.257163714617490768e-01	1.236439431086182594e-01
9.765625000000000203e-07	5.957880455859099894e-02	1.253337999805808067e-01	1.227073073387145996e-01
9.765625000000000203e-07	6.018996483917477686e-02	1.255525853484869003e-01	1.241933880373835564e-01
9.765625000000000203e-07	5.866380351819569516e-02	1.256331717595458031e-01	1.229998245835304260e-01
9.765625000000000203e-07	5.921366735349727767e-02	1.258364645764231682e-01	1.244985796511173248e-01
9.765625000000000203e-07	5.889151919680305630e-02	1.249030493199825287e-01	1.231012810021638870e-01
9.765625000000000203e-07	5.924547402353226577e-02	1.256098700687289238e-01	1.236419407650828362e-01
9.765625000000000203e-07	6.017351216530498342e-02	1.250190408900380135e-01	1.228611841797828674e-01
9.765625000000000203e-07	6.005243056371242089e-02	1.269143614917993546e-01	1.239305194467306137e-01
9.765625000000000203e-07	5.997986058834232914e-02	1.265946775674819946e-01	1.252718679606914520e-01
9.765625000000000203e-07	5.959691984366766865e-02	1.253749849274754524e-01	1.239953804761171341e-01
9.765625000000000203e-07	6.002239265208002966e-02	1.262481724843382835e-01	1.238480210304260254e-01
9.765625000000000203e-07	5.955955815277522158e-02	1.265904558822512627e-01	1.234217267483472824e-01
9.765625000000000203e-07	5.948169906682605756e-02	1.256978651508688927e-01	1.239859098568558693e-01
9.765625000000000203e-07	6.110420898546146257e-02	1.257435083389282227e-01	1.234915554523468018e-01
9.765625000000000203e-07	6.000104961515981966e-02	1.258471133187413216e-01	1.242452841252088547e-01
9.765625000000000203e-07	6.093033431451531923e-02	1.271476680412888527e-01	1.254168469458818436e-01
9.765625000000000203e-07	6.056162960167172510e-02	1.274342192336916924e-01	1.248208228498697281e-01
4.882812500000000102e-07	5.962648497352117383e-02	1.259256396442651749e-01	1.240567741915583611e-01
4.882812500000000102e-07	6.112504816507991628e-02	1.262059016153216362e-01	1.237186128273606300e-01
4.882812500000000102e-07	5.994431905542747796e-02	1.247728355228900909e-01	1.234744489192962646e-01
4.882812500000000102e-07	5.973958285360396470e-02	1.257171025499701500e-01	1.240806728601455688e-01
4.882812500000000102e-07	5.835240494601334066e-02	1.261525005102157593e-01	1.239775726571679115e-01
4.882812500000000102e-07	5.992784247368197065e-02	1.250964142382144928e-01	1.240147212520241737e-01
4.882812500000000102e-07	6.119903219462950045e-02	1.250122608616948128e-01	1.236248640343546867e-01
4.882812500000000102e-07	5.940658287911475266e-02	1.255576368421316147e-01	1.232004873454570770e-01
4.882812500000000102e-07	5.925148225660565454e-02	1.252811653539538383e-01	1.237136889249086380e-01
4.882812500000000102e-07	5.930190825764136697e-02	1.259193941950798035e-01	1.236688280478119850e-01
4.882812500000000102e-07	5.991825183169751518e-02	1.254791589453816414e-01	1.232647644355893135e-01
4.882812500000000102e-07	6.009145477150060199e-02	1.256997687742114067e-01	1.235872851684689522e-01
4.882812500000000102e-07	6.045035447312306631e-02	1.254417086020112038e-01	1.238230708986520767e-01
4.882812500000000102e-07	6.065446638231036108e-02	1.249805893748998642e-01	1.233598124235868454e-01
4.882812500000000102e-07	6.061682472877864825e-02	1.265575299039483070e-01	1.243513710796833038e-01
4.882812500000000102e-07	6.065197953883605386e-02	1.259638424962759018e-01	1.234021587297320366e-01
4.882812500000000102e-07	6.005681876706171762e-02	1.259777322411537170e-01	1.238478980958461761e-01
4.882812500000000102e-07	6.116024376470831359e-02	1.256778510287404060e-01	1.237619966268539429e-01
4.882812500000000102e-07	6.166356717106662166e-02	1.259778533130884171e-01	1.240442050620913506e-01
4.882812500000000102e-07	5.976955304983296025e-02	1.259496910497546196e-01	1.236219163984060287e-01
4.882812500000000102e-07	5.986345078371747841e-02	1.256302520632743835e-01	1.240189112722873688e-01
2.441406250000000051e-07	5.980220262574244272e-02	1.253776364028453827e-01	1.243493622168898582e-01
2.441406250000000051e-07	5.901583260561846234e-02	1.261144783347845078e-01	1.237834291532635689e-01
2.441406250000000051e-07	5.953143518182296007e-02	1.264388859272003174e-01	1.240285979583859444e-01
2.441406250000000051e-07	6.084447542700586326e-02	1.255598384886980057e-01	1.236791806295514107e-01
2.441406250000000051e-07	5.776208955087239194e-02	1.260985694825649261e-01	1.235323213040828705e-01
2.441406250000000051e-07	5.897984573546843912e-02	1.247681379318237305e-01	1.230730535462498665e-01
2.441406250000000051e-07	5.861901803107201492e-02	1.245473111048340797e-01	1.233331216499209404e-01
2.441406250000000051e-07	5.864002258528636796e-02	1.266536684706807137e-01	1.238638702780008316e-01
2.441406250000000051e-07	6.101098123796378642e-02	1.271848548203706741e-01	1.249119378626346588e-01
2.441406250000000051e-07	6.255255111410648605e-02	1.277707098051905632e-01	1.257000407204031944e-01
2.441406250000000051e-07	6.074750145213513725e-02	1.248743487522006035e-01	1.236125882714986801e-01
2.441406250000000051e-07	5.955198388310927599e-02	1.261764802038669586e-01	1.241675904020667076e-01
2.441406250000000051e-07	5.858052809593043697e-02	1.256745522841811180e-01	1.239529037848114967e-01
2.441406250000000051e-07	5.855201590287534286e-02	1.255488516762852669e-01	1.235018838196992874e-01
2.441406250000000051e-07	5.986609173160564734e-02	1.245743278414011002e-01	1.232182877138257027e-01
2.441406250000000051e-07	5.933978696224055660e-02	1.252644276246428490e-01	1.232745386660099030e-01
2.441406250000000051e-07	6.051888043367410069e-02	1.267549116164445877e-01	1.239884952083230019e-01
2.441406250000000051e-07	5.903691963493069850e-02	1.254434389993548393e-01	1.235414398834109306e-01
2.441406250000000051e-07	5.973575872522365882e-02	1.259373649954795837e-01	1.238336432725191116e-01
2.441406250000000051e-07	6.020780685770360519e-02	1.254313699901103973e-01	1.231041317805647850e-01
2.441406250000000051e-07	6.183213004960289721e-02	1.263234457001090050e-01	1.250412529334425926e-01
1.220703125000000025e-07	5.858855439892297901e-02	1.255709407851099968e-01	1.236701384186744690e-01
1.220703125000000025e-07	6.085136985477013205e-02	1.262926263734698296e-01	1.246037026867270470e-01
1.220703125000000025e-07	6.065373367901089746e-02	1.259718434885144234e-01	1.238964451476931572e-01
1.220703125000000025e-07	6.067108919348897927e-02	1.254216581583023071e-01	1.236669551581144333e-01
1.220703125000000025e-07	5.985267997919758998e-02	1.258483342826366425e-01	1.233634417876601219e-01
1.220703125000000025e-07	6.159817540570150518e-02	1.260356567800045013e-01	1.247456213459372520e-01
1.220703125000000025e-07	5.975323566530324482e-02	1.252467688173055649e-01	1.229028636589646339e-01
1.220703125000000025e-07	6.145678635073613394e-02	1.277507198974490166e-01	1.252545099705457687e-01
1.220703125000000025e-07	6.152894833608518743e-02	1.253412319347262383e-01	1.240142080932855606e-01
1.220703125000000025e-07	6.114487482022635395e-02	1.251581767573952675e-01	1.236206516623497009e-01
1.220703125000000025e-07	6.007610898040517677e-02	1.262375786900520325e-01	1.238200664520263672e-01
1.220703125000000025e-07	6.137033198264580519e-02	1.277765529230237007e-01	1.267252890393137932e-01
1.220703125000000025e-07	5.934978781055800373e-02	1.252893339842557907e-01	1.224410422146320343e-01
1.220703125000000025e-07	6.108988609306419820e-02	1.256108954548835754e-01	1.234770463779568672e-01
1.220703125000000025e-07	5.903323640740370387e-02	1.251177070662379265e-01	1.229325029999017715e-01
1.220703125000000025e-07	5.876940007828458656e-02	1.256427839398384094e-01	1.238571293652057648e-01
1.220703125000000025e-07	5.911588871592207695e-02	1.253048330545425415e-01	1.234211958944797516e-01
1.220703125000000025e-07	5.964253597621676367e-02	1.265205089002847672e-01	1.241324674338102341e-01
1.220703125000000025e-07	5.974737842437587154e-02	1.249912148341536522e-01	1.226524971425533295e-01
1.220703125000000025e-07	5.931748643140249272e-02	1.258421391248703003e-01	1.239479770883917809e-01
1.220703125000000025e-07	5.995498413715181357e-02	1.250897571444511414e-01	1.234979601576924324e-01
6.103515625000000127e-08	5.910400272924688780e-02	1.256662216037511826e-01	1.237405268475413322e-01
6.103515625000000127e-08	6.048881587914273911e-02	1.263872599229216576e-01	1.236364422366023064e-01
6.103515625000000127e-08	6.030907378166536909e-02	1.260151378810405731e-01	1.233909958973526955e-01
6.103515625000000127e-08	5.998338211940813791e-02	1.256064344197511673e-01	1.235641911625862122e-01
6.103515625000000127e-08	5.946053625850737656e-02	1.253795661032199860e-01	1.237710407003760338e-01
6.103515625000000127e-08	5.928317561179776568e-02	1.277096010744571686e-01	1.253808382898569107e-01
6.103515625000000127e-08	5.960760081682024009e-02	1.253986516967415810e-01	1.235319096595048904e-01
6.103515625000000127e-08	5.987365699455707985e-02	1.262859581038355827e-01	1.245582392439246178e-01
6.103515625000000127e-08	6.104938228484950435e-02	1.267533535137772560e-01	1.246742298826575279e-01
6.103515625000000127e-08	6.121009526939331924e-02	1.257840888574719429e-01	1.235751369968056679e-01
6.103515625000000127e-08	6.075203314989428144e-02	1.249257642775774002e-01	1.232653027400374413e-01
6.103515625000000127e-08	6.198580633801750034e-02	1.282375035807490349e-01	1.256514526903629303e-01
6.103515625000000127e-08	6.001803137456314385e-02	1.256949668750166893e-01	1.238160189241170883e-01
6.103515625000000127e-08	6.006672318223156559e-02	1.257953047752380371e-01	1.244819797575473785e-01
6.103515625000000127e-08	6.047195875191990061e-02	1.255879271775484085e-01	1.233411505818367004e-01
6.103515625000000127e-08	6.128757659204398661e-02	1.251090727746486664e-01	1.228580037131905556e-01
6.103515625000000127e-08	5.849293661834318453e-02	1.252697361633181572e-01	1.235626591369509697e-01
6.103515625000000127e-08	6.020935054255437124e-02	1.256062798202037811e-01	1.236308896914124489e-01
6.103515625000000127e-08	6.117551561586464376e-02	1.249636113643646240e-01	1.234360970556735992e-01
6.103515625000000127e-08	6.014510479908954932e-02	1.248342860490083694e-01	1.231220765039324760e-01
6.103515625000000127e-08	5.957987649908548511e-02	1.259565744549036026e-01	1.240394050255417824e-01
3.051757812500000064e-08	5.881479934235162715e-02	1.255339616909623146e-01	1.240746621042490005e-01
3.051757812500000064e-08	5.987553600269027859e-02	1.258509606122970581e-01	1.244924571365118027e-01
3.051757812500000064e-08	6.055657942838306440e-02	1.254372717812657356e-01	1.241483176127076149e-01
3.051757812500000064e-08	5.885633552753472691e-02	1.249308511614799500e-01	1.231633620336651802e-01
3.051757812500000064e-08	6.126484652108783735e-02	1.281253919005393982e-01	1.267879847437143326e-01
3.051757812500000064e-08	5.860641098852398950e-02	1.247924407944083214e-01	1.232351390644907951e-01
3.051757812500000064e-08	5.974980505018294419e-02	1.253674244508147240e-01	1.235297825187444687e-01
3.051757812500000064e-08	6.067193785234342718e-02	1.253499072045087814e-01	1.235265266150236130e-01
3.051757812500000064e-08	5.871730882532989054e-02	1.254809498786926270e-01	1.233041323721408844e-01
3.051757812500000064e-08	5.872321855041045396e-02	1.252452302724123001e-01	1.234104121103882790e-01
3.051757812500000064e-08	6.071166576275342786e-02	1.272859899327158928e-01	1.246195584535598755e-01
3.051757812500000064e-08	6.042436750817902630e-02	1.256287405267357826e-01	1.233594696968793869e-01
3.051757812500000064e-08	5.984501432203039040e-02	1.252343412488698959e-01	1.232409672811627388e-01
3.051757812500000064e-08	6.099838985106612738e-02	1.255242405459284782e-01	1.233431473374366760e-01
3.051757812500000064e-08	6.041214888608908290e-02	1.252961559221148491e-01	1.241378597915172577e-01
3.051757812500000064e-08	6.030139690147170300e-02	1.252356451004743576e-01	1.225222060456871986e-01
3.051757812500000064e-08	5.871404509378384817e-02	1.261839829385280609e-01	1.241318508982658386e-01
3.051757812500000064e-08	5.849929384981529534e-02	1.250629927963018417e-01	1.238273661583662033e-01
3.051757812500000064e-08	5.949230369510529609e-02	1.258592763915657997e-01	1.229889569804072380e-01
3.051757812500000064e-08	5.997142351314991432e-02	1.266081510111689568e-01	1.253758687525987625e-01
3.051757812500000064e-08	5.996523000582863749e-02	1.270872028544545174e-01	1.257483018562197685e-01
1.525878906250000032e-08	6.194625955216492147e-02	1.273931078612804413e-01	1.243400247767567635e-01
1.525878906250000032e-08	5.957664945457555317e-02	1.254030782729387283e-01	1.236409759148955345e-01
1.525878906250000032e-08	6.032954670394523322e-02	1.260169520974159241e-01	1.245006313547492027e-01
1.525878906250000032e-08	6.044291039999527548e-02	1.263982625678181648e-01	1.241986015811562538e-01
1.525878906250000032e-08	6.127498916621449548e-02	1.249228585511445999e-01	1.236319290474057198e-01
1.525878906250000032e-08	6.224081745441956137e-02	1.271072300150990486e-01	1.255712676793336868e-01
1.525878906250000032e-08	6.051754060236713695e-02	1.260098284110426903e-01	1.237268503755331039e-01
1.525878906250000032e-08	5.981371504596517258e-02	1.282539702951908112e-01	1.257145749405026436e-01
1.525878906250000032e-08	5.885115412028529835e-02	1.250471686944365501e-01	1.233683107420802116e-01
1.525878906250000032e-08	6.003261329252508605e-02	1.260620644316077232e-01	1.237017996609210968e-01
1.525878906250000032e-08	6.170158767247501536e-02	1.258619548752903938e-01	1.241328641772270203e-01
1.525878906250000032e-08	5.982712222428261672e-02	1.259961323812603951e-01	1.239973697811365128e-01
1.525878906250000032e-08	6.020114816065075952e-02	1.269202278926968575e-01	1.245844513177871704e-01
1.525878906250000032e-08	6.107689803348311658e-02	1.254571666941046715e-01	1.240638028830289841e-01
1.525878906250000032e-08	5.977899689651743065e-02	1.245753709226846695e-01	1.228273706510663033e-01
1.525878906250000032e-08	5.987566072918192039e-02	1.269143549725413322e-01	1.242663851007819176e-01
1.525878906250000032e-08	5.896931103890454967e-02	1.254858644679188728e-01	1.235476536676287651e-01
1.525878906250000032e-08	6.164442502622363013e-02	1.280910177156329155e-01	1.248636050149798393e-01
1.525878906250000032e-08	6.166552841851982714e-02	1.247993465512990952e-01	1.230261763557791710e-01
1.525878906250000032e-08	5.976713439331778760e-02	1.254639988765120506e-01	1.237019952386617661e-01
1.525878906250000032e-08	6.020494342982014857e-02	1.276670042425394058e-01	1.245759902521967888e-01
1.525878906250000032e-08	5.966709888999974926e-02	1.253469847142696381e-01	1.229369407519698143e-01
1.525878906250000032e-08	5.928281821970698279e-02	1.252943454310297966e-01	1.231122333556413651e-01
1.525878906250000032e-08	5.897007609092736607e-02	1.264165909960865974e-01	1.243868554010987282e-01
1.525878906250000032e-08	5.996650867635690968e-02	1.263385405763983727e-01	1.239057937636971474e-01
1.525878906250000032e-08	6.190220874887478186e-02	1.263984488323330879e-01	1.244836561381816864e-01
1.525878906250000032e-08	6.020394085517412341e-02	1.267246054485440254e-01	1.249410314485430717e-01
1.525878906250000032e-08	6.203058451602730394e-02	1.253291387110948563e-01	1.245921319350600243e-01
1.525878906250000032e-08	6.132186303221726781e-02	1.253951899707317352e-01	1.231608511880040169e-01
1.525878906250000032e-08	6.099969407991517878e-02	1.265891585499048233e-01	1.249452307820320129e-01
1.525878906250000032e-08	5.955764198605018045e-02	1.258828835561871529e-01	1.237859558314085007e-01
1.525878906250000032e-08	6.131419034886963909e-02	1.273761130869388580e-01	1.241529779508709908e-01
1.525878906250000032e-08	5.953565574710881908e-02	1.254021069034934044e-01	1.230700137093663216e-01
1.525878906250000032e-08	6.008430178972739427e-02	1.260130172595381737e-01	1.231601331382989883e-01
1.525878906250000032e-08	6.035907311907297290e-02	1.262186476960778236e-01	1.243707938119769096e-01
1.525878906250000032e-08	6.255238017515291071e-02	1.257282197475433350e-01	1.244985694065690041e-01
1.525878906250000032e-08	6.097796205667000563e-02	1.264801137149333954e-01	1.261369539424777031e-01
1.525878906250000032e-08	6.141514222644552101e-02	1.271150065585970879e-01	1.244962550699710846e-01
1.525878906250000032e-08	5.972088397115091901e-02	1.259835772216320038e-01	1.238251561298966408e-01
1.525878906250000032e-08	6.019569160063055480e-02	1.255749948322772980e-01	1.243119873106479645e-01
1.525878906250000032e-08	6.092016639400132244e-02	1.261237515136599541e-01	1.239939853549003601e-01
1.525878906250000032e-08	5.936956448079664522e-02	1.257292833179235458e-01	1.233141850680112839e-01
1.525878906250000032e-08	6.231312321711190289e-02	1.263778842985630035e-01	1.240150611847639084e-01
1.525878906250000032e-08	5.960566093084178341e-02	1.262460835278034210e-01	1.244283048436045647e-01
1.525878906250000032e-08	6.047486792070955880e-02	1.258012205362319946e-01	1.243645250797271729e-01
1.525878906250000032e-08	5.864148153157174026e-02	1.246555633842945099e-01	1.234407173469662666e-01
1.525878906250000032e-08	6.125885686731036978e-02	1.261841552332043648e-01	1.252132086083292961e-01
1.525878906250000032e-08	6.011268378624433362e-02	1.255396679043769836e-01	1.238437825813889503e-01
1.525878906250000032e-08	5.981238540026206224e-02	1.248822789639234543e-01	1.235113050788640976e-01
1.525878906250000032e-08	6.264454149935819172e-02	1.293719476088881493e-01	1.270963540300726891e-01
1.525878906250000032e-08	6.133513086581531687e-02	1.269031362608075142e-01	1.247452283278107643e-01
1.525878906250000032e-08	6.056681053736542170e-02	1.255791597068309784e-01	1.230661123991012573e-01
1.525878906250000032e-08	5.992312257802939052e-02	1.253644609823822975e-01	1.229767287150025368e-01
1.525878906250000032e-08	6.042583352780040579e-02	1.262123202905058861e-01	1.241513323038816452e-01
1.525878906250000032e-08	5.900941690123533839e-02	1.248718751594424248e-01	1.231769509613513947e-01
1.525878906250000032e-08	6.112389275922051196e-02	1.262068459764122963e-01	1.244185138493776321e-01
1.525878906250000032e-08	5.895457713852955001e-02	1.258604750037193298e-01	1.234645741060376167e-01
