2.000000000000000042e-03	3.848018363306793810e-01	4.037499055266380310e-01	4.141734130680561066e-01
2.000000000000000042e-03	2.761328831503662706e-01	2.857654429972171783e-01	2.813202627003192902e-01
2.000000000000000042e-03	2.535626171510430571e-01	2.674451731145381927e-01	2.685132864862680435e-01
2.000000000000000042e-03	2.335234771046457436e-01	2.290306854993104935e-01	2.307454403489828110e-01
2.000000000000000042e-03	2.252941723865798662e-01	2.382996268570423126e-01	2.392105683684349060e-01
2.000000000000000042e-03	2.153493267825887236e-01	2.216156907379627228e-01	2.234009336680173874e-01
2.000000000000000042e-03	2.150957037376452219e-01	2.047200202941894531e-01	2.068676538765430450e-01
2.000000000000000042e-03	2.043992060271999367e-01	2.006677612662315369e-01	2.009140420705080032e-01
2.000000000000000042e-03	2.056242793421202142e-01	2.071845717728137970e-01	2.090569436550140381e-01
2.000000000000000042e-03	1.926805592035945591e-01	1.909998357295989990e-01	1.952616404742002487e-01
2.000000000000000042e-03	1.895204539163203306e-01	1.993413586169481277e-01	2.031957600265741348e-01
2.000000000000000042e-03	1.907395524314687285e-01	2.065853346139192581e-01	2.084693200886249542e-01
2.000000000000000042e-03	1.826793330756923683e-01	1.645329557359218597e-01	1.696932762861251831e-01
2.000000000000000042e-03	1.818862991242469196e-01	1.780800279229879379e-01	1.810029968619346619e-01
2.000000000000000042e-03	1.800028540288345635e-01	5.127249918878078461e-01	5.255045071244239807e-01
2.000000000000000042e-03	1.986768939827061875e-01	2.193623315542936325e-01	2.229305058717727661e-01
2.000000000000000042e-03	1.842763235297384117e-01	1.961782984435558319e-01	2.018825579434633255e-01
2.000000000000000042e-03	1.760759544146211775e-01	1.645476389676332474e-01	1.667805612087249756e-01
2.000000000000000042e-03	1.724346095248113775e-01	1.725190952420234680e-01	1.774143949151039124e-01
2.000000000000000042e-03	1.709982533998127274e-01	1.717035230249166489e-01	1.737913247197866440e-01
2.000000000000000042e-03	1.682908989583389581e-01	1.753243505954742432e-01	1.781808584928512573e-01
2.000000000000000042e-03	1.671765693758107407e-01	1.759554892778396606e-01	1.790456902235746384e-01
2.000000000000000042e-03	1.728894457786898098e-01	1.593295410275459290e-01	1.613490507006645203e-01
2.000000000000000042e-03	1.633115386283850445e-01	1.753970161080360413e-01	1.757621131837368011e-01
2.000000000000000042e-03	1.655695562875723614e-01	1.838840581476688385e-01	1.870876066386699677e-01
2.000000000000000042e-03	1.612887865380395747e-01	1.657204553484916687e-01	1.699536833912134171e-01
2.000000000000000042e-03	1.609115566633924632e-01	1.606918293982744217e-01	1.649299971759319305e-01
2.000000000000000042e-03	1.672171797556213091e-01	1.923799775540828705e-01	1.936275120824575424e-01
2.000000000000000042e-03	1.593076249089422081e-01	1.526433061808347702e-01	1.566007919609546661e-01
2.000000000000000042e-03	1.590248163365110545e-01	1.613546591252088547e-01	1.650468725711107254e-01
2.000000000000000042e-03	1.592610240737094285e-01	1.867494247853755951e-01	1.873992104083299637e-01
2.000000000000000042e-03	1.563916408185717366e-01	1.510871071368455887e-01	1.555068362504243851e-01
2.000000000000000042e-03	1.528883655614490800e-01	1.595977991819381714e-01	1.607025098055601120e-01
2.000000000000000042e-03	1.528220055978509462e-01	1.706032883375883102e-01	1.733481939882040024e-01
2.000000000000000042e-03	1.481708647518218402e-01	1.807127669453620911e-01	1.807710528373718262e-01
2.000000000000000042e-03	1.534146157246601694e-01	1.543847471475601196e-01	1.551407594233751297e-01
2.000000000000000042e-03	1.498906810449648630e-01	1.573501192033290863e-01	1.602958235889673233e-01
2.000000000000000042e-03	1.481672031215474639e-01	1.503578573465347290e-01	1.504843961447477341e-01
2.000000000000000042e-03	1.503116852497752842e-01	1.515817660838365555e-01	1.564487051218748093e-01
2.000000000000000042e-03	1.489289533111113617e-01	1.601886656135320663e-01	1.589434109628200531e-01
2.000000000000000042e-03	1.465888647716256654e-01	1.502361167222261429e-01	1.507352031767368317e-01
2.000000000000000042e-03	1.448716136473643668e-01	1.573455836623907089e-01	1.593905817717313766e-01
2.000000000000000042e-03	1.412152785666381249e-01	1.502884663641452789e-01	1.506530717015266418e-01
2.000000000000000042e-03	1.413731531629079385e-01	1.629895027726888657e-01	1.620793957263231277e-01
2.000000000000000042e-03	1.446638225188738303e-01	1.776887029409408569e-01	1.790384855121374130e-01
2.000000000000000042e-03	1.445773807884771500e-01	1.606804300099611282e-01	1.638213135302066803e-01
2.000000000000000042e-03	1.401250431243377392e-01	1.480566896498203278e-01	1.500330604612827301e-01
2.000000000000000042e-03	1.382282531902759848e-01	1.471201665699481964e-01	1.501747351139783859e-01
2.000000000000000042e-03	1.406053431049177904e-01	1.588467862457036972e-01	1.602878421545028687e-01
2.000000000000000042e-03	1.373327035881296010e-01	1.504402142018079758e-01	1.502047125250101089e-01
2.000000000000000042e-03	1.332597419430937846e-01	1.683610118925571442e-01	1.730448957532644272e-01
2.000000000000000042e-03	1.379180073360853631e-01	1.624052990227937698e-01	1.637324988842010498e-01
2.000000000000000042e-03	1.386130498368528807e-01	1.582284606993198395e-01	1.612671054899692535e-01
2.000000000000000042e-03	1.308933201281330116e-01	1.439397800713777542e-01	1.448926907032728195e-01
2.000000000000000042e-03	1.362445437455478969e-01	1.457125637680292130e-01	1.479835286736488342e-01
2.000000000000000042e-03	1.348521385954905283e-01	1.418158710002899170e-01	1.476491671055555344e-01
2.000000000000000042e-03	1.357128051451489958e-01	1.498984359204769135e-01	1.517073605209589005e-01
2.000000000000000042e-03	1.351347031849849112e-01	1.463650949299335480e-01	1.509533263742923737e-01
2.000000000000000042e-03	1.308961319206636276e-01	1.471316460520029068e-01	1.487925294786691666e-01
2.000000000000000042e-03	1.337451595294324724e-01	1.471356395632028580e-01	1.488090306520462036e-01
2.000000000000000042e-03	1.360706233336955728e-01	1.448604445904493332e-01	1.484858281910419464e-01
2.000000000000000042e-03	1.336930225355715818e-01	1.542470827698707581e-01	1.601137258112430573e-01
2.000000000000000042e-03	1.341380577864526302e-01	1.526162438094615936e-01	1.537284851074218750e-01
2.000000000000000042e-03	1.366224653924567878e-01	1.485507301986217499e-01	1.503050085157155991e-01
2.000000000000000042e-03	1.322044221849381085e-01	1.470191180706024170e-01	1.488757506012916565e-01
2.000000000000000042e-03	1.290297131938270281e-01	1.549288630485534668e-01	1.569520663470029831e-01
2.000000000000000042e-03	1.281368795640860925e-01	1.474726311862468719e-01	1.481940168887376785e-01
2.000000000000000042e-03	1.267100229293485203e-01	1.512405760586261749e-01	1.517179943621158600e-01
2.000000000000000042e-03	1.244223962856244453e-01	1.437782514840364456e-01	1.439130362123250961e-01
2.000000000000000042e-03	1.226926700601094905e-01	1.463589537888765335e-01	1.483677625656127930e-01
2.000000000000000042e-03	1.274622425059729058e-01	1.607200931757688522e-01	1.616028081625699997e-01
2.000000000000000042e-03	1.263395347927190049e-01	1.697598826140165329e-01	1.706861238926649094e-01
2.000000000000000042e-03	1.286976659976983295e-01	1.416001766920089722e-01	1.438001561909914017e-01
2.000000000000000042e-03	1.230818149221094282e-01	1.488054729998111725e-01	1.517847608774900436e-01
2.000000000000000042e-03	1.261876258480398028e-01	1.493961419910192490e-01	1.499947626143693924e-01
2.000000000000000042e-03	1.218932089926321322e-01	1.426758188754320145e-01	1.446073055267333984e-01
2.000000000000000042e-03	1.201150229648698803e-01	1.459618471562862396e-01	1.491762455552816391e-01
2.000000000000000042e-03	1.199656238284292076e-01	1.426049154251813889e-01	1.460806876420974731e-01
2.000000000000000042e-03	1.187987785927857032e-01	1.369005525484681129e-01	1.403854209929704666e-01
2.000000000000000042e-03	1.207384621795219715e-01	1.399127691984176636e-01	1.422570478171110153e-01
2.000000000000000042e-03	1.183191340746758830e-01	1.422958746552467346e-01	1.425149980932474136e-01
2.000000000000000042e-03	1.165353053166896524e-01	1.459067743271589279e-01	1.490196827799081802e-01
2.000000000000000042e-03	1.222703061714957018e-01	1.568625699728727341e-01	1.572196483612060547e-01
2.000000000000000042e-03	1.277057160682316117e-01	1.539605762809514999e-01	1.549918353557586670e-01
2.000000000000000042e-03	1.211257878738113553e-01	1.393353622406721115e-01	1.380839422345161438e-01
2.000000000000000042e-03	1.217871156485774847e-01	1.417267397046089172e-01	1.413068510591983795e-01
2.000000000000000042e-03	1.199292861208131056e-01	1.361683420836925507e-01	1.376435235142707825e-01
2.000000000000000042e-03	1.191185142231892952e-01	1.399334911257028580e-01	1.419954337179660797e-01
2.000000000000000042e-03	1.170312865059587037e-01	1.510636825114488602e-01	1.519196759909391403e-01
2.000000000000000042e-03	1.190328781929197166e-01	1.424610298126935959e-01	1.440565567463636398e-01
2.000000000000000042e-03	1.171567519254322343e-01	1.398916728794574738e-01	1.392561281099915504e-01
2.000000000000000042e-03	1.132722092391569430e-01	1.505882088094949722e-01	1.524829082190990448e-01
2.000000000000000042e-03	1.170602842599530735e-01	1.408457271754741669e-01	1.432049516588449478e-01
2.000000000000000042e-03	1.137134008392503004e-01	1.413660040125250816e-01	1.444659866392612457e-01
2.000000000000000042e-03	1.135464358744742025e-01	1.503959298133850098e-01	1.528938598930835724e-01
2.000000000000000042e-03	1.165079046276551317e-01	1.484789904206991196e-01	1.506511066108942032e-01
2.000000000000000042e-03	1.125117148968237807e-01	1.349786333739757538e-01	1.405418189242482185e-01
2.000000000000000042e-03	1.099015245143371289e-01	1.483649890869855881e-01	1.479178611189126968e-01
2.000000000000000042e-03	1.110420181781430760e-01	1.463999878615140915e-01	1.478490997105836868e-01
2.000000000000000042e-03	1.106771237299412070e-01	1.407974213361740112e-01	1.429305793717503548e-01
2.000000000000000042e-03	1.111882245050200974e-01	1.385635379701852798e-01	1.393037885427474976e-01
2.000000000000000042e-03	1.085342113164406846e-01	1.542929131537675858e-01	1.552484892308712006e-01
2.000000000000000042e-03	1.200290113876137515e-01	1.385706383734941483e-01	1.412988342344760895e-01
2.000000000000000042e-03	1.129138000026533861e-01	1.371783688664436340e-01	1.401293873786926270e-01
2.000000000000000042e-03	1.131093128572536466e-01	1.431045383214950562e-01	1.438054144382476807e-01
2.000000000000000042e-03	1.104091375688963234e-01	1.399427549913525581e-01	1.404240541160106659e-01
2.000000000000000042e-03	1.083066057932527693e-01	1.394500993192195892e-01	1.428989749401807785e-01
2.000000000000000042e-03	1.082748733932458879e-01	1.401144899427890778e-01	1.396445538848638535e-01
2.000000000000000042e-03	1.047975604858579490e-01	1.373700946569442749e-01	1.368909990414977074e-01
2.000000000000000042e-03	1.043070706574222711e-01	1.372926924377679825e-01	1.387511417269706726e-01
2.000000000000000042e-03	1.081482088075408493e-01	1.399947125464677811e-01	1.398456972092390060e-01
2.000000000000000042e-03	1.076800247913674430e-01	1.364927906543016434e-01	1.378266010433435440e-01
2.000000000000000042e-03	1.058120681326600587e-01	1.448961086571216583e-01	1.466766633093357086e-01
2.000000000000000042e-03	1.025979234070717588e-01	1.338495202362537384e-01	1.372971832752227783e-01
2.000000000000000042e-03	1.034971436933626171e-01	1.381942052394151688e-01	1.400672011077404022e-01
2.000000000000000042e-03	1.040620430360866544e-01	1.370669808238744736e-01	1.365738622844219208e-01
2.000000000000000042e-03	1.012453343483466078e-01	1.389925070106983185e-01	1.405383441597223282e-01
2.000000000000000042e-03	1.041356719370129802e-01	1.374619938433170319e-01	1.401760745793581009e-01
2.000000000000000042e-03	1.031032880838913257e-01	1.393607128411531448e-01	1.396630182862281799e-01
2.000000000000000042e-03	1.053536729533461058e-01	1.420818865299224854e-01	1.430926360189914703e-01
2.000000000000000042e-03	1.061384257259248148e-01	1.353641385212540627e-01	1.361695583909749985e-01
2.000000000000000042e-03	1.047598406483855465e-01	1.347735021263360977e-01	1.346217663958668709e-01
2.000000000000000042e-03	1.024202292289914940e-01	1.347905956208705902e-01	1.341622304171323776e-01
2.000000000000000042e-03	9.946549702671510229e-02	1.396527495235204697e-01	1.427318062633275986e-01
2.000000000000000042e-03	1.022295626469805208e-01	1.358816223219037056e-01	1.367638390511274338e-01
2.000000000000000042e-03	9.853626674489129877e-02	1.440145354717969894e-01	1.457995418459177017e-01
2.000000000000000042e-03	9.983140880925746308e-02	1.377084255218505859e-01	1.367052271962165833e-01
2.000000000000000042e-03	9.965995425664925245e-02	1.372188366949558258e-01	1.377073712646961212e-01
2.000000000000000042e-03	1.042857629400265329e-01	1.373644787818193436e-01	1.382149830460548401e-01
2.000000000000000042e-03	9.894427760869642374e-02	1.370024690404534340e-01	1.388236973434686661e-01
2.000000000000000042e-03	9.777688385942313876e-02	1.411684807389974594e-01	1.423870399594306946e-01
2.000000000000000042e-03	9.778003658674939980e-02	1.401632726192474365e-01	1.405130866914987564e-01
2.000000000000000042e-03	9.627476061069512037e-02	1.350656431168317795e-01	1.338673327118158340e-01
2.000000000000000042e-03	9.933766486901271509e-02	1.389238536357879639e-01	1.418835651129484177e-01
2.000000000000000042e-03	9.834010738737974933e-02	1.375114135444164276e-01	1.386880995705723763e-01
1.000000000000000021e-03	8.799204786744298235e-02	1.285665556788444519e-01	1.289467774331569672e-01
1.000000000000000021e-03	8.555662198157250320e-02	1.293812161311507225e-01	1.309508513659238815e-01
1.000000000000000021e-03	8.577578675143326947e-02	1.302848681807518005e-01	1.305568013340234756e-01
1.000000000000000021e-03	8.388827703421629367e-02	1.309238262474536896e-01	1.297827512025833130e-01
1.000000000000000021e-03	8.538547318570222089e-02	1.286798967048525810e-01	1.280175494030117989e-01
1.000000000000000021e-03	8.476755966114092600e-02	1.273500807583332062e-01	1.297957645729184151e-01
1.000000000000000021e-03	8.314874391012554156e-02	1.321515701711177826e-01	1.322088595479726791e-01
1.000000000000000021e-03	8.138294668891761507e-02	1.318346299231052399e-01	1.335373660549521446e-01
1.000000000000000021e-03	8.537731989275050559e-02	1.329175522550940514e-01	1.334776878356933594e-01
1.000000000000000021e-03	8.174580269599263094e-02	1.301406994462013245e-01	1.306763663887977600e-01
1.000000000000000021e-03	8.524524326188655243e-02	1.286246525123715401e-01	1.307636816054582596e-01
1.000000000000000021e-03	8.235512145712406418e-02	1.301519321277737617e-01	1.315467096865177155e-01
1.000000000000000021e-03	8.087583291756955672e-02	1.296098558232188225e-01	1.303385952487587929e-01
1.000000000000000021e-03	8.095408627126790546e-02	1.277950434014201164e-01	1.286815563216805458e-01
1.000000000000000021e-03	8.296841109478020337e-02	1.277776975184679031e-01	1.285786852240562439e-01
1.000000000000000021e-03	8.244641804242436312e-02	1.332205580547451973e-01	1.319601358845829964e-01
1.000000000000000021e-03	8.157986619427234909e-02	1.276116147637367249e-01	1.278964839875698090e-01
1.000000000000000021e-03	8.091900280759303787e-02	1.313371267169713974e-01	1.326997345313429832e-01
1.000000000000000021e-03	8.000421307132213333e-02	1.298817303031682968e-01	1.308310003951191902e-01
1.000000000000000021e-03	8.061076436616197716e-02	1.287772031500935555e-01	1.278694467619061470e-01
1.000000000000000021e-03	7.970228640339042936e-02	1.333080120384693146e-01	1.343930009752511978e-01
1.000000000000000021e-03	8.027913152605672953e-02	1.306251585483551025e-01	1.312691578641533852e-01
1.000000000000000021e-03	7.973649701740168072e-02	1.311389720067381859e-01	1.305147642269730568e-01
1.000000000000000021e-03	8.101258422189121233e-02	1.280385833233594894e-01	1.290866564959287643e-01
1.000000000000000021e-03	8.015482023924211386e-02	1.291711144149303436e-01	1.296363854780793190e-01
1.000000000000000021e-03	7.940021128971365416e-02	1.328024491667747498e-01	1.321994373574852943e-01
1.000000000000000021e-03	7.867543852027458762e-02	1.304086195304989815e-01	1.303210183978080750e-01
5.000000000000000104e-04	7.340050550012648667e-02	1.247990420088171959e-01	1.255996478721499443e-01
5.000000000000000104e-04	7.128900586615634360e-02	1.258467286825180054e-01	1.270158691331744194e-01
5.000000000000000104e-04	7.385524197281161107e-02	1.263026529923081398e-01	1.262084096670150757e-01
5.000000000000000104e-04	7.219721881460540447e-02	1.259519988670945168e-01	1.264289086684584618e-01
5.000000000000000104e-04	7.012496709446364163e-02	1.254201922565698624e-01	1.257494138553738594e-01
5.000000000000000104e-04	7.091952322781840123e-02	1.261387187987565994e-01	1.278778417035937309e-01
5.000000000000000104e-04	7.175636362237265697e-02	1.271304171532392502e-01	1.277913935482501984e-01
5.000000000000000104e-04	7.007093194730673602e-02	1.251967400312423706e-01	1.266778893768787384e-01
5.000000000000000104e-04	6.968242217656932247e-02	1.244647847488522530e-01	1.251185126602649689e-01
5.000000000000000104e-04	7.071492674795887279e-02	1.256001656875014305e-01	1.262360643595457077e-01
5.000000000000000104e-04	7.062526980910120711e-02	1.270703673362731934e-01	1.267572147771716118e-01
5.000000000000000104e-04	7.000376557624793383e-02	1.250719130039215088e-01	1.257081795483827591e-01
5.000000000000000104e-04	6.777281436739088227e-02	1.253821337595582008e-01	1.251626424491405487e-01
5.000000000000000104e-04	7.050324259679528749e-02	1.276208255439996719e-01	1.278463425114750862e-01
5.000000000000000104e-04	7.097528408033938752e-02	1.287180688232183456e-01	1.293777031823992729e-01
5.000000000000000104e-04	6.830362961450710257e-02	1.282561616972088814e-01	1.282848306000232697e-01
5.000000000000000104e-04	6.853299932200697386e-02	1.270402725785970688e-01	1.283163102343678474e-01
5.000000000000000104e-04	6.986332118888444187e-02	1.277211969718337059e-01	1.285289488732814789e-01
5.000000000000000104e-04	6.837390481105333484e-02	1.268766457214951515e-01	1.264181602746248245e-01
5.000000000000000104e-04	6.891248620386365709e-02	1.261359043419361115e-01	1.273448718711733818e-01
5.000000000000000104e-04	6.904152483691143594e-02	1.267826482653617859e-01	1.267268741503357887e-01
5.000000000000000104e-04	6.835718650983858835e-02	1.271349247545003891e-01	1.290932754054665565e-01
5.000000000000000104e-04	6.933944068754775703e-02	1.273043714463710785e-01	1.274433853104710579e-01
5.000000000000000104e-04	6.983120569699927116e-02	1.264072963967919350e-01	1.264699595049023628e-01
5.000000000000000104e-04	6.870665401220321655e-02	1.261283885687589645e-01	1.264795390889048576e-01
5.000000000000000104e-04	6.846142597968064847e-02	1.255565173923969269e-01	1.266025165095925331e-01
5.000000000000000104e-04	6.728882031350195969e-02	1.258072266355156898e-01	1.282372232526540756e-01
5.000000000000000104e-04	6.886740226911593210e-02	1.268277950584888458e-01	1.266797948628664017e-01
5.000000000000000104e-04	7.075554438972775362e-02	1.275337086990475655e-01	1.268354784697294235e-01
5.000000000000000104e-04	6.795445942803274297e-02	1.264383504167199135e-01	1.263359123840928078e-01
2.500000000000000052e-04	6.582548841834068298e-02	1.244318149983882904e-01	1.246124925091862679e-01
2.500000000000000052e-04	6.312022405334666297e-02	1.247651958838105202e-01	1.255782321095466614e-01
2.500000000000000052e-04	6.491092465157750901e-02	1.257828781381249428e-01	1.260586064308881760e-01
2.500000000000000052e-04	6.574503261643120655e-02	1.252506170421838760e-01	1.256438773125410080e-01
2.500000000000000052e-04	6.439468090104151499e-02	1.244584582746028900e-01	1.254103574901819229e-01
2.500000000000000052e-04	6.321478809548329580e-02	1.261233817785978317e-01	1.263988679274916649e-01
2.500000000000000052e-04	6.522033523909653852e-02	1.264611678197979927e-01	1.272119162604212761e-01
2.500000000000000052e-04	6.364910304546356201e-02	1.252417778596282005e-01	1.256610443815588951e-01
2.500000000000000052e-04	6.369638546735426066e-02	1.269945437088608742e-01	1.272843359038233757e-01
2.500000000000000052e-04	6.253363998441756333e-02	1.255187196657061577e-01	1.254513440653681755e-01
2.500000000000000052e-04	6.211298020391524399e-02	1.253712102770805359e-01	1.256992956623435020e-01
2.500000000000000052e-04	6.483187017184269263e-02	1.245168810710310936e-01	1.257161749526858330e-01
2.500000000000000052e-04	6.270217395658735093e-02	1.248941216617822647e-01	1.254476942121982574e-01
2.500000000000000052e-04	6.326387888645823576e-02	1.247800514101982117e-01	1.250645946711301804e-01
2.500000000000000052e-04	6.452452245203754710e-02	1.255879597738385201e-01	1.268690750002861023e-01
2.500000000000000052e-04	6.302540070271189787e-02	1.250916896387934685e-01	1.249166550114750862e-01
2.500000000000000052e-04	6.449452650886547400e-02	1.251278417184948921e-01	1.261362414807081223e-01
2.500000000000000052e-04	6.357370184946663227e-02	1.260658707469701767e-01	1.268143756315112114e-01
2.500000000000000052e-04	6.301041027601761435e-02	1.260107243433594704e-01	1.268716240301728249e-01
2.500000000000000052e-04	6.236845679298232137e-02	1.252606231719255447e-01	1.268768245354294777e-01
2.500000000000000052e-04	6.337881880470469520e-02	1.261561978608369827e-01	1.267521372064948082e-01
2.500000000000000052e-04	6.106634551211248541e-02	1.251184977591037750e-01	1.260253041982650757e-01
1.250000000000000026e-04	6.281331242828429307e-02	1.253929371014237404e-01	1.260401559993624687e-01
1.250000000000000026e-04	6.063685858551459695e-02	1.242920579388737679e-01	1.254640771076083183e-01
1.250000000000000026e-04	6.210341846829728341e-02	1.248715901747345924e-01	1.253283591940999031e-01
1.250000000000000026e-04	6.060391310838204176e-02	1.250546546652913094e-01	1.247851066291332245e-01
1.250000000000000026e-04	5.937550051868716039e-02	1.242280891165137291e-01	1.250612521544098854e-01
1.250000000000000026e-04	5.998217451232898401e-02	1.251858808100223541e-01	1.256621554493904114e-01
1.250000000000000026e-04	5.956849210624453467e-02	1.250855615362524986e-01	1.257096277549862862e-01
1.250000000000000026e-04	6.091815388843983131e-02	1.261444110423326492e-01	1.264523565769195557e-01
1.250000000000000026e-04	6.094149599158311253e-02	1.255501089617609978e-01	1.260403469204902649e-01
1.250000000000000026e-04	5.912382952586005269e-02	1.251539839431643486e-01	1.250204108655452728e-01
1.250000000000000026e-04	6.012968101267573279e-02	1.241475073620676994e-01	1.258807238191366196e-01
1.250000000000000026e-04	5.950676918595652204e-02	1.253525437787175179e-01	1.273063346743583679e-01
1.250000000000000026e-04	5.857265467130685216e-02	1.249506389722228050e-01	1.253776643425226212e-01
1.250000000000000026e-04	6.023066061772877622e-02	1.252766456454992294e-01	1.257261531427502632e-01
1.250000000000000026e-04	6.035629391104360003e-02	1.248330771923065186e-01	1.257852260023355484e-01
1.250000000000000026e-04	6.005974708101417120e-02	1.240269346162676811e-01	1.253333734348416328e-01
1.250000000000000026e-04	6.051084026694297791e-02	1.247172458097338676e-01	1.259142002090811729e-01
1.250000000000000026e-04	5.815905162805243278e-02	1.243514316156506538e-01	1.257855715230107307e-01
1.250000000000000026e-04	5.832536518573760986e-02	1.250965986400842667e-01	1.257528290152549744e-01
1.250000000000000026e-04	6.161288657709013128e-02	1.247890749946236610e-01	1.256986362859606743e-01
1.250000000000000026e-04	5.987611974153337485e-02	1.244635339826345444e-01	1.248047780245542526e-01
1.250000000000000026e-04	5.972153971655459054e-02	1.257896097376942635e-01	1.265017604455351830e-01
1.250000000000000026e-04	5.946468392127676750e-02	1.252369405701756477e-01	1.258269911631941795e-01
1.250000000000000026e-04	5.874443195665939033e-02	1.255497643724083900e-01	1.260876841843128204e-01
1.250000000000000026e-04	6.018416621262514393e-02	1.257152361795306206e-01	1.264695301651954651e-01
1.250000000000000026e-04	6.189986417376542455e-02	1.266314638778567314e-01	1.270571155473589897e-01
1.250000000000000026e-04	5.949368789980682970e-02	1.245739562436938286e-01	1.252635549753904343e-01
1.250000000000000026e-04	5.915780964342853832e-02	1.258414490148425102e-01	1.261097034439444542e-01
1.250000000000000026e-04	5.993676935381526960e-02	1.255477648228406906e-01	1.259641861543059349e-01
1.250000000000000026e-04	6.009265304177622419e-02	1.241708295419812202e-01	1.249719494953751564e-01
1.250000000000000026e-04	5.952512520023538894e-02	1.251434460282325745e-01	1.261310800909996033e-01
1.250000000000000026e-04	5.798984559465058392e-02	1.250241771340370178e-01	1.246877517551183701e-01
1.250000000000000026e-04	5.957307567513441676e-02	1.247211145237088203e-01	1.257033441215753555e-01
1.250000000000000026e-04	5.903854206958903533e-02	1.254281168803572655e-01	1.264125565066933632e-01
1.250000000000000026e-04	5.947588784973832643e-02	1.256253775209188461e-01	1.260819546878337860e-01
1.250000000000000026e-04	5.912878967915909112e-02	1.256865533068776131e-01	1.258987300097942352e-01
1.250000000000000026e-04	5.896297342415097315e-02	1.255508484318852425e-01	1.256372919306159019e-01
6.250000000000000130e-05	5.863809576140174146e-02	1.253123609349131584e-01	1.254167249426245689e-01
6.250000000000000130e-05	5.660893386111983533e-02	1.241026744246482849e-01	1.245940038934350014e-01
6.250000000000000130e-05	5.916462574578539024e-02	1.255836049094796181e-01	1.255102818831801414e-01
6.250000000000000130e-05	5.886516885101041041e-02	1.257722405716776848e-01	1.263731457293033600e-01
6.250000000000000130e-05	5.853506229534934102e-02	1.255642548203468323e-01	1.258781608194112778e-01
6.250000000000000130e-05	5.710607536042792975e-02	1.238848920911550522e-01	1.248554717749357224e-01
6.250000000000000130e-05	5.701463627098481840e-02	1.251484369859099388e-01	1.256329314783215523e-01
6.250000000000000130e-05	5.984444798359388196e-02	1.254763389006257057e-01	1.256025051698088646e-01
6.250000000000000130e-05	5.757207956306541891e-02	1.251160642132163048e-01	1.256511230021715164e-01
6.250000000000000130e-05	5.789871674172485799e-02	1.258317576721310616e-01	1.261871634051203728e-01
6.250000000000000130e-05	5.719084165330174524e-02	1.259765774011611938e-01	1.259181341156363487e-01
6.250000000000000130e-05	5.942211856570425027e-02	1.252012457698583603e-01	1.255387971177697182e-01
6.250000000000000130e-05	5.836544426370270794e-02	1.258697668090462685e-01	1.267362460494041443e-01
6.250000000000000130e-05	5.749492361387120026e-02	1.256019799038767815e-01	1.259282846003770828e-01
6.250000000000000130e-05	5.800728712089454203e-02	1.258930796757340431e-01	1.259326552972197533e-01
6.250000000000000130e-05	5.725882716382606208e-02	1.244061216711997986e-01	1.249718079343438148e-01
6.250000000000000130e-05	5.887051850934572200e-02	1.257644109427928925e-01	1.252372199669480324e-01
6.250000000000000130e-05	5.862391603332531287e-02	1.255263471975922585e-01	1.248914217576384544e-01
6.250000000000000130e-05	5.742647927961772036e-02	1.258296994492411613e-01	1.258294302970170975e-01
6.250000000000000130e-05	5.721113675191432518e-02	1.254861103370785713e-01	1.253175735473632812e-01
6.250000000000000130e-05	5.666680299217188160e-02	1.255808817222714424e-01	1.254570651799440384e-01
6.250000000000000130e-05	5.916516954385781651e-02	1.271881405264139175e-01	1.276826402172446251e-01
6.250000000000000130e-05	5.646089124905911971e-02	1.250466667115688324e-01	1.252028755843639374e-01
6.250000000000000130e-05	5.842903063078470211e-02	1.249844478443264961e-01	1.259006829932332039e-01
6.250000000000000130e-05	5.774588114287279583e-02	1.258804192766547203e-01	1.253984710201621056e-01
6.250000000000000130e-05	5.640813694158686858e-02	1.264626616612076759e-01	1.273670243099331856e-01
6.250000000000000130e-05	5.827493069669868048e-02	1.252664290368556976e-01	1.259188549593091011e-01
3.125000000000000065e-05	5.926970887599112420e-02	1.252137580886483192e-01	1.257125549018383026e-01
3.125000000000000065e-05	5.723224655736850602e-02	1.256320783868432045e-01	1.259455475956201553e-01
3.125000000000000065e-05	5.655508167758772908e-02	1.259698439389467239e-01	1.255590580403804779e-01
3.125000000000000065e-05	5.675295891263817255e-02	1.257301801815629005e-01	1.257093530148267746e-01
3.125000000000000065e-05	5.671012726954267197e-02	1.250717798247933388e-01	1.259184321388602257e-01
3.125000000000000065e-05	5.772164317814609813e-02	1.255994448438286781e-01	1.263325428590178490e-01
3.125000000000000065e-05	5.814628208739847787e-02	1.253938339650630951e-01	1.250745849683880806e-01
3.125000000000000065e-05	5.674594362513928764e-02	1.258595576509833336e-01	1.255394099280238152e-01
3.125000000000000065e-05	5.652034579764438765e-02	1.254932526499032974e-01	1.257778024300932884e-01
3.125000000000000065e-05	5.729120153980919034e-02	1.252234019339084625e-01	1.251919073984026909e-01
3.125000000000000065e-05	5.727832066484644241e-02	1.244146600365638733e-01	1.246971134096384048e-01
3.125000000000000065e-05	5.919802254891094045e-02	1.268050000071525574e-01	1.273008026182651520e-01
3.125000000000000065e-05	5.782663374196125167e-02	1.255424357950687408e-01	1.255498696118593216e-01
3.125000000000000065e-05	5.645947625176816337e-02	1.250954167917370796e-01	1.260594362393021584e-01
3.125000000000000065e-05	5.741450746979894632e-02	1.256407089531421661e-01	1.265043076127767563e-01
3.125000000000000065e-05	5.672817587663855909e-02	1.251850649714469910e-01	1.259179562330245972e-01
3.125000000000000065e-05	5.747176206941845972e-02	1.260205637663602829e-01	1.267081890255212784e-01
3.125000000000000065e-05	5.642773130837874795e-02	1.245429022237658501e-01	1.253259396180510521e-01
3.125000000000000065e-05	5.739610925128188490e-02	1.254365816712379456e-01	1.254342105239629745e-01
3.125000000000000065e-05	5.776100883944124825e-02	1.248489907011389732e-01	1.252547167241573334e-01
3.125000000000000065e-05	5.697500120989883871e-02	1.248738914728164673e-01	1.247195405885577202e-01
1.562500000000000033e-05	5.571083554738684440e-02	1.265471037477254868e-01	1.264881798997521400e-01
1.562500000000000033e-05	5.793396128883844531e-02	1.248186845332384109e-01	1.257000453770160675e-01
1.562500000000000033e-05	5.682298234557803945e-02	1.255228966474533081e-01	1.258850535377860069e-01
1.562500000000000033e-05	5.881143856463553338e-02	1.250259550288319588e-01	1.259132949635386467e-01
1.562500000000000033e-05	5.538107624536828255e-02	1.252453718334436417e-01	1.248783348128199577e-01
1.562500000000000033e-05	5.794308004499990755e-02	1.268011545762419701e-01	1.258905986323952675e-01
1.562500000000000033e-05	5.735213252939755368e-02	1.248211460188031197e-01	1.257703788578510284e-01
1.562500000000000033e-05	5.674288544473769097e-02	1.254300335422158241e-01	1.251852586865425110e-01
1.562500000000000033e-05	5.628643387669249321e-02	1.258137896656990051e-01	1.264060083776712418e-01
1.562500000000000033e-05	5.588488351506522983e-02	1.253589931875467300e-01	1.256878236308693886e-01
1.562500000000000033e-05	5.742187411347522003e-02	1.263773767277598381e-01	1.269889064133167267e-01
1.562500000000000033e-05	5.570852101037773729e-02	1.248816549777984619e-01	1.255046725273132324e-01
1.562500000000000033e-05	5.690343909059898675e-02	1.259034425020217896e-01	1.260491861030459404e-01
1.562500000000000033e-05	5.594838759567163922e-02	1.251659775152802467e-01	1.248811800032854080e-01
1.562500000000000033e-05	5.672176592523538868e-02	1.257457062602043152e-01	1.258501093834638596e-01
1.562500000000000033e-05	5.627346840463107180e-02	1.255982490256428719e-01	1.264986284077167511e-01
1.562500000000000033e-05	5.725949993239173169e-02	1.253899298608303070e-01	1.250298526138067245e-01
1.562500000000000033e-05	5.520311427078669619e-02	1.253060549497604370e-01	1.267321119084954262e-01
1.562500000000000033e-05	5.739224824724318413e-02	1.256853155791759491e-01	1.259288210421800613e-01
1.562500000000000033e-05	5.720164966356905412e-02	1.255468754097819328e-01	1.256980020552873611e-01
1.562500000000000033e-05	5.651320795281023629e-02	1.255650427192449570e-01	1.258472474291920662e-01
7.812500000000000163e-06	5.691738506849808310e-02	1.254048440605401993e-01	1.258916109800338745e-01
7.812500000000000163e-06	5.634439420662348819e-02	1.261244704946875572e-01	1.265004081651568413e-01
7.812500000000000163e-06	5.470551710717285604e-02	1.251615965738892555e-01	1.261606980115175247e-01
7.812500000000000163e-06	5.729568254532693000e-02	1.252003517001867294e-01	1.253007370978593826e-01
7.812500000000000163e-06	5.557425372019599019e-02	1.251409407705068588e-01	1.256984416395425797e-01
7.812500000000000163e-06	5.611335033480124856e-02	1.246602768078446388e-01	1.255036024376749992e-01
7.812500000000000163e-06	5.416388951147659003e-02	1.249927785247564316e-01	1.250359266996383667e-01
7.812500000000000163e-06	5.772966170046903156e-02	1.254078559577465057e-01	1.258237026631832123e-01
7.812500000000000163e-06	5.567254437298714553e-02	1.243811259046196938e-01	1.248075598850846291e-01
7.812500000000000163e-06	5.625724693453764552e-02	1.264881938695907593e-01	1.268427437171339989e-01
7.812500000000000163e-06	5.681522435779812891e-02	1.248563025146722794e-01	1.245718896389007568e-01
7.812500000000000163e-06	5.502926284753823644e-02	1.249668328091502190e-01	1.256453646346926689e-01
7.812500000000000163e-06	5.632330170726474600e-02	1.254556663334369659e-01	1.262053344398736954e-01
7.812500000000000163e-06	5.605771175668209511e-02	1.254800800234079361e-01	1.255961358547210693e-01
7.812500000000000163e-06	5.531702181206473584e-02	1.249277228489518166e-01	1.253599701449275017e-01
7.812500000000000163e-06	5.581779334741302639e-02	1.256700064986944199e-01	1.263480605557560921e-01
7.812500000000000163e-06	5.632774319641197652e-02	1.256365496665239334e-01	1.264627128839492798e-01
7.812500000000000163e-06	5.719154526161242258e-02	1.253244252875447273e-01	1.258294424042105675e-01
7.812500000000000163e-06	5.525834542475169253e-02	1.251502204686403275e-01	1.257036998867988586e-01
7.812500000000000163e-06	5.711053590042681344e-02	1.255764951929450035e-01	1.251516724005341530e-01
7.812500000000000163e-06	5.587878134808962893e-02	1.274168714880943298e-01	1.278562890365719795e-01
3.906250000000000081e-06	5.514427642279033648e-02	1.254807794466614723e-01	1.250995844602584839e-01
3.906250000000000081e-06	5.512255831043931520e-02	1.248944550752639771e-01	1.246309084817767143e-01
3.906250000000000081e-06	5.655700138098077034e-02	1.249466994777321815e-01	1.249817023053765297e-01
3.906250000000000081e-06	5.652699327167076682e-02	1.250710822641849518e-01	1.256535518914461136e-01
3.906250000000000081e-06	5.538758201689659988e-02	1.251998636871576309e-01	1.252178139984607697e-01
3.906250000000000081e-06	5.674996783461751931e-02	1.248357808217406273e-01	1.256415098905563354e-01
3.906250000000000081e-06	5.565211926645870222e-02	1.251026410609483719e-01	1.256953822448849678e-01
3.906250000000000081e-06	5.635498945094362389e-02	1.260614544153213501e-01	1.261424086987972260e-01
3.906250000000000081e-06	5.541931385103660013e-02	1.255395403131842613e-01	1.251299465075135231e-01
3.906250000000000081e-06	5.517920111364955915e-02	1.250197486951947212e-01	1.255145277827978134e-01
3.906250000000000081e-06	5.565511034447935546e-02	1.249307924881577492e-01	1.256565013900399208e-01
3.906250000000000081e-06	5.592824735596210045e-02	1.260721432045102119e-01	1.257360791787505150e-01
3.906250000000000081e-06	5.582512528458728057e-02	1.248144619166851044e-01	1.247552754357457161e-01
3.906250000000000081e-06	5.635788838697385061e-02	1.245367834344506264e-01	1.252653403207659721e-01
3.906250000000000081e-06	5.703094130075430507e-02	1.285251239314675331e-01	1.290368083864450455e-01
3.906250000000000081e-06	5.539125128637386458e-02	1.256596986204385757e-01	1.256886506453156471e-01
3.906250000000000081e-06	5.784741774955882293e-02	1.263050101697444916e-01	1.268004560843110085e-01
3.906250000000000081e-06	5.684443086951593976e-02	1.245050234720110893e-01	1.250430783256888390e-01
3.906250000000000081e-06	5.540349216589444958e-02	1.250993292778730392e-01	1.257493253797292709e-01
3.906250000000000081e-06	5.482634218244612778e-02	1.246254034340381622e-01	1.254556020721793175e-01
3.906250000000000081e-06	5.740681021839757342e-02	1.256453124806284904e-01	1.262579141184687614e-01
1.953125000000000041e-06	5.556680993000163299e-02	1.253430219367146492e-01	1.256580632179975510e-01
1.953125000000000041e-06	5.644425919538811898e-02	1.248390339314937592e-01	1.253316691145300865e-01
1.953125000000000041e-06	5.558422316290155540e-02	1.260424135252833366e-01	1.259236307814717293e-01
1.953125000000000041e-06	5.687837769524960868e-02	1.245976807549595833e-01	1.253983592614531517e-01
1.953125000000000041e-06	5.445661244890357550e-02	1.248907241970300674e-01	1.249290872365236282e-01
1.953125000000000041e-06	5.777636972032015872e-02	1.245202207937836647e-01	1.247785361483693123e-01
1.953125000000000041e-06	5.603992849399772047e-02	1.257345303893089294e-01	1.259454051032662392e-01
1.953125000000000041e-06	5.563354959027676933e-02	1.257271757349371910e-01	1.262398222461342812e-01
1.953125000000000041e-06	5.690899500741234546e-02	1.246586637571454048e-01	1.255107847973704338e-01
1.953125000000000041e-06	5.468946898096724296e-02	1.253345916047692299e-01	1.253103967756032944e-01
1.953125000000000041e-06	5.554125698495514935e-02	1.253584753721952438e-01	1.259450754150748253e-01
1.953125000000000041e-06	5.390054591094391168e-02	1.244978830218315125e-01	1.254408461973071098e-01
1.953125000000000041e-06	5.817017180821563299e-02	1.245596418157219887e-01	1.253012614324688911e-01
1.953125000000000041e-06	5.664783122041557734e-02	1.254986431449651718e-01	1.257055373862385750e-01
1.953125000000000041e-06	5.525657845826088821e-02	1.251389086246490479e-01	1.245176400989294052e-01
1.953125000000000041e-06	5.578079829110375171e-02	1.250629182904958725e-01	1.249235905706882477e-01
1.953125000000000041e-06	5.586601048707962036e-02	1.255860393866896629e-01	1.259372839704155922e-01
1.953125000000000041e-06	5.772911530884006215e-02	1.249730857089161873e-01	1.250929823145270348e-01
1.953125000000000041e-06	5.637898550757879101e-02	1.254872437566518784e-01	1.258180150762200356e-01
1.953125000000000041e-06	5.511824923414218591e-02	1.240798598155379295e-01	1.250504674389958382e-01
1.953125000000000041e-06	5.595781819163998805e-02	1.252550575882196426e-01	1.254081455990672112e-01
9.765625000000000203e-07	5.568704108082795506e-02	1.245020562782883644e-01	1.250460837036371231e-01
9.765625000000000203e-07	5.628230917868735222e-02	1.261518616229295731e-01	1.267950283363461494e-01
9.765625000000000203e-07	5.579078381385984414e-02	1.254074294120073318e-01	1.261671986430883408e-01
9.765625000000000203e-07	5.751434954095490520e-02	1.273386143147945404e-01	1.277579674497246742e-01
9.765625000000000203e-07	5.491639617123181272e-02	1.248543467372655869e-01	1.259168460965156555e-01
9.765625000000000203e-07	5.609201833228521367e-02	1.249582963064312935e-01	1.251303413882851601e-01
9.765625000000000203e-07	5.689418122549600582e-02	1.285194093361496925e-01	1.283113332465291023e-01
9.765625000000000203e-07	5.762890400954439468e-02	1.262217508628964424e-01	1.260508019477128983e-01
9.765625000000000203e-07	5.566181789470624197e-02	1.251240922138094902e-01	1.254048896953463554e-01
9.765625000000000203e-07	5.736004141501233750e-02	1.247636638581752777e-01	1.251221410930156708e-01
9.765625000000000203e-07	5.537029233159897895e-02	1.251955749467015266e-01	1.259871376678347588e-01
9.765625000000000203e-07	5.657070436621013804e-02	1.250443542376160622e-01	1.256289063021540642e-01
9.765625000000000203e-07	5.615191472859322463e-02	1.244252715259790421e-01	1.250383649021387100e-01
9.765625000000000203e-07	5.674200938849509324e-02	1.253251014277338982e-01	1.257502026855945587e-01
9.765625000000000203e-07	5.534319574885730730e-02	1.249138433486223221e-01	1.251087188720703125e-01
9.765625000000000203e-07	5.654135237954839577e-02	1.250617196783423424e-01	1.254676636308431625e-01
9.765625000000000203e-07	5.581371170244639468e-02	1.248459396883845329e-01	1.256876401603221893e-01
9.765625000000000203e-07	5.518893161906471972e-02	1.271053599193692207e-01	1.264520157128572464e-01
9.765625000000000203e-07	5.578631747372542887e-02	1.252376651391386986e-01	1.258379807695746422e-01
9.765625000000000203e-07	5.575120170848279350e-02	1.251180497929453850e-01	1.251746201887726784e-01
9.765625000000000203e-07	5.740815806615201522e-02	1.267603226006031036e-01	1.267921058461070061e-01
4.882812500000000102e-07	5.685883081412013845e-02	1.253256788477301598e-01	1.255350075662136078e-01
4.882812500000000102e-07	5.566183836022509795e-02	1.249215137213468552e-01	1.249654907733201981e-01
4.882812500000000102e-07	5.741455745470674943e-02	1.260982751846313477e-01	1.262450097128748894e-01
4.882812500000000102e-07	5.669323883101910072e-02	1.249629696831107140e-01	1.255731880664825439e-01
4.882812500000000102e-07	5.568970725694789153e-02	1.242600744590163231e-01	1.241055438295006752e-01
4.882812500000000102e-07	5.650559265779543650e-02	1.254488602280616760e-01	1.258857436478137970e-01
4.882812500000000102e-07	5.527607304385945969e-02	1.255251178517937660e-01	1.259662508964538574e-01
4.882812500000000102e-07	5.583545178929461700e-02	1.250251885503530502e-01	1.255320413038134575e-01
4.882812500000000102e-07	5.537622554015509541e-02	1.246863920241594315e-01	1.246667020022869110e-01
4.882812500000000102e-07	5.749678182639653135e-02	1.250123279169201851e-01	1.244825022295117378e-01
4.882812500000000102e-07	5.718642869327641987e-02	1.249446980655193329e-01	1.254065157845616341e-01
4.882812500000000102e-07	5.666109344250039315e-02	1.258106948807835579e-01	1.263673687353730202e-01
4.882812500000000102e-07	5.431938553346863513e-02	1.243782211095094681e-01	1.252325242385268211e-01
4.882812500000000102e-07	5.738098551578159345e-02	1.252287458628416061e-01	1.249490408226847649e-01
4.882812500000000102e-07	5.538565415558936028e-02	1.265690969303250313e-01	1.263862205669283867e-01
4.882812500000000102e-07	5.632310058874420017e-02	1.249793609604239464e-01	1.252272874116897583e-01
4.882812500000000102e-07	5.869836831771874791e-02	1.252507548779249191e-01	1.252080453559756279e-01
4.882812500000000102e-07	5.686968659298329704e-02	1.251844363287091255e-01	1.257696393877267838e-01
4.882812500000000102e-07	5.538667988362191291e-02	1.247666962444782257e-01	1.250115083530545235e-01
4.882812500000000102e-07	5.680656150172028185e-02	1.251141736283898354e-01	1.250005718320608139e-01
4.882812500000000102e-07	5.647017311634896369e-02	1.248467033728957176e-01	1.252928329631686211e-01
2.441406250000000051e-07	5.512196141519123960e-02	1.257640924304723740e-01	1.254581613466143608e-01
2.441406250000000051e-07	5.766547490147095473e-02	1.251842873170971870e-01	1.257450496777892113e-01
2.441406250000000051e-07	5.738001552563679053e-02	1.249979492276906967e-01	1.258311485871672630e-01
2.441406250000000051e-07	5.716475589743143237e-02	1.248806584626436234e-01	1.252249153330922127e-01
2.441406250000000051e-07	5.605911501223528187e-02	1.245852774009108543e-01	1.248020334169268608e-01
2.441406250000000051e-07	5.767831786335268773e-02	1.258692061528563499e-01	1.265370165929198265e-01
2.441406250000000051e-07	5.496136518784715957e-02	1.262181075289845467e-01	1.267904210835695267e-01
2.441406250000000051e-07	5.576510236987584912e-02	1.254544090479612350e-01	1.261876625940203667e-01
2.441406250000000051e-07	5.460664224398287248e-02	1.256474368274211884e-01	1.257579261437058449e-01
2.441406250000000051e-07	6.020235043915012074e-02	1.258989041671156883e-01	1.257605561986565590e-01
2.441406250000000051e-07	5.673075269294690359e-02	1.251935595646500587e-01	1.252343384549021721e-01
2.441406250000000051e-07	5.740070102524153645e-02	1.258564954623579979e-01	1.261313604190945625e-01
2.441406250000000051e-07	5.635761111220227021e-02	1.249106302857398987e-01	1.249203914776444435e-01
2.441406250000000051e-07	5.731115683535985966e-02	1.250012144446372986e-01	1.259721470996737480e-01
2.441406250000000051e-07	5.485152269277391440e-02	1.247210865840315819e-01	1.249255249276757240e-01
2.441406250000000051e-07	5.512469893769372797e-02	1.255708169192075729e-01	1.260204855352640152e-01
2.441406250000000051e-07	5.619189874092234832e-02	1.254131393507122993e-01	1.257009059190750122e-01
2.441406250000000051e-07	5.626632268481616961e-02	1.250466424971818924e-01	1.258477317169308662e-01
2.441406250000000051e-07	5.635046907052208842e-02	1.249553067609667778e-01	1.253896709531545639e-01
2.441406250000000051e-07	5.588582389150993646e-02	1.252994881942868233e-01	1.246988167986273766e-01
2.441406250000000051e-07	5.740206523597994603e-02	1.246242700144648552e-01	1.252004895359277725e-01
1.220703125000000025e-07	5.691055529102494182e-02	1.246861545369029045e-01	1.255207192152738571e-01
1.220703125000000025e-07	5.531737731793259089e-02	1.251293383538722992e-01	1.258060289546847343e-01
1.220703125000000025e-07	5.458689386708826669e-02	1.252159820869565010e-01	1.253666477277874947e-01
1.220703125000000025e-07	5.778555515446240354e-02	1.257105311378836632e-01	1.258640149608254433e-01
1.220703125000000025e-07	5.500898543226567794e-02	1.251238491386175156e-01	1.253846669569611549e-01
1.220703125000000025e-07	5.636769193637219955e-02	1.252763327211141586e-01	1.252595745027065277e-01
1.220703125000000025e-07	5.840469467677647519e-02	1.269805487245321274e-01	1.279934570193290710e-01
1.220703125000000025e-07	5.594265423243558605e-02	1.254254188388586044e-01	1.267461115494370461e-01
1.220703125000000025e-07	5.549810784338395780e-02	1.261353790760040283e-01	1.263277158141136169e-01
1.220703125000000025e-07	5.669355401887169604e-02	1.256450917571783066e-01	1.254853652790188789e-01
1.220703125000000025e-07	5.603766031091726024e-02	1.256439834833145142e-01	1.255448767915368080e-01
1.220703125000000025e-07	5.538974815531622076e-02	1.256218925118446350e-01	1.255297251045703888e-01
1.220703125000000025e-07	5.679066512214986373e-02	1.251001404598355293e-01	1.251421393826603889e-01
1.220703125000000025e-07	5.692518808985057993e-02	1.256230315193533897e-01	1.263710064813494682e-01
1.220703125000000025e-07	5.600506609565095162e-02	1.254886947572231293e-01	1.265629343688488007e-01
1.220703125000000025e-07	5.608967187095292156e-02	1.254294216632843018e-01	1.254811640828847885e-01
1.220703125000000025e-07	5.522748158325122697e-02	1.248891828581690788e-01	1.254390962421894073e-01
1.220703125000000025e-07	5.602416273536561103e-02	1.256608357653021812e-01	1.258216630667448044e-01
1.220703125000000025e-07	5.567198666402056045e-02	1.254442147910594940e-01	1.258108783513307571e-01
1.220703125000000025e-07	5.671046678967113508e-02	1.275462163612246513e-01	1.278949119150638580e-01
1.220703125000000025e-07	5.790820915864992868e-02	1.246454017236828804e-01	1.249326104298233986e-01
6.103515625000000127e-08	5.753452906125708366e-02	1.273736841976642609e-01	1.266702227294445038e-01
6.103515625000000127e-08	5.625505547357510794e-02	1.246370598673820496e-01	1.255853623151779175e-01
6.103515625000000127e-08	5.734063821691501306e-02	1.262701293453574181e-01	1.267616022378206253e-01
6.103515625000000127e-08	5.713561549782752991e-02	1.254687691107392311e-01	1.253021638840436935e-01
6.103515625000000127e-08	5.509275961903076918e-02	1.243823738768696785e-01	1.254442799836397171e-01
6.103515625000000127e-08	5.601861903184576774e-02	1.252105925232172012e-01	1.252731196582317352e-01
6.103515625000000127e-08	5.562188113226166492e-02	1.250708978623151779e-01	1.253667566925287247e-01
6.103515625000000127e-08	5.687963094892380805e-02	1.264080563560128212e-01	1.266236715018749237e-01
6.103515625000000127e-08	5.596643077987659143e-02	1.261191675439476967e-01	1.257285382598638535e-01
6.103515625000000127e-08	5.730403822999965979e-02	1.253561349585652351e-01	1.256008036434650421e-01
6.103515625000000127e-08	5.704311201278167154e-02	1.258495571091771126e-01	1.262256568297743797e-01
6.103515625000000127e-08	5.581880186366129648e-02	1.251749088987708092e-01	1.258079279214143753e-01
6.103515625000000127e-08	5.802223557912850743e-02	1.257335618138313293e-01	1.257938053458929062e-01
6.103515625000000127e-08	5.478131596612025034e-02	1.243694378063082695e-01	1.242840103805065155e-01
6.103515625000000127e-08	5.883460675802412027e-02	1.282203281298279762e-01	1.281848428770899773e-01
6.103515625000000127e-08	5.797748635464076983e-02	1.249968502670526505e-01	1.259618280455470085e-01
6.103515625000000127e-08	5.624738849605186164e-02	1.248057447373867035e-01	1.254864865913987160e-01
6.103515625000000127e-08	5.631882749214957296e-02	1.247203201055526733e-01	1.257760068401694298e-01
6.103515625000000127e-08	5.577191785921024186e-02	1.249164175242185593e-01	1.257048184052109718e-01
6.103515625000000127e-08	5.551782207964341825e-02	1.256227036938071251e-01	1.256375201046466827e-01
6.103515625000000127e-08	5.474318625240386094e-02	1.242425804957747459e-01	1.245535518974065781e-01
3.051757812500000064e-08	5.640240051323854725e-02	1.247073020786046982e-01	1.252871081233024597e-01
3.051757812500000064e-08	5.574688749222815598e-02	1.258657360449433327e-01	1.258576288819313049e-01
3.051757812500000064e-08	5.680063079240955937e-02	1.256877714768052101e-01	1.263174992054700851e-01
3.051757812500000064e-08	5.631366310806214248e-02	1.252656243741512299e-01	1.252622893080115318e-01
3.051757812500000064e-08	5.666459262182441114e-02	1.249278904870152473e-01	1.254220586270093918e-01
3.051757812500000064e-08	5.630059016844893988e-02	1.249455502256751060e-01	1.250629965215921402e-01
3.051757812500000064e-08	5.448713507267493455e-02	1.249304590746760368e-01	1.258301781490445137e-01
3.051757812500000064e-08	5.586114455061622769e-02	1.250184504315257072e-01	1.255223061889410019e-01
3.051757812500000064e-08	5.675074363811106332e-02	1.264724554494023323e-01	1.264829440042376518e-01
3.051757812500000064e-08	5.640407128235961493e-02	1.254177903756499290e-01	1.259404243901371956e-01
3.051757812500000064e-08	5.703307103507126302e-02	1.254409821704030037e-01	1.256162365898489952e-01
3.051757812500000064e-08	5.618090272138390184e-02	1.252743471413850784e-01	1.247994368895888329e-01
