2.000000000000000042e-03	3.891535054279279260e-01	3.342751413583755493e-01	3.331826776266098022e-01
2.000000000000000042e-03	2.780860019258306060e-01	2.456371448934078217e-01	2.470921818166971207e-01
2.000000000000000042e-03	2.534939554295962405e-01	2.520508151501417160e-01	2.511317152529954910e-01
2.000000000000000042e-03	2.390177238591109643e-01	2.504994943737983704e-01	2.545882705599069595e-01
2.000000000000000042e-03	2.256028307012364897e-01	2.434544079005718231e-01	2.465663496404886246e-01
2.000000000000000042e-03	2.125385477195812223e-01	2.227108553051948547e-01	2.216114476323127747e-01
2.000000000000000042e-03	2.096669905925098720e-01	2.061761617660522461e-01	2.085747737437486649e-01
2.000000000000000042e-03	2.122013148250459225e-01	2.187016699463129044e-01	2.229487616568803787e-01
2.000000000000000042e-03	2.029043390781064549e-01	1.851260252296924591e-01	1.876870766282081604e-01
2.000000000000000042e-03	1.991731228330467229e-01	1.843055542558431625e-01	1.877977009862661362e-01
2.000000000000000042e-03	1.948820558152621341e-01	1.996764987707138062e-01	1.974537167698144913e-01
2.000000000000000042e-03	1.915630432246606674e-01	1.995071601122617722e-01	2.019313350319862366e-01
2.000000000000000042e-03	1.871209170999406368e-01	1.915980074554681778e-01	1.938305050134658813e-01
2.000000000000000042e-03	1.803552791287627299e-01	1.896278820931911469e-01	1.930076219141483307e-01
2.000000000000000042e-03	1.795948160977303143e-01	1.883987504988908768e-01	1.890090927481651306e-01
2.000000000000000042e-03	1.796547768613960261e-01	2.089119292795658112e-01	2.124088983982801437e-01
2.000000000000000042e-03	1.794171389899676394e-01	1.725683864206075668e-01	1.751826796680688858e-01
2.000000000000000042e-03	1.774859556668921257e-01	1.901779174804687500e-01	1.890996545553207397e-01
2.000000000000000042e-03	1.828711061160775697e-01	2.299306839704513550e-01	2.322030533105134964e-01
2.000000000000000042e-03	1.835142011883892643e-01	1.696741599589586258e-01	1.714323367923498154e-01
2.000000000000000042e-03	1.732037039119986022e-01	1.871559452265501022e-01	1.884571015834808350e-01
2.000000000000000042e-03	1.680951891820642030e-01	1.874574143439531326e-01	1.886337157338857651e-01
2.000000000000000042e-03	1.649793829721740435e-01	1.867611985653638840e-01	1.891755089163780212e-01
2.000000000000000042e-03	1.679917089169538358e-01	1.600145604461431503e-01	1.619518678635358810e-01
2.000000000000000042e-03	1.675592674107491131e-01	1.657790485769510269e-01	1.655162796378135681e-01
2.000000000000000042e-03	1.618024423907074849e-01	1.662440560758113861e-01	1.720558088272809982e-01
2.000000000000000042e-03	1.561518411470364798e-01	1.556413713842630386e-01	1.581667698919773102e-01
2.000000000000000042e-03	1.581385345021380784e-01	1.636366397142410278e-01	1.671168338507413864e-01
2.000000000000000042e-03	1.607467266200464096e-01	1.706694290041923523e-01	1.703427098691463470e-01
2.000000000000000042e-03	1.623786821772780498e-01	1.657431647181510925e-01	1.682445872575044632e-01
2.000000000000000042e-03	1.543296085128301187e-01	1.622012555599212646e-01	1.625781171023845673e-01
2.000000000000000042e-03	1.570596479916874233e-01	1.666193064302206039e-01	1.643320992588996887e-01
2.000000000000000042e-03	1.530572836157641781e-01	1.803171187639236450e-01	1.771016288548707962e-01
2.000000000000000042e-03	1.533073188760612493e-01	1.638237386941909790e-01	1.647348254919052124e-01
2.000000000000000042e-03	1.508042817062969498e-01	1.521501503884792328e-01	1.552374549210071564e-01
2.000000000000000042e-03	1.486511742578277007e-01	1.601999755948781967e-01	1.644193008542060852e-01
2.000000000000000042e-03	1.470552483880067096e-01	1.467182394117116928e-01	1.503616571426391602e-01
2.000000000000000042e-03	1.478650122880935669e-01	1.666369307786226273e-01	1.656838301569223404e-01
2.000000000000000042e-03	1.538560294275042317e-01	1.532643605023622513e-01	1.568770464509725571e-01
2.000000000000000042e-03	1.476271292076835051e-01	1.516144704073667526e-01	1.526545267552137375e-01
2.000000000000000042e-03	1.469118796949145100e-01	1.589789073914289474e-01	1.632897071540355682e-01
2.000000000000000042e-03	1.426668105812012310e-01	1.652018334716558456e-01	1.641994770616292953e-01
2.000000000000000042e-03	1.403043935947780319e-01	1.487498097121715546e-01	1.492193993180990219e-01
2.000000000000000042e-03	1.442686991789672857e-01	1.517556589096784592e-01	1.553307790309190750e-01
2.000000000000000042e-03	1.429818806391728037e-01	1.591101326048374176e-01	1.586420834064483643e-01
2.000000000000000042e-03	1.414881596648240314e-01	1.503425389528274536e-01	1.511257011443376541e-01
2.000000000000000042e-03	1.485005304028716167e-01	1.525210570544004440e-01	1.562213934957981110e-01
2.000000000000000042e-03	1.384833857794351142e-01	1.463713906705379486e-01	1.472768187522888184e-01
2.000000000000000042e-03	1.433566200393664725e-01	1.637322902679443359e-01	1.661184728145599365e-01
2.000000000000000042e-03	1.432291834226137595e-01	1.479926742613315582e-01	1.481900457292795181e-01
2.000000000000000042e-03	1.392448353993741839e-01	1.486187390983104706e-01	1.515396870672702789e-01
2.000000000000000042e-03	1.342508343013027183e-01	1.498660631477832794e-01	1.491744797676801682e-01
2.000000000000000042e-03	1.364388726180112699e-01	1.578369401395320892e-01	1.608484312891960144e-01
2.000000000000000042e-03	1.344706695291060516e-01	1.496814284473657608e-01	1.515627205371856689e-01
2.000000000000000042e-03	1.360074472201021345e-01	1.574676930904388428e-01	1.590291969478130341e-01
2.000000000000000042e-03	1.357090419417695260e-01	1.375828422605991364e-01	1.408227477222681046e-01
2.000000000000000042e-03	1.345757901479926189e-01	1.529658399522304535e-01	1.530381571501493454e-01
2.000000000000000042e-03	1.327158500310740841e-01	1.392908059060573578e-01	1.402747333049774170e-01
2.000000000000000042e-03	1.299150698358499667e-01	1.428747959434986115e-01	1.441316176205873489e-01
2.000000000000000042e-03	1.316786725309830597e-01	1.549625750631093979e-01	1.562418919056653976e-01
2.000000000000000042e-03	1.266696919934658938e-01	1.465893238782882690e-01	1.490838713943958282e-01
2.000000000000000042e-03	1.280771492968631742e-01	1.442051157355308533e-01	1.459355857223272324e-01
2.000000000000000042e-03	1.272212793178196244e-01	1.450789496302604675e-01	1.478103939443826675e-01
2.000000000000000042e-03	1.320354076503198471e-01	1.467560529708862305e-01	1.490155234932899475e-01
2.000000000000000042e-03	1.302743977572344558e-01	1.473975069820880890e-01	1.505290307104587555e-01
2.000000000000000042e-03	1.259994819005833266e-01	1.456272266805171967e-01	1.487120222300291061e-01
2.000000000000000042e-03	1.294963572975955379e-01	1.448710486292839050e-01	1.473600901663303375e-01
2.000000000000000042e-03	1.257374214032028203e-01	1.369907679036259651e-01	1.393840210512280464e-01
2.000000000000000042e-03	1.281926690400401192e-01	1.387737132608890533e-01	1.409723423421382904e-01
2.000000000000000042e-03	1.259535344529755518e-01	1.454412024468183517e-01	1.470794398337602615e-01
2.000000000000000042e-03	1.286630423951752589e-01	1.560852210968732834e-01	1.585715059190988541e-01
2.000000000000000042e-03	1.337362944702558953e-01	1.481562834233045578e-01	1.472092270851135254e-01
2.000000000000000042e-03	1.246353140737437026e-01	1.565185580402612686e-01	1.602899935096502304e-01
2.000000000000000042e-03	1.221015409955495540e-01	1.375830713659524918e-01	1.378983305767178535e-01
2.000000000000000042e-03	1.244439451566225346e-01	1.457273047417402267e-01	1.475390177220106125e-01
2.000000000000000042e-03	1.250616499706159734e-01	1.581363398581743240e-01	1.567743420600891113e-01
2.000000000000000042e-03	1.202467762971226178e-01	1.411755010485649109e-01	1.397065827623009682e-01
2.000000000000000042e-03	1.200255198946481999e-01	1.506332214921712875e-01	1.532774139195680618e-01
2.000000000000000042e-03	1.209395131732844131e-01	1.396030588075518608e-01	1.430306416004896164e-01
2.000000000000000042e-03	1.207451839235764574e-01	1.410947786644101143e-01	1.438625883311033249e-01
2.000000000000000042e-03	1.184184583304803556e-01	1.489911526441574097e-01	1.526863910257816315e-01
2.000000000000000042e-03	1.190600519693350429e-01	1.538528278470039368e-01	1.571914330124855042e-01
2.000000000000000042e-03	1.190441282866876310e-01	1.630798466503620148e-01	1.618291754275560379e-01
2.000000000000000042e-03	1.248635118709334885e-01	1.493267640471458435e-01	1.491718366742134094e-01
2.000000000000000042e-03	1.217476149337201191e-01	1.618031300604343414e-01	1.616438832134008408e-01
2.000000000000000042e-03	1.200384063811241880e-01	1.433203984051942825e-01	1.461097113788127899e-01
2.000000000000000042e-03	1.155505949937844640e-01	1.400870066136121750e-01	1.421577446162700653e-01
2.000000000000000042e-03	1.175097564730463173e-01	1.388632394373416901e-01	1.417098361998796463e-01
2.000000000000000042e-03	1.131940642489662613e-01	1.409227456897497177e-01	1.445864513516426086e-01
1.000000000000000021e-03	1.068114423299137555e-01	1.283614886924624443e-01	1.301793493330478668e-01
1.000000000000000021e-03	1.029925933932956256e-01	1.307845581322908401e-01	1.328391488641500473e-01
1.000000000000000021e-03	1.004485513401936897e-01	1.267626844346523285e-01	1.289731049910187721e-01
1.000000000000000021e-03	9.961277953808821140e-02	1.271217484027147293e-01	1.300329500809311867e-01
1.000000000000000021e-03	9.897665896370441696e-02	1.289459457620978355e-01	1.308833081275224686e-01
1.000000000000000021e-03	1.027186228127419249e-01	1.288309246301651001e-01	1.301484107971191406e-01
1.000000000000000021e-03	9.818829869544959399e-02	1.274779485538601875e-01	1.285147201269865036e-01
1.000000000000000021e-03	9.802701267637783933e-02	1.278284285217523575e-01	1.293691396713256836e-01
1.000000000000000021e-03	9.643789380788803101e-02	1.311111813411116600e-01	1.337184393778443336e-01
1.000000000000000021e-03	9.636930168806752406e-02	1.292638713493943214e-01	1.302919564768671989e-01
1.000000000000000021e-03	9.563568196719206271e-02	1.322184838354587555e-01	1.349030286073684692e-01
1.000000000000000021e-03	9.742604412987262985e-02	1.272970940917730331e-01	1.280886065214872360e-01
1.000000000000000021e-03	9.536824903533427933e-02	1.310504283756017685e-01	1.310135694220662117e-01
1.000000000000000021e-03	9.586757308320154047e-02	1.275380859151482582e-01	1.297103818506002426e-01
1.000000000000000021e-03	9.645106134158146216e-02	1.346065271645784378e-01	1.337943915277719498e-01
1.000000000000000021e-03	9.645456830157508876e-02	1.320182038471102715e-01	1.315486440435051918e-01
1.000000000000000021e-03	9.381687895783895337e-02	1.316536702215671539e-01	1.308400379493832588e-01
1.000000000000000021e-03	9.387378130532518516e-02	1.321071144193410873e-01	1.339347446337342262e-01
1.000000000000000021e-03	9.721426260244997453e-02	1.310852700844407082e-01	1.320144487544894218e-01
1.000000000000000021e-03	9.502605160203160539e-02	1.294885557144880295e-01	1.309964777901768684e-01
1.000000000000000021e-03	9.311769864981687961e-02	1.279609492048621178e-01	1.299024904146790504e-01
1.000000000000000021e-03	9.319842210676096417e-02	1.278870413079857826e-01	1.286992207169532776e-01
1.000000000000000021e-03	9.208534874870807907e-02	1.295073647052049637e-01	1.287909010425209999e-01
1.000000000000000021e-03	9.379021210383765850e-02	1.299791308119893074e-01	1.303772060200572014e-01
5.000000000000000104e-04	8.642071344052688897e-02	1.234522210434079170e-01	1.241647675633430481e-01
5.000000000000000104e-04	8.289480511146256336e-02	1.249454133212566376e-01	1.236859438940882683e-01
5.000000000000000104e-04	8.452125563274455466e-02	1.256448058411478996e-01	1.261894451454281807e-01
5.000000000000000104e-04	8.413506855693043962e-02	1.272219344973564148e-01	1.278231721371412277e-01
5.000000000000000104e-04	8.142141563982903396e-02	1.258967546746134758e-01	1.251220311969518661e-01
5.000000000000000104e-04	8.215161186607577992e-02	1.260284986346960068e-01	1.258893348276615143e-01
5.000000000000000104e-04	8.176965087274962185e-02	1.257867319509387016e-01	1.250667143613100052e-01
5.000000000000000104e-04	8.150969884252246001e-02	1.263102935627102852e-01	1.262886263430118561e-01
5.000000000000000104e-04	8.148411180399640907e-02	1.259979587048292160e-01	1.258990438655018806e-01
5.000000000000000104e-04	8.162096123906630030e-02	1.271611256524920464e-01	1.276943692937493324e-01
5.000000000000000104e-04	8.102768857645083200e-02	1.242641266435384750e-01	1.256114477291703224e-01
5.000000000000000104e-04	8.052016615490370510e-02	1.260246904566884041e-01	1.245823353528976440e-01
5.000000000000000104e-04	8.067741395929191317e-02	1.249509742483496666e-01	1.234665047377347946e-01
5.000000000000000104e-04	7.840075777678549851e-02	1.275929035618901253e-01	1.267743902280926704e-01
5.000000000000000104e-04	8.117379634817943612e-02	1.257215561345219612e-01	1.265931874513626099e-01
5.000000000000000104e-04	8.205793628209753776e-02	1.328000659123063087e-01	1.336258584633469582e-01
5.000000000000000104e-04	7.944063597087618056e-02	1.244311425834894180e-01	1.241585360839962959e-01
5.000000000000000104e-04	7.987447097143039743e-02	1.252927901223301888e-01	1.245356472209095955e-01
5.000000000000000104e-04	7.802962610804581312e-02	1.260969117283821106e-01	1.264903955161571503e-01
5.000000000000000104e-04	7.945652579582190844e-02	1.278190044686198235e-01	1.274909172207117081e-01
5.000000000000000104e-04	7.760667027551916564e-02	1.265869513154029846e-01	1.280181687325239182e-01
5.000000000000000104e-04	8.143503473529332959e-02	1.283117784187197685e-01	1.278253020718693733e-01
2.500000000000000052e-04	7.465679839819291952e-02	1.237381771206855774e-01	1.240750523284077644e-01
2.500000000000000052e-04	7.256987634338910031e-02	1.249852050095796585e-01	1.247253110632300377e-01
2.500000000000000052e-04	7.376772236031821361e-02	1.240797741338610649e-01	1.243074545636773109e-01
2.500000000000000052e-04	7.365149297291719022e-02	1.246587764471769333e-01	1.245721457526087761e-01
2.500000000000000052e-04	7.607968774022935698e-02	1.231400277465581894e-01	1.236870465800166130e-01
2.500000000000000052e-04	7.477446753956094871e-02	1.237660693004727364e-01	1.241680374369025230e-01
2.500000000000000052e-04	7.570616377494003568e-02	1.243564290925860405e-01	1.236498495563864708e-01
2.500000000000000052e-04	7.566485605851004659e-02	1.266700187698006630e-01	1.273680692538619041e-01
2.500000000000000052e-04	7.414186434655249680e-02	1.238596765324473381e-01	1.235307250171899796e-01
2.500000000000000052e-04	7.334501569784140917e-02	1.249432731419801712e-01	1.245033927261829376e-01
2.500000000000000052e-04	7.219880875907366824e-02	1.248530745506286621e-01	1.242807498201727867e-01
2.500000000000000052e-04	7.169859120740165737e-02	1.238301433622837067e-01	1.241143587976694107e-01
2.500000000000000052e-04	7.106263680925851978e-02	1.243659192696213722e-01	1.238778997212648392e-01
2.500000000000000052e-04	7.301034467129767502e-02	1.254966566339135170e-01	1.253039883449673653e-01
2.500000000000000052e-04	7.467821037656144356e-02	1.234564548358321190e-01	1.237900331616401672e-01
2.500000000000000052e-04	7.300529114996330560e-02	1.235088240355253220e-01	1.234109951183199883e-01
2.500000000000000052e-04	7.146838557305215667e-02	1.247105933725833893e-01	1.238382477313280106e-01
2.500000000000000052e-04	7.094001817175105140e-02	1.238197088241577148e-01	1.238853121176362038e-01
2.500000000000000052e-04	7.300931191708467938e-02	1.247994853183627129e-01	1.243706680834293365e-01
2.500000000000000052e-04	7.278744763211358881e-02	1.254450445994734764e-01	1.248242491856217384e-01
2.500000000000000052e-04	7.203545322335219714e-02	1.262392690405249596e-01	1.254774238914251328e-01
2.500000000000000052e-04	7.187731875271737014e-02	1.263656327500939369e-01	1.250219382345676422e-01
2.500000000000000052e-04	7.005963191578659655e-02	1.251614205539226532e-01	1.235425863415002823e-01
2.500000000000000052e-04	6.958292627447767997e-02	1.252479339018464088e-01	1.239266591146588326e-01
2.500000000000000052e-04	7.248307792823525941e-02	1.254676608368754387e-01	1.241674879565834999e-01
2.500000000000000052e-04	7.149564371078828695e-02	1.252877516672015190e-01	1.246191738173365593e-01
1.250000000000000026e-04	6.909100225643266535e-02	1.247818209230899811e-01	1.237404765561223030e-01
1.250000000000000026e-04	6.853056071868425525e-02	1.268410338088870049e-01	1.246693935245275497e-01
1.250000000000000026e-04	6.865874819363219916e-02	1.240911828354001045e-01	1.233621342107653618e-01
1.250000000000000026e-04	6.909272169010548248e-02	1.244109785184264183e-01	1.228939006105065346e-01
1.250000000000000026e-04	6.721723796446112120e-02	1.237276792526245117e-01	1.220501856878399849e-01
1.250000000000000026e-04	6.847094768021680378e-02	1.242549903690814972e-01	1.226970823481678963e-01
1.250000000000000026e-04	6.883760801033128596e-02	1.238053785637021065e-01	1.219268161803483963e-01
1.250000000000000026e-04	6.835532636393475137e-02	1.241167932748794556e-01	1.226282930001616478e-01
1.250000000000000026e-04	6.782713589034503054e-02	1.244571581482887268e-01	1.224722210317850113e-01
1.250000000000000026e-04	6.686005967704555797e-02	1.240336969494819641e-01	1.229378972202539444e-01
1.250000000000000026e-04	6.745213557836375606e-02	1.228854190558195114e-01	1.222503846511244774e-01
1.250000000000000026e-04	6.664085100534596073e-02	1.235293466597795486e-01	1.225157007575035095e-01
1.250000000000000026e-04	6.653444525561755252e-02	1.241327067837119102e-01	1.241283761337399483e-01
1.250000000000000026e-04	6.862450971067705907e-02	1.245621675625443459e-01	1.234247852116823196e-01
1.250000000000000026e-04	6.667335463475577984e-02	1.252723978832364082e-01	1.241095038130879402e-01
1.250000000000000026e-04	6.668233225428604749e-02	1.249718954786658287e-01	1.233026208356022835e-01
1.250000000000000026e-04	6.724956876869443712e-02	1.246122028678655624e-01	1.233426881954073906e-01
1.250000000000000026e-04	6.691954648004302952e-02	1.233873181045055389e-01	1.229762779548764229e-01
1.250000000000000026e-04	6.772716734794122229e-02	1.232802662998437881e-01	1.229765685275197029e-01
1.250000000000000026e-04	6.647550828660590827e-02	1.244026487693190575e-01	1.226176992058753967e-01
1.250000000000000026e-04	6.589242542469048169e-02	1.254382859915494919e-01	1.236333576962351799e-01
1.250000000000000026e-04	6.718096877389316546e-02	1.241434440016746521e-01	1.224102415144443512e-01
1.250000000000000026e-04	6.605708745272853566e-02	1.234894841909408569e-01	1.219593165442347527e-01
1.250000000000000026e-04	6.582757486384126222e-02	1.243935311213135719e-01	1.229166770353913307e-01
1.250000000000000026e-04	6.698767034501969253e-02	1.224957006052136421e-01	1.225173315033316612e-01
1.250000000000000026e-04	6.656956460468377301e-02	1.234993357211351395e-01	1.221965970471501350e-01
1.250000000000000026e-04	6.440574614496170913e-02	1.240724939852952957e-01	1.224150098860263824e-01
1.250000000000000026e-04	6.614609510649609170e-02	1.238684467971324921e-01	1.224736785516142845e-01
1.250000000000000026e-04	6.505173251410073521e-02	1.237331843003630638e-01	1.237099412828683853e-01
1.250000000000000026e-04	6.698656610295741776e-02	1.248175892978906631e-01	1.249247118830680847e-01
1.250000000000000026e-04	6.584116052600401392e-02	1.244410658255219460e-01	1.238634539768099785e-01
1.250000000000000026e-04	6.336261280163933696e-02	1.240120772272348404e-01	1.227154834195971489e-01
1.250000000000000026e-04	6.662347516681574322e-02	1.250824462622404099e-01	1.232128320261836052e-01
1.250000000000000026e-04	6.762370250270335892e-02	1.272488441318273544e-01	1.259566042572259903e-01
1.250000000000000026e-04	6.436542459303819241e-02	1.243900852277874947e-01	1.229288894683122635e-01
1.250000000000000026e-04	6.447443389628507160e-02	1.250943150371313095e-01	1.246328903362154961e-01
1.250000000000000026e-04	6.779356701653214967e-02	1.265825666487216949e-01	1.250908365473151207e-01
1.250000000000000026e-04	6.406941561947894492e-02	1.248471289873123169e-01	1.232514316216111183e-01
1.250000000000000026e-04	6.655422343483453906e-02	1.240597907453775406e-01	1.221566712483763695e-01
1.250000000000000026e-04	6.448302083188973965e-02	1.238278998062014580e-01	1.223233109340071678e-01
1.250000000000000026e-04	6.301327959834775172e-02	1.260636132210493088e-01	1.235872767865657806e-01
1.250000000000000026e-04	6.722108661373958627e-02	1.248137718066573143e-01	1.239945311099290848e-01
1.250000000000000026e-04	6.666959303466579723e-02	1.263310182839632034e-01	1.247237576171755791e-01
1.250000000000000026e-04	6.537184548340266299e-02	1.242949245497584343e-01	1.234491560608148575e-01
1.250000000000000026e-04	6.883524839259401451e-02	1.262255189940333366e-01	1.252323249354958534e-01
1.250000000000000026e-04	6.536817729850358250e-02	1.261927913874387741e-01	1.241827914491295815e-01
6.250000000000000130e-05	6.425132578875444866e-02	1.254759710282087326e-01	1.235073376446962357e-01
6.250000000000000130e-05	6.453329442611223377e-02	1.240140032023191452e-01	1.228916281834244728e-01
6.250000000000000130e-05	6.410700775965859355e-02	1.249582273885607719e-01	1.229588612914085388e-01
6.250000000000000130e-05	6.474997103214263916e-02	1.246605776250362396e-01	1.230693142861127853e-01
6.250000000000000130e-05	6.457292731804183117e-02	1.247620359063148499e-01	1.229701433330774307e-01
6.250000000000000130e-05	6.454439687577984142e-02	1.241439338773488998e-01	1.232524169608950615e-01
6.250000000000000130e-05	6.400219775453398763e-02	1.236939970403909683e-01	1.225393516942858696e-01
6.250000000000000130e-05	6.319930512882486473e-02	1.249850345775485039e-01	1.228158874437212944e-01
6.250000000000000130e-05	6.458496259926241323e-02	1.253766259178519249e-01	1.237683193758130074e-01
6.250000000000000130e-05	6.209909826328482985e-02	1.246674647554755211e-01	1.225266009569168091e-01
6.250000000000000130e-05	6.352766490058053828e-02	1.231406563892960548e-01	1.215490354225039482e-01
6.250000000000000130e-05	6.125475070144556500e-02	1.237937500700354576e-01	1.221378743648529053e-01
6.250000000000000130e-05	6.491999526189852487e-02	1.229985766112804413e-01	1.225125752389431000e-01
6.250000000000000130e-05	6.491879562411127791e-02	1.254634261131286621e-01	1.236827429383993149e-01
6.250000000000000130e-05	6.322759248410599053e-02	1.247353004291653633e-01	1.231739083305001259e-01
6.250000000000000130e-05	6.516486099815066435e-02	1.241181874647736549e-01	1.232368424534797668e-01
6.250000000000000130e-05	6.273671027414406964e-02	1.266257511451840401e-01	1.246755523607134819e-01
6.250000000000000130e-05	6.299101943268051174e-02	1.242256574332714081e-01	1.226663943380117416e-01
6.250000000000000130e-05	6.526765689442429186e-02	1.243964117020368576e-01	1.225736783817410469e-01
6.250000000000000130e-05	6.249716760048383557e-02	1.243424313142895699e-01	1.224789470434188843e-01
6.250000000000000130e-05	6.233612339519246925e-02	1.245783539488911629e-01	1.224097721278667450e-01
3.125000000000000065e-05	6.176250003561188640e-02	1.239537596702575684e-01	1.221401579678058624e-01
3.125000000000000065e-05	6.439215793639799235e-02	1.260353131219744682e-01	1.236349390819668770e-01
3.125000000000000065e-05	6.264403863232347047e-02	1.249776128679513931e-01	1.230554953217506409e-01
3.125000000000000065e-05	6.375798941413059195e-02	1.260119490325450897e-01	1.235833857208490372e-01
3.125000000000000065e-05	6.296985134293761610e-02	1.237947363406419754e-01	1.223826697096228600e-01
3.125000000000000065e-05	6.291291518490525758e-02	1.240257769823074341e-01	1.219179546460509300e-01
3.125000000000000065e-05	6.203119334163544746e-02	1.249841339886188507e-01	1.231079790741205215e-01
3.125000000000000065e-05	6.437468113778513357e-02	1.256614504382014275e-01	1.238433420658111572e-01
3.125000000000000065e-05	6.303917083747778705e-02	1.239663772284984589e-01	1.217150725424289703e-01
3.125000000000000065e-05	6.316685054121137788e-02	1.236005844548344612e-01	1.217621006071567535e-01
3.125000000000000065e-05	6.334736235911332669e-02	1.251405952498316765e-01	1.231032619252800941e-01
3.125000000000000065e-05	6.453541322033616578e-02	1.251647733151912689e-01	1.228654272854328156e-01
3.125000000000000065e-05	6.213492763381969763e-02	1.241406016051769257e-01	1.220846362411975861e-01
3.125000000000000065e-05	6.179337293098244310e-02	1.245515625923871994e-01	1.228714697062969208e-01
3.125000000000000065e-05	6.254858184087125350e-02	1.239854767918586731e-01	1.228456543758511543e-01
3.125000000000000065e-05	6.219916701128211378e-02	1.249961256980895996e-01	1.234124610200524330e-01
3.125000000000000065e-05	6.169831535861462074e-02	1.241257106885313988e-01	1.222348446026444435e-01
3.125000000000000065e-05	6.265025944272174796e-02	1.259763557463884354e-01	1.238412959501147270e-01
3.125000000000000065e-05	6.286513371558129226e-02	1.250486122444272041e-01	1.227214373648166656e-01
3.125000000000000065e-05	6.265053836793839370e-02	1.251645162701606750e-01	1.234015114605426788e-01
3.125000000000000065e-05	6.151803658355640275e-02	1.237728241831064224e-01	1.221173806115984917e-01
1.562500000000000033e-05	6.073772770505916907e-02	1.234439825639128685e-01	1.215802794322371483e-01
1.562500000000000033e-05	6.267409658507455683e-02	1.252668425440788269e-01	1.232107505202293396e-01
1.562500000000000033e-05	6.168662577490263005e-02	1.286997720599174500e-01	1.264573764055967331e-01
1.562500000000000033e-05	6.273465160327622303e-02	1.273245057091116905e-01	1.249277060851454735e-01
1.562500000000000033e-05	6.238648460447034083e-02	1.243300065398216248e-01	1.222412735223770142e-01
1.562500000000000033e-05	6.140970825394497651e-02	1.239640023559331894e-01	1.221469454467296600e-01
1.562500000000000033e-05	6.168400557546675766e-02	1.246148524805903435e-01	1.227058582007884979e-01
1.562500000000000033e-05	6.144743766399878709e-02	1.243610754609107971e-01	1.225866340100765228e-01
1.562500000000000033e-05	6.096231112185912515e-02	1.246619196608662605e-01	1.223325766623020172e-01
1.562500000000000033e-05	6.116383291686637580e-02	1.250747498124837875e-01	1.227954830974340439e-01
1.562500000000000033e-05	6.118715101782279397e-02	1.251949938014149666e-01	1.231252718716859818e-01
1.562500000000000033e-05	6.292266096872618786e-02	1.248087761923670769e-01	1.227490780875086784e-01
1.562500000000000033e-05	6.015399602960936482e-02	1.246124599128961563e-01	1.229756819084286690e-01
1.562500000000000033e-05	6.093666122495373927e-02	1.260841852053999901e-01	1.237147925421595573e-01
1.562500000000000033e-05	6.245903845263432730e-02	1.248997431248426437e-01	1.226696697995066643e-01
1.562500000000000033e-05	6.269632661833038356e-02	1.243937574326992035e-01	1.224417015910148621e-01
1.562500000000000033e-05	6.071843739740456075e-02	1.266919691115617752e-01	1.234472831711173058e-01
1.562500000000000033e-05	6.167000187914582765e-02	1.249963073059916496e-01	1.226788284257054329e-01
1.562500000000000033e-05	6.202638125683687664e-02	1.240401128306984901e-01	1.219085045158863068e-01
1.562500000000000033e-05	6.287857819395729908e-02	1.251023104414343834e-01	1.225129673257470131e-01
1.562500000000000033e-05	6.119749596035933131e-02	1.243731509894132614e-01	1.215969445183873177e-01
7.812500000000000163e-06	6.148881790570066147e-02	1.242386614903807640e-01	1.214976087212562561e-01
7.812500000000000163e-06	6.044047306987303941e-02	1.240332089364528656e-01	1.223661331459879875e-01
7.812500000000000163e-06	6.255292850016039297e-02	1.245351489633321762e-01	1.219637691974639893e-01
7.812500000000000163e-06	6.053987649988524372e-02	1.245052032172679901e-01	1.223139520734548569e-01
7.812500000000000163e-06	6.196317128554175435e-02	1.259035170078277588e-01	1.237007034942507744e-01
7.812500000000000163e-06	6.080937366696852892e-02	1.237723929807543755e-01	1.221014307811856270e-01
7.812500000000000163e-06	6.191858432338207680e-02	1.234290935099124908e-01	1.223058579489588737e-01
7.812500000000000163e-06	6.240944323849074299e-02	1.240689242258667946e-01	1.222936352714896202e-01
7.812500000000000163e-06	6.187765620931794108e-02	1.243425449356436729e-01	1.224860185757279396e-01
7.812500000000000163e-06	5.985590674077408135e-02	1.246128585189580917e-01	1.228808723390102386e-01
7.812500000000000163e-06	6.089658441045616571e-02	1.256391303613781929e-01	1.238152962177991867e-01
7.812500000000000163e-06	6.134911989675292249e-02	1.262196991592645645e-01	1.232472080737352371e-01
7.812500000000000163e-06	6.049889113895500631e-02	1.236540870741009712e-01	1.224118107929825783e-01
7.812500000000000163e-06	6.415228625830216025e-02	1.243647839874029160e-01	1.235410301014780998e-01
7.812500000000000163e-06	6.135583819845055048e-02	1.245716409757733345e-01	1.229248307645320892e-01
7.812500000000000163e-06	6.030337550217592518e-02	1.242645960301160812e-01	1.223559193313121796e-01
7.812500000000000163e-06	6.341190386233450105e-02	1.244436567649245262e-01	1.232868274673819542e-01
7.812500000000000163e-06	6.105586329970178611e-02	1.239284891635179520e-01	1.215461827814579010e-01
7.812500000000000163e-06	6.214330288805539060e-02	1.247761454433202744e-01	1.232669185847043991e-01
7.812500000000000163e-06	6.334390750602830744e-02	1.247791051864624023e-01	1.227476913481950760e-01
7.812500000000000163e-06	6.202024834442742413e-02	1.263991855084896088e-01	1.246776357293128967e-01
3.906250000000000081e-06	6.205829157482219832e-02	1.243144543841481209e-01	1.228574393317103386e-01
3.906250000000000081e-06	6.145368851249730785e-02	1.239939350634813309e-01	1.216750396415591240e-01
3.906250000000000081e-06	6.044048127494280886e-02	1.236282829195261002e-01	1.220347713679075241e-01
3.906250000000000081e-06	6.339742809156828640e-02	1.253553507849574089e-01	1.241255505010485649e-01
3.906250000000000081e-06	6.150334733950940658e-02	1.249027205631136894e-01	1.229315539821982384e-01
3.906250000000000081e-06	6.029241461353965909e-02	1.248051607981324196e-01	1.226163683459162712e-01
3.906250000000000081e-06	6.079925865500788312e-02	1.248486302793025970e-01	1.227270979434251785e-01
3.906250000000000081e-06	6.015669304547430901e-02	1.256830608472228050e-01	1.238831551745533943e-01
3.906250000000000081e-06	6.265863205624531973e-02	1.243309797719120979e-01	1.230588220059871674e-01
3.906250000000000081e-06	6.045628461656691460e-02	1.251374613493680954e-01	1.230635978281497955e-01
3.906250000000000081e-06	5.996255072045929974e-02	1.247877776622772217e-01	1.226496296003460884e-01
3.906250000000000081e-06	6.155754206112668686e-02	1.245198585093021393e-01	1.227528573945164680e-01
3.906250000000000081e-06	6.127861047847361214e-02	1.248829597607254982e-01	1.220546327531337738e-01
3.906250000000000081e-06	6.280441685945173380e-02	1.239808425307273865e-01	1.229816619306802750e-01
3.906250000000000081e-06	6.259469791680952189e-02	1.241772025823593140e-01	1.226616511121392250e-01
3.906250000000000081e-06	6.095492396550842434e-02	1.245636576786637306e-01	1.222565071657299995e-01
3.906250000000000081e-06	6.153733976468254985e-02	1.253467407077550888e-01	1.233680527657270432e-01
3.906250000000000081e-06	6.127813123638117115e-02	1.240485720336437225e-01	1.221310859546065331e-01
3.906250000000000081e-06	6.187055193925205393e-02	1.247954191640019417e-01	1.232529347762465477e-01
3.906250000000000081e-06	6.244125990550729310e-02	1.253577023744583130e-01	1.233009966090321541e-01
3.906250000000000081e-06	6.164698915768273418e-02	1.240904927253723145e-01	1.217865236103534698e-01
1.953125000000000041e-06	6.072765692502637286e-02	1.249201158061623573e-01	1.227897498756647110e-01
1.953125000000000041e-06	6.073539440013185631e-02	1.251631937921047211e-01	1.227639829739928246e-01
1.953125000000000041e-06	6.069159347422515421e-02	1.242964640259742737e-01	1.219886615872383118e-01
1.953125000000000041e-06	6.201747215435474830e-02	1.243437007069587708e-01	1.218881681561470032e-01
1.953125000000000041e-06	6.027113349188732011e-02	1.259809881448745728e-01	1.234687026590108871e-01
1.953125000000000041e-06	6.069220140387740492e-02	1.236493596807122231e-01	1.225271103903651237e-01
1.953125000000000041e-06	6.158541274976126606e-02	1.250556558370590210e-01	1.228501386940479279e-01
1.953125000000000041e-06	6.125566410490228958e-02	1.238304488360881805e-01	1.222307449206709862e-01
1.953125000000000041e-06	6.157985923788215216e-02	1.238491432741284370e-01	1.227539293467998505e-01
1.953125000000000041e-06	6.112333075909674729e-02	1.248408947139978409e-01	1.232542162761092186e-01
1.953125000000000041e-06	6.238828887101970089e-02	1.239556837826967239e-01	1.222913414239883423e-01
1.953125000000000041e-06	6.264604359299322245e-02	1.245375713333487511e-01	1.224931254982948303e-01
1.953125000000000041e-06	6.229844165942336615e-02	1.261528590694069862e-01	1.236533382907509804e-01
1.953125000000000041e-06	6.239291497423678917e-02	1.247728765010833740e-01	1.224425630643963814e-01
1.953125000000000041e-06	5.908957057738605662e-02	1.242819689214229584e-01	1.221257047727704048e-01
1.953125000000000041e-06	6.060738059916073728e-02	1.271948656067252159e-01	1.249175602570176125e-01
1.953125000000000041e-06	6.154064631348923897e-02	1.240258878096938133e-01	1.219558902084827423e-01
1.953125000000000041e-06	6.154375320559815621e-02	1.239717500284314156e-01	1.218983642756938934e-01
1.953125000000000041e-06	6.101063417294357721e-02	1.237874897196888924e-01	1.219637617468833923e-01
1.953125000000000041e-06	6.139637096018731033e-02	1.247879434376955032e-01	1.225435184314846992e-01
1.953125000000000041e-06	6.110441529109508080e-02	1.240534186363220215e-01	1.216359939426183701e-01
9.765625000000000203e-07	6.241767947809605949e-02	1.236384194344282150e-01	1.222902173176407814e-01
9.765625000000000203e-07	6.235676089042349601e-02	1.238582963123917580e-01	1.220434531569480896e-01
9.765625000000000203e-07	6.010040867177746104e-02	1.244317814707756042e-01	1.224427362903952599e-01
9.765625000000000203e-07	6.008161708146710772e-02	1.245939340442419052e-01	1.223793569952249527e-01
9.765625000000000203e-07	5.995311385279969429e-02	1.238047964870929718e-01	1.220469744876027107e-01
9.765625000000000203e-07	6.031942155353630514e-02	1.246634004637598991e-01	1.231513181701302528e-01
9.765625000000000203e-07	6.044365475072136645e-02	1.246814699843525887e-01	1.229967111721634865e-01
9.765625000000000203e-07	6.085389640323723287e-02	1.252735964953899384e-01	1.236781533807516098e-01
9.765625000000000203e-07	5.994843073849436682e-02	1.244796738028526306e-01	1.222696807235479355e-01
9.765625000000000203e-07	6.152653161294852763e-02	1.250124089419841766e-01	1.231308681890368462e-01
9.765625000000000203e-07	6.143407948032210408e-02	1.248549604788422585e-01	1.226426921784877777e-01
9.765625000000000203e-07	6.048017108364950323e-02	1.246010623872280121e-01	1.218514628708362579e-01
9.765625000000000203e-07	6.003557221044467790e-02	1.244427785277366638e-01	1.214663833379745483e-01
9.765625000000000203e-07	6.210762710322307451e-02	1.255049379542469978e-01	1.222665021196007729e-01
9.765625000000000203e-07	6.064024760941915532e-02	1.250409306958317757e-01	1.229014163836836815e-01
9.765625000000000203e-07	6.275223200268383039e-02	1.246757144108414650e-01	1.220980668440461159e-01
9.765625000000000203e-07	6.295394491923006486e-02	1.242565959692001343e-01	1.226995633915066719e-01
9.765625000000000203e-07	6.259777458219588364e-02	1.248831590637564659e-01	1.217130022123456001e-01
9.765625000000000203e-07	5.997502402980116332e-02	1.245706938207149506e-01	1.221158383414149284e-01
9.765625000000000203e-07	6.052957404452034146e-02	1.243256404995918274e-01	1.224877461791038513e-01
9.765625000000000203e-07	6.397182418953013816e-02	1.248165545985102654e-01	1.228345837444067001e-01
4.882812500000000102e-07	6.120646004624004377e-02	1.258470537140965462e-01	1.235197251662611961e-01
4.882812500000000102e-07	6.017995272067528517e-02	1.241129217669367790e-01	1.218647211790084839e-01
4.882812500000000102e-07	6.114496054905879663e-02	1.235905718058347702e-01	1.218806132674217224e-01
4.882812500000000102e-07	6.189764017545724278e-02	1.249355338513851166e-01	1.223613526672124863e-01
4.882812500000000102e-07	6.087710628215270425e-02	1.248419610783457756e-01	1.229006499052047729e-01
4.882812500000000102e-07	6.225842029988011561e-02	1.239038631319999695e-01	1.222502887248992920e-01
4.882812500000000102e-07	6.043902817594853927e-02	1.243398552760481834e-01	1.226179990917444229e-01
4.882812500000000102e-07	5.984794721007347107e-02	1.247268971055746078e-01	1.224206294864416122e-01
4.882812500000000102e-07	6.029291795213011229e-02	1.242800476029515266e-01	1.216275254264473915e-01
4.882812500000000102e-07	6.007438214330733384e-02	1.260035131126642227e-01	1.231137160211801529e-01
4.882812500000000102e-07	6.059451967100553532e-02	1.240375526249408722e-01	1.224969811737537384e-01
4.882812500000000102e-07	6.270503233882444849e-02	1.253707008436322212e-01	1.232900284230709076e-01
4.882812500000000102e-07	6.198185144723215856e-02	1.247204840183258057e-01	1.225159652531147003e-01
4.882812500000000102e-07	6.237491762524918770e-02	1.253546793013811111e-01	1.232357118278741837e-01
4.882812500000000102e-07	6.132232378932494371e-02	1.260602902621030807e-01	1.230251826345920563e-01
4.882812500000000102e-07	6.150265882098222142e-02	1.239542309194803238e-01	1.221802029758691788e-01
4.882812500000000102e-07	6.229693088916283400e-02	1.234110854566097260e-01	1.216130582615733147e-01
4.882812500000000102e-07	6.223495474344567513e-02	1.257000742480158806e-01	1.234000483527779579e-01
4.882812500000000102e-07	6.135073285314101427e-02	1.239470895379781723e-01	1.224373094737529755e-01
4.882812500000000102e-07	6.066347295536270862e-02	1.244363654404878616e-01	1.224922826513648033e-01
4.882812500000000102e-07	6.024543629794180954e-02	1.256115874275565147e-01	1.227152971550822258e-01
2.441406250000000051e-07	6.213196117100836663e-02	1.248856531456112862e-01	1.225663134828209877e-01
2.441406250000000051e-07	6.334469061863573502e-02	1.255703009665012360e-01	1.230332460254430771e-01
2.441406250000000051e-07	6.036296887676927125e-02	1.251162784174084663e-01	1.225393768399953842e-01
2.441406250000000051e-07	6.168694577262371498e-02	1.251043230295181274e-01	1.228825375437736511e-01
2.441406250000000051e-07	6.051707885499241907e-02	1.239702198654413223e-01	1.223208867013454437e-01
2.441406250000000051e-07	6.059931614730931781e-02	1.242789579555392265e-01	1.221200395375490189e-01
2.441406250000000051e-07	6.166789572261556496e-02	1.243644095957279205e-01	1.220809202641248703e-01
2.441406250000000051e-07	6.153218589628799140e-02	1.234110724180936813e-01	1.225968524813652039e-01
2.441406250000000051e-07	6.183983013033866882e-02	1.252293558791279793e-01	1.238852329552173615e-01
2.441406250000000051e-07	6.230887110474743473e-02	1.256570499390363693e-01	1.233635284006595612e-01
2.441406250000000051e-07	6.218479366242131434e-02	1.251948028802871704e-01	1.232601637020707130e-01
2.441406250000000051e-07	6.075745420176771605e-02	1.237259255722165108e-01	1.214825334027409554e-01
2.441406250000000051e-07	6.044809430649009108e-02	1.239974685013294220e-01	1.220134086906909943e-01
2.441406250000000051e-07	6.235158240681962227e-02	1.245716195553541183e-01	1.220873501151800156e-01
2.441406250000000051e-07	6.244532745095748155e-02	1.249801544472575188e-01	1.223471034318208694e-01
2.441406250000000051e-07	6.087173365905314965e-02	1.251797694712877274e-01	1.230642423033714294e-01
2.441406250000000051e-07	6.079617307721814357e-02	1.247429829090833664e-01	1.221529180184006691e-01
2.441406250000000051e-07	6.152141480883465546e-02	1.251126006245613098e-01	1.233102362602949142e-01
2.441406250000000051e-07	5.958478987405571581e-02	1.242559477686882019e-01	1.222425438463687897e-01
2.441406250000000051e-07	6.162899614700788342e-02	1.248342981562018394e-01	1.228871671482920647e-01
2.441406250000000051e-07	6.076964179549036033e-02	1.233499096706509590e-01	1.217452464625239372e-01
1.220703125000000025e-07	6.156628894843632627e-02	1.257388191297650337e-01	1.228889347985386848e-01
1.220703125000000025e-07	6.200996069591256654e-02	1.255639325827360153e-01	1.241610171273350716e-01
1.220703125000000025e-07	5.973769667782360959e-02	1.242529656738042831e-01	1.224674340337514877e-01
1.220703125000000025e-07	6.182219106939774306e-02	1.233046045526862144e-01	1.218779692426323891e-01
1.220703125000000025e-07	5.998705054008508092e-02	1.244083503261208534e-01	1.228331699967384338e-01
1.220703125000000025e-07	6.134405048399031724e-02	1.247443687170743942e-01	1.229493916034698486e-01
1.220703125000000025e-07	6.219563661496850526e-02	1.249162694439291954e-01	1.219966225326061249e-01
1.220703125000000025e-07	6.217395000254051507e-02	1.238453360274434090e-01	1.217285506427288055e-01
1.220703125000000025e-07	5.941988480619237595e-02	1.237584287300705910e-01	1.220576623454689980e-01
1.220703125000000025e-07	6.218277884623672064e-02	1.241591358557343483e-01	1.223797900602221489e-01
1.220703125000000025e-07	6.142845655543894418e-02	1.252341661602258682e-01	1.226466158404946327e-01
1.220703125000000025e-07	6.129381725493865396e-02	1.241950737312436104e-01	1.222784137353301048e-01
1.220703125000000025e-07	6.111516704476332301e-02	1.264059375971555710e-01	1.234766133129596710e-01
1.220703125000000025e-07	6.212633602981326025e-02	1.249005617573857307e-01	1.219857726246118546e-01
1.220703125000000025e-07	6.127753618020045923e-02	1.258451668545603752e-01	1.236605504527688026e-01
1.220703125000000025e-07	6.145598399865476180e-02	1.246678000316023827e-01	1.224531121551990509e-01
1.220703125000000025e-07	6.206392652437656837e-02	1.250389320775866508e-01	1.227844106033444405e-01
1.220703125000000025e-07	6.141825439997865982e-02	1.237818421795964241e-01	1.216985555365681648e-01
1.220703125000000025e-07	5.996802689719803875e-02	1.242533260956406593e-01	1.219361471012234688e-01
1.220703125000000025e-07	6.014475999753686464e-02	1.241757590323686600e-01	1.225095922127366066e-01
1.220703125000000025e-07	6.081120052103754919e-02	1.238981382921338081e-01	1.223491262644529343e-01
6.103515625000000127e-08	6.121955642217322136e-02	1.241331119090318680e-01	1.228181188926100731e-01
6.103515625000000127e-08	6.194896920572353499e-02	1.236058073118329048e-01	1.219598483294248581e-01
6.103515625000000127e-08	6.076199089801764125e-02	1.253118021413683891e-01	1.233166344463825226e-01
6.103515625000000127e-08	6.235130748982670862e-02	1.248511746525764465e-01	1.231847088783979416e-01
6.103515625000000127e-08	6.086951621536967200e-02	1.252557868137955666e-01	1.232519829645752907e-01
6.103515625000000127e-08	6.012793116365806878e-02	1.252811020240187645e-01	1.232197955250740051e-01
6.103515625000000127e-08	6.062049225349969844e-02	1.236220709979534149e-01	1.222416497766971588e-01
6.103515625000000127e-08	6.239108392332173847e-02	1.244184616953134537e-01	1.227926947176456451e-01
6.103515625000000127e-08	6.221359378740757423e-02	1.269079409539699554e-01	1.245491588488221169e-01
6.103515625000000127e-08	6.132520659814907210e-02	1.261511864140629768e-01	1.231470424681901932e-01
6.103515625000000127e-08	6.123781873832775252e-02	1.240676930174231529e-01	1.229628641158342361e-01
6.103515625000000127e-08	6.148826297891291093e-02	1.251885918900370598e-01	1.233110930770635605e-01
6.103515625000000127e-08	6.051347503745103246e-02	1.257300535216927528e-01	1.229797881096601486e-01
6.103515625000000127e-08	6.043142415111577709e-02	1.252939710393548012e-01	1.223881775513291359e-01
6.103515625000000127e-08	6.163625263526469750e-02	1.246283603832125664e-01	1.223384095355868340e-01
6.103515625000000127e-08	6.112779747647575229e-02	1.237638713791966438e-01	1.217292854562401772e-01
6.103515625000000127e-08	5.970389961819105168e-02	1.243451610207557678e-01	1.223163818940520287e-01
6.103515625000000127e-08	6.317252401686922203e-02	1.258546197786927223e-01	1.233940161764621735e-01
6.103515625000000127e-08	6.017792163581787979e-02	1.246728645637631416e-01	1.217861315235495567e-01
6.103515625000000127e-08	6.071161356153367133e-02	1.248158384114503860e-01	1.222998732700943947e-01
6.103515625000000127e-08	6.085670579083358317e-02	1.241559805348515511e-01	1.224317131564021111e-01
3.051757812500000064e-08	6.151116634660129534e-02	1.257391562685370445e-01	1.231396822258830070e-01
3.051757812500000064e-08	5.987500314471087826e-02	1.251552877947688103e-01	1.235311068594455719e-01
3.051757812500000064e-08	6.048301437610312248e-02	1.247097831219434738e-01	1.224145246669650078e-01
3.051757812500000064e-08	6.219455576207064129e-02	1.248494749888777733e-01	1.225464930757880211e-01
3.051757812500000064e-08	6.161088189935382681e-02	1.242489004507660866e-01	1.221234016120433807e-01
3.051757812500000064e-08	6.090409865107717508e-02	1.252904823049902916e-01	1.226861933246254921e-01
3.051757812500000064e-08	6.113554268509526629e-02	1.246708091348409653e-01	1.222424469888210297e-01
3.051757812500000064e-08	6.121627396986454445e-02	1.249183081090450287e-01	1.226918091997504234e-01
3.051757812500000064e-08	6.120325540062747371e-02	1.235771402716636658e-01	1.218729009851813316e-01
3.051757812500000064e-08	6.246573020574412716e-02	1.246233014389872551e-01	1.220927946269512177e-01
3.051757812500000064e-08	6.196653607148158716e-02	1.237981114536523819e-01	1.219712123274803162e-01
3.051757812500000064e-08	6.313016723039784062e-02	1.246141856536269188e-01	1.234127935022115707e-01
3.051757812500000064e-08	6.419928121981741120e-02	1.253552492707967758e-01	1.234742598608136177e-01
3.051757812500000064e-08	6.043841986905170577e-02	1.240496188402175903e-01	1.224667523056268692e-01
3.051757812500000064e-08	6.081415561935569342e-02	1.250430056825280190e-01	1.229428760707378387e-01
3.051757812500000064e-08	6.118316179778002240e-02	1.275669578462839127e-01	1.239252323284745216e-01
3.051757812500000064e-08	6.035408108860631365e-02	1.245101140812039375e-01	1.219881614670157433e-01
3.051757812500000064e-08	6.162456059946289783e-02	1.243819613009691238e-01	1.224436676129698753e-01
3.051757812500000064e-08	6.179364294379572492e-02	1.244792165234684944e-01	1.219372153282165527e-01
3.051757812500000064e-08	6.128613429167602961e-02	1.236075293272733688e-01	1.218058215454220772e-01
3.051757812500000064e-08	6.217034444024291395e-02	1.266627460718154907e-01	1.251670671626925468e-01
1.525878906250000032e-08	6.168649406938613022e-02	1.259741457179188728e-01	1.245978521183133125e-01
1.525878906250000032e-08	6.011590550217447287e-02	1.238051243126392365e-01	1.216216553002595901e-01
1.525878906250000032e-08	6.100959236486048348e-02	1.239900924265384674e-01	1.227041091769933701e-01
1.525878906250000032e-08	6.154153774244875558e-02	1.261032577604055405e-01	1.235088333487510681e-01
1.525878906250000032e-08	6.118277172687687504e-02	1.247444888576865196e-01	1.236451668664813042e-01
1.525878906250000032e-08	6.182629105788242652e-02	1.256472794339060783e-01	1.238688798621296883e-01
1.525878906250000032e-08	5.940954174987877340e-02	1.251360522583127022e-01	1.223253151401877403e-01
1.525878906250000032e-08	6.258576985778688262e-02	1.254260707646608353e-01	1.225093100219964981e-01
1.525878906250000032e-08	6.186810319748105996e-02	1.248204074800014496e-01	1.226854939013719559e-01
1.525878906250000032e-08	6.138844759781149352e-02	1.243173815310001373e-01	1.238825004547834396e-01
1.525878906250000032e-08	6.147128022924254476e-02	1.240295860916376114e-01	1.215837588533759117e-01
1.525878906250000032e-08	6.067755752349201365e-02	1.238921312615275383e-01	1.215712875127792358e-01
1.525878906250000032e-08	6.050911225095580159e-02	1.236959071829915047e-01	1.220668042078614235e-01
1.525878906250000032e-08	6.017254943711847909e-02	1.240633009001612663e-01	1.218510940670967102e-01
1.525878906250000032e-08	6.109010116963446702e-02	1.236620945855975151e-01	1.214662827551364899e-01
1.525878906250000032e-08	6.222806965248494498e-02	1.245959950610995293e-01	1.231164177879691124e-01
1.525878906250000032e-08	6.193406931773016988e-02	1.246850909665226936e-01	1.226647412404417992e-01
1.525878906250000032e-08	6.275705771544311251e-02	1.244518989697098732e-01	1.235230704769492149e-01
1.525878906250000032e-08	6.040267476552649284e-02	1.245532296597957611e-01	1.223457809537649155e-01
1.525878906250000032e-08	6.284975604731825316e-02	1.257399087771773338e-01	1.239450247958302498e-01
1.525878906250000032e-08	6.066597097470790428e-02	1.242342907935380936e-01	1.225640336051583290e-01
1.525878906250000032e-08	6.078001555008224338e-02	1.246553286910057068e-01	1.223158640787005424e-01
1.525878906250000032e-08	6.135025342242627494e-02	1.259129047393798828e-01	1.239999551326036453e-01
1.525878906250000032e-08	6.137973235189160548e-02	1.246652696281671524e-01	1.224676370620727539e-01
1.525878906250000032e-08	6.139877938394305151e-02	1.243599057197570801e-01	1.219629812985658646e-01
1.525878906250000032e-08	6.282297526545162214e-02	1.255867155268788338e-01	1.226896652951836586e-01
1.525878906250000032e-08	6.042946262072913105e-02	1.251631388440728188e-01	1.223725667223334312e-01
1.525878906250000032e-08	6.181051110542273158e-02	1.238685194402933121e-01	1.218073004856705666e-01
1.525878906250000032e-08	6.286873517534401212e-02	1.258453354239463806e-01	1.232815952971577644e-01
1.525878906250000032e-08	6.182187833363497059e-02	1.257144212722778320e-01	1.226601433008909225e-01
1.525878906250000032e-08	6.316548826385147419e-02	1.268726252019405365e-01	1.242256592959165573e-01
1.525878906250000032e-08	6.218618248836903922e-02	1.270492076873779297e-01	1.247901991009712219e-01
1.525878906250000032e-08	6.159859263821493292e-02	1.254585748538374901e-01	1.235602973029017448e-01
1.525878906250000032e-08	6.380037034425554976e-02	1.291891997680068016e-01	1.264271466061472893e-01
1.525878906250000032e-08	5.858234000168269229e-02	1.240865448489785194e-01	1.223045838996767998e-01
1.525878906250000032e-08	6.078525901406626325e-02	1.243808660656213760e-01	1.223460743203759193e-01
1.525878906250000032e-08	6.130253561312639515e-02	1.248554112389683723e-01	1.221360564231872559e-01
1.525878906250000032e-08	6.028354045333741279e-02	1.242871014401316643e-01	1.225457601249217987e-01
1.525878906250000032e-08	6.140574369626709134e-02	1.248357398435473442e-01	1.234355391934514046e-01
1.525878906250000032e-08	6.068663648034952618e-02	1.267629060894250870e-01	1.253984831273555756e-01
1.525878906250000032e-08	6.252454485319837441e-02	1.255316222086548805e-01	1.233547711744904518e-01
