2.000000000000000042e-03	4.014353774770905714e-01	3.441071584820747375e-01	3.396386988461017609e-01
2.000000000000000042e-03	2.832166722303704476e-01	2.908300049602985382e-01	2.890512235462665558e-01
2.000000000000000042e-03	2.501518124643760665e-01	2.532764356583356857e-01	2.558695226907730103e-01
2.000000000000000042e-03	2.346841821187659050e-01	3.764058835804462433e-01	3.699944801628589630e-01
2.000000000000000042e-03	2.337200917020628710e-01	2.580899670720100403e-01	2.631310503929853439e-01
2.000000000000000042e-03	2.211578267661830910e-01	2.331629171967506409e-01	2.362132538110017776e-01
2.000000000000000042e-03	2.164876730758932555e-01	2.142598498612642288e-01	2.169802207499742508e-01
2.000000000000000042e-03	2.071659757366663412e-01	2.132064811885356903e-01	2.180461063981056213e-01
2.000000000000000042e-03	2.106245835370655350e-01	2.163040805608034134e-01	2.160891517996788025e-01
2.000000000000000042e-03	2.036494278832327032e-01	1.948139201849699020e-01	1.951348148286342621e-01
2.000000000000000042e-03	1.942212830615948904e-01	1.916699595749378204e-01	1.915569882839918137e-01
2.000000000000000042e-03	1.941930732772320090e-01	2.316601444035768509e-01	2.296309825032949448e-01
2.000000000000000042e-03	1.929584192701532808e-01	2.193227931857109070e-01	2.230596318840980530e-01
2.000000000000000042e-03	1.890988314076315069e-01	1.933086644858121872e-01	1.949634123593568802e-01
2.000000000000000042e-03	1.899783296298377111e-01	2.367188464850187302e-01	2.325951941311359406e-01
2.000000000000000042e-03	1.828622765178921916e-01	1.730041820555925369e-01	1.761148832738399506e-01
2.000000000000000042e-03	1.745970203906674900e-01	1.913720779120922089e-01	1.904636677354574203e-01
2.000000000000000042e-03	1.795444528136072304e-01	1.945916991680860519e-01	1.939825173467397690e-01
2.000000000000000042e-03	1.756054517589037967e-01	2.023962400853633881e-01	2.055886033922433853e-01
2.000000000000000042e-03	1.831890218242814283e-01	1.679158322513103485e-01	1.715203635394573212e-01
2.000000000000000042e-03	1.676894250927092045e-01	1.925312634557485580e-01	1.955804023891687393e-01
2.000000000000000042e-03	1.730834081580367168e-01	1.705489866435527802e-01	1.703758407384157181e-01
2.000000000000000042e-03	1.664458918797818987e-01	1.613288149237632751e-01	1.621742825955152512e-01
2.000000000000000042e-03	1.682075839253920624e-01	1.880013365298509598e-01	1.899393871426582336e-01
2.000000000000000042e-03	1.644402148225639348e-01	1.999531779438257217e-01	2.024581339210271835e-01
2.000000000000000042e-03	1.639975254671482974e-01	1.670791599899530411e-01	1.691967342048883438e-01
2.000000000000000042e-03	1.578536329767372126e-01	1.619920749217271805e-01	1.635146606713533401e-01
2.000000000000000042e-03	1.589995771646499634e-01	1.628377716988325119e-01	1.633056495338678360e-01
2.000000000000000042e-03	1.571178547566449979e-01	1.702963616698980331e-01	1.693259049206972122e-01
2.000000000000000042e-03	1.551399485597127481e-01	1.594725660979747772e-01	1.624903175979852676e-01
2.000000000000000042e-03	1.600392430643492181e-01	1.583665385842323303e-01	1.618150435388088226e-01
2.000000000000000042e-03	1.552222839827779033e-01	1.587531510740518570e-01	1.611482929438352585e-01
2.000000000000000042e-03	1.571410326640817201e-01	1.586754359304904938e-01	1.588783655315637589e-01
2.000000000000000042e-03	1.526796351882475922e-01	1.718741096556186676e-01	1.723674219101667404e-01
2.000000000000000042e-03	1.518052639086035216e-01	1.537177711725234985e-01	1.553917359560728073e-01
2.000000000000000042e-03	1.486327955617180452e-01	1.599564254283905029e-01	1.617684625089168549e-01
2.000000000000000042e-03	1.477881736015971836e-01	1.581847593188285828e-01	1.562486719340085983e-01
2.000000000000000042e-03	1.458220999640754412e-01	1.526862140744924545e-01	1.516564469784498215e-01
2.000000000000000042e-03	1.457638838623143418e-01	1.573874410241842270e-01	1.598663106560707092e-01
2.000000000000000042e-03	1.469659495957290063e-01	1.455127187073230743e-01	1.465397048741579056e-01
2.000000000000000042e-03	1.476520124492765873e-01	1.538731008768081665e-01	1.562987901270389557e-01
2.000000000000000042e-03	1.456603024956546200e-01	1.508536711335182190e-01	1.525035612285137177e-01
2.000000000000000042e-03	1.470289335032052558e-01	1.612209454178810120e-01	1.617114972323179245e-01
2.000000000000000042e-03	1.434350981365276334e-01	1.534766443073749542e-01	1.536082047969102859e-01
2.000000000000000042e-03	1.430510667305958383e-01	1.563171651214361191e-01	1.575554646551609039e-01
2.000000000000000042e-03	1.428316651454454855e-01	1.751385964453220367e-01	1.733058989048004150e-01
2.000000000000000042e-03	1.444830366327792825e-01	1.648976970463991165e-01	1.645162180066108704e-01
2.000000000000000042e-03	1.478082332052761960e-01	1.561339851468801498e-01	1.539538260549306870e-01
2.000000000000000042e-03	1.436220198115215896e-01	1.538469102233648300e-01	1.557637043297290802e-01
2.000000000000000042e-03	1.390791404285008359e-01	1.624228749424219131e-01	1.635262146592140198e-01
2.000000000000000042e-03	1.368001824881457107e-01	1.441369298845529556e-01	1.451771687716245651e-01
2.000000000000000042e-03	1.387138361040549939e-01	1.588381770998239517e-01	1.571685615926980972e-01
2.000000000000000042e-03	1.390029088228563747e-01	1.501365937292575836e-01	1.505357604473829269e-01
2.000000000000000042e-03	1.384827748318261664e-01	1.643030662089586258e-01	1.622723452746868134e-01
2.000000000000000042e-03	1.431863399434693263e-01	1.478454656898975372e-01	1.467764973640441895e-01
2.000000000000000042e-03	1.365603619738470220e-01	1.651297900825738907e-01	1.615141239017248154e-01
2.000000000000000042e-03	1.350117433297483294e-01	1.474951803684234619e-01	1.494153402745723724e-01
2.000000000000000042e-03	1.334938238127322263e-01	1.428353488445281982e-01	1.439220998436212540e-01
2.000000000000000042e-03	1.308302788794795113e-01	1.482696644961833954e-01	1.480283029377460480e-01
2.000000000000000042e-03	1.339580184673961338e-01	1.494544688612222672e-01	1.489163283258676529e-01
2.000000000000000042e-03	1.308247999677175089e-01	1.541059464216232300e-01	1.525738872587680817e-01
2.000000000000000042e-03	1.329306347083441808e-01	1.410257518291473389e-01	1.416450347751379013e-01
2.000000000000000042e-03	1.303806713298906184e-01	1.543391253799200058e-01	1.555510647594928741e-01
2.000000000000000042e-03	1.313939302971091350e-01	1.512461416423320770e-01	1.511657889932394028e-01
2.000000000000000042e-03	1.307593875482112589e-01	1.459495779126882553e-01	1.470196191221475601e-01
2.000000000000000042e-03	1.266086041172848342e-01	1.396827660501003265e-01	1.397050376981496811e-01
2.000000000000000042e-03	1.270479024211062791e-01	1.399574894458055496e-01	1.388425445184111595e-01
2.000000000000000042e-03	1.242421526886239858e-01	1.623734887689352036e-01	1.623015291988849640e-01
2.000000000000000042e-03	1.286024918095974856e-01	1.434797775000333786e-01	1.449642758816480637e-01
2.000000000000000042e-03	1.318603266454950185e-01	1.508721392601728439e-01	1.510323882102966309e-01
2.000000000000000042e-03	1.277351131356215252e-01	1.369755920022726059e-01	1.377871371805667877e-01
2.000000000000000042e-03	1.226954546910297983e-01	1.379187963902950287e-01	1.383902179077267647e-01
2.000000000000000042e-03	1.227126012120065834e-01	1.474798880517482758e-01	1.452994700521230698e-01
2.000000000000000042e-03	1.252735967311678078e-01	1.437587458640336990e-01	1.470323856920003891e-01
2.000000000000000042e-03	1.219158991228176114e-01	1.427868418395519257e-01	1.436637602746486664e-01
2.000000000000000042e-03	1.234922332665588235e-01	1.381932031363248825e-01	1.385142989456653595e-01
2.000000000000000042e-03	1.206300484983226923e-01	1.476309671998023987e-01	1.455410122871398926e-01
2.000000000000000042e-03	1.192477355840839970e-01	1.378929372876882553e-01	1.383671425282955170e-01
2.000000000000000042e-03	1.192004241143600901e-01	1.434325017035007477e-01	1.430162116885185242e-01
2.000000000000000042e-03	1.180277406414852875e-01	1.542750280350446701e-01	1.532540936022996902e-01
2.000000000000000042e-03	1.207016075525102761e-01	1.418499965220689774e-01	1.431162580847740173e-01
2.000000000000000042e-03	1.185289109243622269e-01	1.499740015715360641e-01	1.497351303696632385e-01
2.000000000000000042e-03	1.147695090385931899e-01	1.424862351268529892e-01	1.407326981425285339e-01
2.000000000000000042e-03	1.163199696736999661e-01	1.422946602106094360e-01	1.432008314877748489e-01
2.000000000000000042e-03	1.139120868866956710e-01	1.417820472270250320e-01	1.425035800784826279e-01
2.000000000000000042e-03	1.164738549084603086e-01	1.400136556476354599e-01	1.436347290873527527e-01
2.000000000000000042e-03	1.167046403205847377e-01	1.397932879626750946e-01	1.416392270475625992e-01
2.000000000000000042e-03	1.228386440043207906e-01	1.384238488972187042e-01	1.399644892662763596e-01
2.000000000000000042e-03	1.174386966077587274e-01	1.408585477620363235e-01	1.418672800064086914e-01
2.000000000000000042e-03	1.175993783753129518e-01	1.407988276332616806e-01	1.398839280009269714e-01
2.000000000000000042e-03	1.140501104012320299e-01	1.375123066827654839e-01	1.388449445366859436e-01
2.000000000000000042e-03	1.127860350887986696e-01	1.358930123969912529e-01	1.394889596849679947e-01
2.000000000000000042e-03	1.152243203000177380e-01	1.468864642083644867e-01	1.481954455375671387e-01
2.000000000000000042e-03	1.149648623187330687e-01	1.363821439445018768e-01	1.398226441815495491e-01
2.000000000000000042e-03	1.109654092336002790e-01	1.385439410805702209e-01	1.393474899232387543e-01
2.000000000000000042e-03	1.136782063713556584e-01	1.359548252075910568e-01	1.364968679845333099e-01
2.000000000000000042e-03	1.124068854164473608e-01	1.411931924521923065e-01	1.437778342515230179e-01
2.000000000000000042e-03	1.079827119843869282e-01	1.403593402355909348e-01	1.445413045585155487e-01
2.000000000000000042e-03	1.072432956174959179e-01	1.404619459062814713e-01	1.413327958434820175e-01
2.000000000000000042e-03	1.105474458087848666e-01	1.368474401533603668e-01	1.374421576038002968e-01
2.000000000000000042e-03	1.147694500941264517e-01	1.388656701892614365e-01	1.408777609467506409e-01
2.000000000000000042e-03	1.087092058379438841e-01	1.408842485398054123e-01	1.400128211826086044e-01
2.000000000000000042e-03	1.073935465722144350e-01	1.395144574344158173e-01	1.424818187952041626e-01
2.000000000000000042e-03	1.071028604726248085e-01	1.383773470297455788e-01	1.408278625458478928e-01
2.000000000000000042e-03	1.054643480272232786e-01	1.338732093572616577e-01	1.345791462808847427e-01
2.000000000000000042e-03	1.053249152212203249e-01	1.341787762939929962e-01	1.360057070851325989e-01
2.000000000000000042e-03	1.055692091018338719e-01	1.326983366161584854e-01	1.348304348066449165e-01
2.000000000000000042e-03	1.034352537951891970e-01	1.326714623719453812e-01	1.344520151615142822e-01
2.000000000000000042e-03	1.068314671327796200e-01	1.458777785301208496e-01	1.497487537562847137e-01
2.000000000000000042e-03	1.113586075886895399e-01	1.436819229274988174e-01	1.434993129223585129e-01
2.000000000000000042e-03	1.053496712370763783e-01	1.422996018081903458e-01	1.415229141712188721e-01
2.000000000000000042e-03	1.041118193276320825e-01	1.341163590550422668e-01	1.336608622223138809e-01
2.000000000000000042e-03	1.009737395598918619e-01	1.306363539770245552e-01	1.340023502707481384e-01
2.000000000000000042e-03	1.025715040255196497e-01	1.375693157315254211e-01	1.384827001020312309e-01
2.000000000000000042e-03	1.048775676496421227e-01	1.341984691098332405e-01	1.381000950932502747e-01
2.000000000000000042e-03	9.866322652448582253e-02	1.374654211103916168e-01	1.405824180692434311e-01
2.000000000000000042e-03	1.010936213822304502e-01	1.372183393687009811e-01	1.378438603132963181e-01
2.000000000000000042e-03	1.029318435282646910e-01	1.360588595271110535e-01	1.370694506913423538e-01
2.000000000000000042e-03	9.895306901086735329e-02	1.296241693198680878e-01	1.314675519242882729e-01
2.000000000000000042e-03	1.008436564780488820e-01	1.395820779725909233e-01	1.419056979939341545e-01
2.000000000000000042e-03	9.864065909310232305e-02	1.321840230375528336e-01	1.331887515261769295e-01
2.000000000000000042e-03	9.933137789934495809e-02	1.386407222598791122e-01	1.397681459784507751e-01
2.000000000000000042e-03	1.023692398131648140e-01	1.483419351279735565e-01	1.499919090420007706e-01
2.000000000000000042e-03	9.999617368360108616e-02	1.377919483929872513e-01	1.382091818377375603e-01
2.000000000000000042e-03	9.816331925648677514e-02	1.345283556729555130e-01	1.369267692789435387e-01
2.000000000000000042e-03	9.648811194715620210e-02	1.506359595805406570e-01	1.532540172338485718e-01
2.000000000000000042e-03	9.752905151889293411e-02	1.370758563280105591e-01	1.416686885058879852e-01
2.000000000000000042e-03	9.850692239743244483e-02	1.405755188316106796e-01	1.439199727028608322e-01
2.000000000000000042e-03	9.878309410584124040e-02	1.345126237720251083e-01	1.383702587336301804e-01
2.000000000000000042e-03	9.678408626136900117e-02	1.392728853970766068e-01	1.402178145945072174e-01
2.000000000000000042e-03	9.608887466071527883e-02	1.318713724613189697e-01	1.348532140254974365e-01
2.000000000000000042e-03	9.723744211317617014e-02	1.338951364159584045e-01	1.336824828758835793e-01
2.000000000000000042e-03	9.882423611758631155e-02	1.358460523188114166e-01	1.368022765964269638e-01
2.000000000000000042e-03	9.553649738619598986e-02	1.358766797930002213e-01	1.399809103459119797e-01
2.000000000000000042e-03	9.573777331204354202e-02	1.409474834799766541e-01	1.454686820507049561e-01
2.000000000000000042e-03	9.572731599777559164e-02	1.326823709532618523e-01	1.358979688957333565e-01
2.000000000000000042e-03	9.910611780006674254e-02	1.360072549432516098e-01	1.383252702653408051e-01
2.000000000000000042e-03	9.552026530609855626e-02	1.400153432041406631e-01	1.411791592836380005e-01
2.000000000000000042e-03	9.497353113904784261e-02	1.348268296569585800e-01	1.375506892800331116e-01
2.000000000000000042e-03	9.392606966857668105e-02	1.347888298332691193e-01	1.359537690877914429e-01
1.000000000000000021e-03	8.404553021433987248e-02	1.310578603297472000e-01	1.308337859809398651e-01
1.000000000000000021e-03	8.190010129650936166e-02	1.251504886895418167e-01	1.255661919713020325e-01
1.000000000000000021e-03	8.147717088083678005e-02	1.293229116126894951e-01	1.290863500908017159e-01
1.000000000000000021e-03	8.093297481536865234e-02	1.259592259302735329e-01	1.258486015722155571e-01
1.000000000000000021e-03	7.965332863828804288e-02	1.271098693832755089e-01	1.277536293491721153e-01
1.000000000000000021e-03	8.007653769624384354e-02	1.250028619542717934e-01	1.267222762107849121e-01
1.000000000000000021e-03	7.862025621948362519e-02	1.251971265301108360e-01	1.259205117821693420e-01
1.000000000000000021e-03	7.738432424921024011e-02	1.257017785683274269e-01	1.245107250288128853e-01
1.000000000000000021e-03	7.984775493416605696e-02	1.280457628890872002e-01	1.275645075365900993e-01
1.000000000000000021e-03	7.751362365257891129e-02	1.241495870053768158e-01	1.263753157109022141e-01
1.000000000000000021e-03	7.817660366432575836e-02	1.247601648792624474e-01	1.270057559013366699e-01
1.000000000000000021e-03	7.639451970971083972e-02	1.276041427627205849e-01	1.269376054406166077e-01
1.000000000000000021e-03	7.917539157633539382e-02	1.250467514619231224e-01	1.254653325304389000e-01
1.000000000000000021e-03	7.660532431511939133e-02	1.274842545390129089e-01	1.286324644461274147e-01
1.000000000000000021e-03	7.917443483690672634e-02	1.288241352885961533e-01	1.307408260181546211e-01
1.000000000000000021e-03	7.695419426205792057e-02	1.303208367899060249e-01	1.316729746758937836e-01
1.000000000000000021e-03	7.567133495136152410e-02	1.263184845447540283e-01	1.277606282383203506e-01
1.000000000000000021e-03	7.710697916866857127e-02	1.335110738873481750e-01	1.338363001123070717e-01
1.000000000000000021e-03	7.531491223769852528e-02	1.277746036648750305e-01	1.271256506443023682e-01
1.000000000000000021e-03	7.495927485295489356e-02	1.272473959252238274e-01	1.266713552176952362e-01
1.000000000000000021e-03	7.558171474669553302e-02	1.255545523017644882e-01	1.260435171425342560e-01
1.000000000000000021e-03	7.483383626500263175e-02	1.242306921631097794e-01	1.263508759438991547e-01
1.000000000000000021e-03	7.455151287626617107e-02	1.261088391765952110e-01	1.246906975284218788e-01
1.000000000000000021e-03	7.576849509643603098e-02	1.283197402954101562e-01	1.271340018138289452e-01
1.000000000000000021e-03	7.458337108734287846e-02	1.254117302596569061e-01	1.258566165342926979e-01
1.000000000000000021e-03	7.364514408798157608e-02	1.268810294568538666e-01	1.281038643792271614e-01
1.000000000000000021e-03	7.430240662792060580e-02	1.286295140162110329e-01	1.275094747543334961e-01
1.000000000000000021e-03	7.366979801202122591e-02	1.303464910015463829e-01	1.273947674781084061e-01
1.000000000000000021e-03	7.459062300150907932e-02	1.319139041006565094e-01	1.307963123545050621e-01
1.000000000000000021e-03	7.319987560563449847e-02	1.271889358758926392e-01	1.249632900580763817e-01
1.000000000000000021e-03	7.110276681524288489e-02	1.273229792714118958e-01	1.270928429439663887e-01
5.000000000000000104e-04	6.789717766680294919e-02	1.219607368111610413e-01	1.225284170359373093e-01
5.000000000000000104e-04	6.654144017190873062e-02	1.236224770545959473e-01	1.232205964624881744e-01
5.000000000000000104e-04	6.547872976788991772e-02	1.241486808285117149e-01	1.225980818271636963e-01
5.000000000000000104e-04	6.601944485608535196e-02	1.235496513545513153e-01	1.218806477263569832e-01
5.000000000000000104e-04	6.697463659168798045e-02	1.239664256572723389e-01	1.235744692385196686e-01
5.000000000000000104e-04	6.570623918801923868e-02	1.228122655302286148e-01	1.220549214631319046e-01
5.000000000000000104e-04	6.486725892069973576e-02	1.235967343673110008e-01	1.229549730196595192e-01
5.000000000000000104e-04	6.545323246642004156e-02	1.240460593253374100e-01	1.225582370534539223e-01
5.000000000000000104e-04	6.415741037152990212e-02	1.239750999957323074e-01	1.238085841760039330e-01
5.000000000000000104e-04	6.423593411528610853e-02	1.252971580252051353e-01	1.242815284058451653e-01
5.000000000000000104e-04	6.785565562829186381e-02	1.239967402070760727e-01	1.237139515578746796e-01
5.000000000000000104e-04	6.635737140910534515e-02	1.243939101696014404e-01	1.237796917557716370e-01
5.000000000000000104e-04	6.498651541297949252e-02	1.239373618736863136e-01	1.220569172874093056e-01
5.000000000000000104e-04	6.279646845746643391e-02	1.235512588173151016e-01	1.220638165250420570e-01
5.000000000000000104e-04	6.385610681734507632e-02	1.261493060737848282e-01	1.238698819652199745e-01
5.000000000000000104e-04	6.220236123551296098e-02	1.238515619188547134e-01	1.226064646616578102e-01
5.000000000000000104e-04	6.314095609550234023e-02	1.240133307874202728e-01	1.227486347779631615e-01
5.000000000000000104e-04	6.262171603267706332e-02	1.238646367564797401e-01	1.238123662769794464e-01
5.000000000000000104e-04	6.223440552248230700e-02	1.230585509911179543e-01	1.219987664371728897e-01
5.000000000000000104e-04	6.432651700098303282e-02	1.227514967322349548e-01	1.231147153303027153e-01
5.000000000000000104e-04	6.359147454930257071e-02	1.240228032693266869e-01	1.232040347531437874e-01
5.000000000000000104e-04	6.339099385504480544e-02	1.239062435925006866e-01	1.242999453097581863e-01
2.500000000000000052e-04	5.960608203011222989e-02	1.223821118474006653e-01	1.226770635694265366e-01
2.500000000000000052e-04	5.956222399880614637e-02	1.221011681482195854e-01	1.211785105988383293e-01
2.500000000000000052e-04	5.878931448995312892e-02	1.228211903944611549e-01	1.220498634502291679e-01
2.500000000000000052e-04	6.036758078615876710e-02	1.235603047534823418e-01	1.229334855452179909e-01
2.500000000000000052e-04	5.904997569284861636e-02	1.223488049581646919e-01	1.212819190695881844e-01
2.500000000000000052e-04	6.020462494107741563e-02	1.233895821496844292e-01	1.218954185023903847e-01
2.500000000000000052e-04	5.903960146670100134e-02	1.230954825878143311e-01	1.223577577620744705e-01
2.500000000000000052e-04	5.879551007211962499e-02	1.233311770483851433e-01	1.219120202586054802e-01
2.500000000000000052e-04	6.124191542592229837e-02	1.233401587232947350e-01	1.220561256632208824e-01
2.500000000000000052e-04	5.936043775534328298e-02	1.234019026160240173e-01	1.217270167544484138e-01
2.500000000000000052e-04	5.918048652289788908e-02	1.222555739805102348e-01	1.229426357895135880e-01
2.500000000000000052e-04	5.772869925521596779e-02	1.234877342358231544e-01	1.212379708886146545e-01
2.500000000000000052e-04	5.907897556884379037e-02	1.226048208773136139e-01	1.216318104416131973e-01
2.500000000000000052e-04	5.929293497642384309e-02	1.234581554308533669e-01	1.224231291562318802e-01
2.500000000000000052e-04	5.960229128787788988e-02	1.230571148917078972e-01	1.220980295911431313e-01
2.500000000000000052e-04	5.770273761281484448e-02	1.230779709294438362e-01	1.219025133177638054e-01
2.500000000000000052e-04	5.782957747578620911e-02	1.232284903526306152e-01	1.213587475940585136e-01
2.500000000000000052e-04	5.774795735561395055e-02	1.233109403401613235e-01	1.209079418331384659e-01
2.500000000000000052e-04	5.766506681713876731e-02	1.240377221256494522e-01	1.220720205456018448e-01
2.500000000000000052e-04	5.813733422303501291e-02	1.226608464494347572e-01	1.218426413834095001e-01
2.500000000000000052e-04	5.852010020915465738e-02	1.236389018595218658e-01	1.226808205246925354e-01
1.250000000000000026e-04	5.698675374630131352e-02	1.240842314437031746e-01	1.216842727735638618e-01
1.250000000000000026e-04	5.657058020558538430e-02	1.224024686962366104e-01	1.215949775651097298e-01
1.250000000000000026e-04	5.607020968123327398e-02	1.221718117594718933e-01	1.213360149413347244e-01
1.250000000000000026e-04	5.548654638136489570e-02	1.227554129436612129e-01	1.212069084867835045e-01
1.250000000000000026e-04	5.628007815419873439e-02	1.222551064565777779e-01	1.210458697751164436e-01
1.250000000000000026e-04	5.630345741593385106e-02	1.223895763978362083e-01	1.208839351311326027e-01
1.250000000000000026e-04	5.505169305620314507e-02	1.227986281737685204e-01	1.208408363163471222e-01
1.250000000000000026e-04	5.595483993993529553e-02	1.231650924310088158e-01	1.217414001002907753e-01
1.250000000000000026e-04	5.547249383186992483e-02	1.231975620612502098e-01	1.208559172227978706e-01
1.250000000000000026e-04	5.581580875795098817e-02	1.220706058666110039e-01	1.215970860794186592e-01
1.250000000000000026e-04	5.670941894567465419e-02	1.222722008824348450e-01	1.213149391114711761e-01
1.250000000000000026e-04	5.543080839929701714e-02	1.234564026817679405e-01	1.217873012647032738e-01
1.250000000000000026e-04	5.566350931796846396e-02	1.232960345223546028e-01	1.210420764982700348e-01
1.250000000000000026e-04	5.589388112855862845e-02	1.225525308400392532e-01	1.208389364182949066e-01
1.250000000000000026e-04	5.629584334696395576e-02	1.226917449384927750e-01	1.209340160712599754e-01
1.250000000000000026e-04	5.605587235923054773e-02	1.223562136292457581e-01	1.213584123179316521e-01
1.250000000000000026e-04	5.692407884929753803e-02	1.238515088334679604e-01	1.225518500432372093e-01
1.250000000000000026e-04	5.702781950748419398e-02	1.229734877124428749e-01	1.208265069872140884e-01
1.250000000000000026e-04	5.559609637041635494e-02	1.230160472914576530e-01	1.212872397154569626e-01
1.250000000000000026e-04	5.451421024678628630e-02	1.232329402118921280e-01	1.209808439016342163e-01
1.250000000000000026e-04	5.565304658080957867e-02	1.223405180498957634e-01	1.204542741179466248e-01
6.250000000000000130e-05	5.357174047186404747e-02	1.227802056819200516e-01	1.204961976036429405e-01
6.250000000000000130e-05	5.657488352890256006e-02	1.229118481278419495e-01	1.218929225578904152e-01
6.250000000000000130e-05	5.483192856175989754e-02	1.222141673788428307e-01	1.213190052658319473e-01
6.250000000000000130e-05	5.555484726836409926e-02	1.231032358482480049e-01	1.215693568810820580e-01
6.250000000000000130e-05	5.453126514448395495e-02	1.231028176844120026e-01	1.211831541731953621e-01
6.250000000000000130e-05	5.567654707952390813e-02	1.224185870960354805e-01	1.209588395431637764e-01
6.250000000000000130e-05	5.517488949095146478e-02	1.223490312695503235e-01	1.215013526380062103e-01
6.250000000000000130e-05	5.326624393840379695e-02	1.219769669696688652e-01	1.212277859449386597e-01
6.250000000000000130e-05	5.350557549656191625e-02	1.226635994389653206e-01	1.204880094155669212e-01
6.250000000000000130e-05	5.500901150929776717e-02	1.225600084289908409e-01	1.208653189241886139e-01
6.250000000000000130e-05	5.345842327120937931e-02	1.218402804806828499e-01	1.209091972559690475e-01
6.250000000000000130e-05	5.418303071320811071e-02	1.215284205973148346e-01	1.207747934386134148e-01
6.250000000000000130e-05	5.441070715837841021e-02	1.221751198172569275e-01	1.212248122319579124e-01
6.250000000000000130e-05	5.396085741776454614e-02	1.222587879747152328e-01	1.206998554989695549e-01
6.250000000000000130e-05	5.370809194407885623e-02	1.228313045576214790e-01	1.209664046764373779e-01
6.250000000000000130e-05	5.420921549578256587e-02	1.234824396669864655e-01	1.224269932135939598e-01
6.250000000000000130e-05	5.383889405410501039e-02	1.221198178827762604e-01	1.209767619147896767e-01
6.250000000000000130e-05	5.499859489028966625e-02	1.218156628310680389e-01	1.215318432077765465e-01
6.250000000000000130e-05	5.406124889850616455e-02	1.224556891247630119e-01	1.207706881687045097e-01
6.250000000000000130e-05	5.278441507982302439e-02	1.222763089463114738e-01	1.205762503668665886e-01
6.250000000000000130e-05	5.539985755576363330e-02	1.228382410481572151e-01	1.208286676555871964e-01
6.250000000000000130e-05	5.581715537966051854e-02	1.229427522048354149e-01	1.213459055870771408e-01
6.250000000000000130e-05	5.435607638917391848e-02	1.227263789623975754e-01	1.220778450369834900e-01
6.250000000000000130e-05	5.458144664387159367e-02	1.227654321119189262e-01	1.206457410007715225e-01
6.250000000000000130e-05	5.263881757855415344e-02	1.221151025965809822e-01	1.206145174801349640e-01
6.250000000000000130e-05	5.343455882577956284e-02	1.220995569601655006e-01	1.205182652920484543e-01
6.250000000000000130e-05	5.338873266230655806e-02	1.224260721355676651e-01	1.209394931793212891e-01
6.250000000000000130e-05	5.271271408735951625e-02	1.218692231923341751e-01	1.206430094316601753e-01
6.250000000000000130e-05	5.321585000315798980e-02	1.229096995666623116e-01	1.214052941650152206e-01
6.250000000000000130e-05	5.489885542966142784e-02	1.239941641688346863e-01	1.225591069087386131e-01
6.250000000000000130e-05	5.502344219933582442e-02	1.228904994204640388e-01	1.221908126026391983e-01
6.250000000000000130e-05	5.219477184022529304e-02	1.224678810685873032e-01	1.200348762795329094e-01
6.250000000000000130e-05	5.422850269116932798e-02	1.231989720836281776e-01	1.216246346011757851e-01
3.125000000000000065e-05	5.185392517832260878e-02	1.222171531990170479e-01	1.206171745434403419e-01
3.125000000000000065e-05	5.234263596844069416e-02	1.232254467904567719e-01	1.214472576975822449e-01
3.125000000000000065e-05	5.267667690221267129e-02	1.229619542136788368e-01	1.214960822835564613e-01
3.125000000000000065e-05	5.363479666883432667e-02	1.233196305111050606e-01	1.222395244985818863e-01
3.125000000000000065e-05	5.407918659569341951e-02	1.222486207261681557e-01	1.207575649023056030e-01
3.125000000000000065e-05	5.262457513356510325e-02	1.221726974472403526e-01	1.206707917153835297e-01
3.125000000000000065e-05	5.310926581673984515e-02	1.221280544996261597e-01	1.212079646065831184e-01
3.125000000000000065e-05	5.358798264325419225e-02	1.226623104885220528e-01	1.208558538928627968e-01
3.125000000000000065e-05	5.344217577123943491e-02	1.232752250507473946e-01	1.215628283098340034e-01
3.125000000000000065e-05	5.330011121268513757e-02	1.225181026384234428e-01	1.214317120611667633e-01
3.125000000000000065e-05	5.208188865946818125e-02	1.232001939788460732e-01	1.222870610654354095e-01
3.125000000000000065e-05	5.336543724318094234e-02	1.223887754604220390e-01	1.197152957320213318e-01
3.125000000000000065e-05	5.277357439074335105e-02	1.218317486345767975e-01	1.203857241198420525e-01
3.125000000000000065e-05	5.267850866046133035e-02	1.219117203727364540e-01	1.216294635087251663e-01
3.125000000000000065e-05	5.334963333568995547e-02	1.222192877903580666e-01	1.202142424881458282e-01
3.125000000000000065e-05	5.226322032416923224e-02	1.224702456966042519e-01	1.206136969849467278e-01
3.125000000000000065e-05	5.314380864176568992e-02	1.218868568539619446e-01	1.201101569458842278e-01
3.125000000000000065e-05	5.370433114563362420e-02	1.224554600194096565e-01	1.216896828263998032e-01
3.125000000000000065e-05	5.213699631298644721e-02	1.233333507552742958e-01	1.213390659540891647e-01
3.125000000000000065e-05	5.203384165711040510e-02	1.217485638335347176e-01	1.205277806147933006e-01
3.125000000000000065e-05	5.176498424969142031e-02	1.220668889582157135e-01	1.204129122197628021e-01
1.562500000000000033e-05	5.162880536687525224e-02	1.224052859470248222e-01	1.209552241489291191e-01
1.562500000000000033e-05	5.176939801136149627e-02	1.225163750350475311e-01	1.208887211978435516e-01
1.562500000000000033e-05	5.218123998257178514e-02	1.220203144475817680e-01	1.207111924886703491e-01
1.562500000000000033e-05	5.316067817090432829e-02	1.227867603302001953e-01	1.202530097216367722e-01
1.562500000000000033e-05	5.181020022004465680e-02	1.239616014063358307e-01	1.226465282961726189e-01
1.562500000000000033e-05	5.259433421718923141e-02	1.219661850482225418e-01	1.212856974452733994e-01
1.562500000000000033e-05	5.255838129905205519e-02	1.228391444310545921e-01	1.208216119557619095e-01
1.562500000000000033e-05	5.162082004207599328e-02	1.222678218036890030e-01	1.202166536822915077e-01
1.562500000000000033e-05	5.316659251723108298e-02	1.218516863882541656e-01	1.204142719507217407e-01
1.562500000000000033e-05	5.196388622250738137e-02	1.224948847666382790e-01	1.205099849030375481e-01
1.562500000000000033e-05	5.366224295730832178e-02	1.217689169570803642e-01	1.207115696743130684e-01
1.562500000000000033e-05	5.284818870168697669e-02	1.222015954554080963e-01	1.210495866835117340e-01
1.562500000000000033e-05	5.234354937189741874e-02	1.223127925768494606e-01	1.211158586665987968e-01
1.562500000000000033e-05	5.157105063524427407e-02	1.221945919096469879e-01	1.196820382028818130e-01
1.562500000000000033e-05	5.199856179047234600e-02	1.218312559649348259e-01	1.203979821875691414e-01
1.562500000000000033e-05	5.286353373829322244e-02	1.227536210790276527e-01	1.209021275863051414e-01
1.562500000000000033e-05	5.307068718196470553e-02	1.228825021535158157e-01	1.222869949415326118e-01
1.562500000000000033e-05	5.344170581879494758e-02	1.228774283081293106e-01	1.215244140475988388e-01
1.562500000000000033e-05	5.287230792867986251e-02	1.227627396583557129e-01	1.211849888786673546e-01
1.562500000000000033e-05	5.176024652923209846e-02	1.225904002785682678e-01	1.209975825622677803e-01
1.562500000000000033e-05	5.326822244479686302e-02	1.225907048210501671e-01	1.208489183336496353e-01
7.812500000000000163e-06	5.350614273095432444e-02	1.226283144205808640e-01	1.218055775389075279e-01
7.812500000000000163e-06	5.223474354494975908e-02	1.229059016332030296e-01	1.209092037752270699e-01
7.812500000000000163e-06	5.286642451640925777e-02	1.228101132437586784e-01	1.214915476739406586e-01
7.812500000000000163e-06	5.253617790869519882e-02	1.229257239028811455e-01	1.219058847054839134e-01
7.812500000000000163e-06	5.252565853769266407e-02	1.221159743145108223e-01	1.201818892732262611e-01
7.812500000000000163e-06	5.397884326079224054e-02	1.233530715107917786e-01	1.208178130909800529e-01
7.812500000000000163e-06	5.352257762717295420e-02	1.230371147394180298e-01	1.217178711667656898e-01
7.812500000000000163e-06	5.248940561579752695e-02	1.227137967944145203e-01	1.215775003656744957e-01
7.812500000000000163e-06	5.285538327467592667e-02	1.226878659799695015e-01	1.209858106449246407e-01
7.812500000000000163e-06	5.305913699012768103e-02	1.215085200965404510e-01	1.202731430530548096e-01
7.812500000000000163e-06	5.182030155688901324e-02	1.226115338504314423e-01	1.211615661159157753e-01
7.812500000000000163e-06	5.345889572289925368e-02	1.234968649223446846e-01	1.216410007327795029e-01
7.812500000000000163e-06	5.135374978373322130e-02	1.231330139562487602e-01	1.219778032973408699e-01
7.812500000000000163e-06	5.343270584752288221e-02	1.246285615488886833e-01	1.218539448454976082e-01
7.812500000000000163e-06	5.486949132401731932e-02	1.226903712376952171e-01	1.209356198087334633e-01
7.812500000000000163e-06	5.358248222855072768e-02	1.232355488464236259e-01	1.216274062171578407e-01
7.812500000000000163e-06	5.337825436380844862e-02	1.223240233957767487e-01	1.212682351469993591e-01
7.812500000000000163e-06	5.362874547703356393e-02	1.225715670734643936e-01	1.210975507274270058e-01
7.812500000000000163e-06	5.128598477267011513e-02	1.228215014562010765e-01	1.215955056250095367e-01
7.812500000000000163e-06	5.307047757544094968e-02	1.228461358696222305e-01	1.223523607477545738e-01
7.812500000000000163e-06	5.213609163331080210e-02	1.221108818426728249e-01	1.206295881420373917e-01
7.812500000000000163e-06	5.429217577735079986e-02	1.216890960931777954e-01	1.201600674539804459e-01
7.812500000000000163e-06	5.353383356823197131e-02	1.221720501780509949e-01	1.213629199191927910e-01
7.812500000000000163e-06	5.424649523028844678e-02	1.243806928396224976e-01	1.219702204689383507e-01
7.812500000000000163e-06	5.483370250727556683e-02	1.227264991030097008e-01	1.223219577223062515e-01
7.812500000000000163e-06	5.157710456206828636e-02	1.224718429148197174e-01	1.206129891797900200e-01
7.812500000000000163e-06	5.341337946585462265e-02	1.224884586408734322e-01	1.216476839035749435e-01
7.812500000000000163e-06	5.111885584796531379e-02	1.221387274563312531e-01	1.217151926830410957e-01
7.812500000000000163e-06	5.295333294551583803e-02	1.228725723922252655e-01	1.210215557366609573e-01
7.812500000000000163e-06	5.384668967203248835e-02	1.219743909314274788e-01	1.207300247624516487e-01
7.812500000000000163e-06	5.378440626059906304e-02	1.230825092643499374e-01	1.208372702822089195e-01
3.906250000000000081e-06	5.329974707734735917e-02	1.232754448428750038e-01	1.216636486351490021e-01
3.906250000000000081e-06	5.159862141443204153e-02	1.233898773789405823e-01	1.216850848868489265e-01
3.906250000000000081e-06	5.204269214521480696e-02	1.223528897389769554e-01	1.207072902470827103e-01
3.906250000000000081e-06	5.320130661129951477e-02	1.246102955192327499e-01	1.221849368885159492e-01
3.906250000000000081e-06	5.132866179264044398e-02	1.221389221027493477e-01	1.207449762150645256e-01
3.906250000000000081e-06	5.155460196959821273e-02	1.223099110648036003e-01	1.210009809583425522e-01
3.906250000000000081e-06	5.158109694153447528e-02	1.225793985649943352e-01	1.210558302700519562e-01
3.906250000000000081e-06	5.369288219681268848e-02	1.217709816992282867e-01	1.203713566064834595e-01
3.906250000000000081e-06	5.345115895512737858e-02	1.222569951787590981e-01	1.205182923004031181e-01
3.906250000000000081e-06	5.163667346291904436e-02	1.223026560619473457e-01	1.208250299096107483e-01
3.906250000000000081e-06	5.308107447020615072e-02	1.223948691040277481e-01	1.208310918882489204e-01
3.906250000000000081e-06	5.174888802480093891e-02	1.220093173906207085e-01	1.207059249281883240e-01
3.906250000000000081e-06	5.220622710789306342e-02	1.225847192108631134e-01	1.203912384808063507e-01
3.906250000000000081e-06	5.199612153670455511e-02	1.220761602744460106e-01	1.208184268325567245e-01
3.906250000000000081e-06	5.503017026223713803e-02	1.254102000966668129e-01	1.245128605514764786e-01
3.906250000000000081e-06	5.170791959272155042e-02	1.219846606254577637e-01	1.207385575398802757e-01
3.906250000000000081e-06	5.350890335968778305e-02	1.236750027164816856e-01	1.221825797110795975e-01
3.906250000000000081e-06	5.202713306946090549e-02	1.227172594517469406e-01	1.213019760325551033e-01
3.906250000000000081e-06	5.254235179929793442e-02	1.222069188952445984e-01	1.202680813148617744e-01
3.906250000000000081e-06	5.225199541147751425e-02	1.236197026446461678e-01	1.224140785634517670e-01
3.906250000000000081e-06	5.178056025429617071e-02	1.230719806626439095e-01	1.219565579667687416e-01
1.953125000000000041e-06	5.241864636729035021e-02	1.222226815298199654e-01	1.209151418879628181e-01
1.953125000000000041e-06	5.268745322393465769e-02	1.224528588354587555e-01	1.207581087946891785e-01
1.953125000000000041e-06	5.266299971108195227e-02	1.225362867116928101e-01	1.216554017737507820e-01
1.953125000000000041e-06	5.281678002469147176e-02	1.221952755004167557e-01	1.209042407572269440e-01
1.953125000000000041e-06	5.280981637254546224e-02	1.225825035944581032e-01	1.206331113353371620e-01
1.953125000000000041e-06	5.169621053375775266e-02	1.231997227296233177e-01	1.213525375351309776e-01
1.953125000000000041e-06	5.266293392905706250e-02	1.228671642020344734e-01	1.214859578758478165e-01
1.953125000000000041e-06	5.222646755319607093e-02	1.222144318744540215e-01	1.209323052316904068e-01
1.953125000000000041e-06	5.247162673858147414e-02	1.225900165736675262e-01	1.205660449340939522e-01
1.953125000000000041e-06	5.306324263728117580e-02	1.234523979946970940e-01	1.223081061616539955e-01
1.953125000000000041e-06	5.200887650628633480e-02	1.222792118787765503e-01	1.206363961100578308e-01
1.953125000000000041e-06	5.274510426045973116e-02	1.220615580677986145e-01	1.205040179193019867e-01
1.953125000000000041e-06	5.191830352325983028e-02	1.227354742586612701e-01	1.204852275550365448e-01
1.953125000000000041e-06	5.267146965370902295e-02	1.231445977464318275e-01	1.211449764668941498e-01
1.953125000000000041e-06	5.208376380084436125e-02	1.232635527849197388e-01	1.218476668000221252e-01
1.953125000000000041e-06	5.182277599844751365e-02	1.219782531261444092e-01	1.203220300376415253e-01
1.953125000000000041e-06	5.274817446553254491e-02	1.228214707225561142e-01	1.219309363514184952e-01
1.953125000000000041e-06	5.327897938557817764e-02	1.230243854224681854e-01	1.227573612704873085e-01
1.953125000000000041e-06	5.185642814900301434e-02	1.246006777510046959e-01	1.229828391224145889e-01
1.953125000000000041e-06	5.272351002580002999e-02	1.219539064913988113e-01	1.210084147751331329e-01
1.953125000000000041e-06	5.269835012245781963e-02	1.230325745418667793e-01	1.205950677394866943e-01
9.765625000000000203e-07	5.081747410983979141e-02	1.226171813905239105e-01	1.209412980824708939e-01
9.765625000000000203e-07	5.306755072331127004e-02	1.227180138230323792e-01	1.213544784113764763e-01
9.765625000000000203e-07	5.209070750618282480e-02	1.223476510494947433e-01	1.209919098764657974e-01
9.765625000000000203e-07	5.387631516101994145e-02	1.231196476146578789e-01	1.221572104841470718e-01
9.765625000000000203e-07	5.225905035681362165e-02	1.223865682259202003e-01	1.205938896164298058e-01
9.765625000000000203e-07	5.306466984786564756e-02	1.225741943344473839e-01	1.207124488428235054e-01
9.765625000000000203e-07	5.319829332300379104e-02	1.231119148433208466e-01	1.213969662785530090e-01
9.765625000000000203e-07	5.340075912543489761e-02	1.222668932750821114e-01	1.207109754905104637e-01
9.765625000000000203e-07	5.435138304210916649e-02	1.230144174769520760e-01	1.209752531722187996e-01
9.765625000000000203e-07	5.453770565269868559e-02	1.237022364512085915e-01	1.218923376873135567e-01
9.765625000000000203e-07	5.211025561335720646e-02	1.225318936631083488e-01	1.212072288617491722e-01
9.765625000000000203e-07	5.218890780889535314e-02	1.219206340610980988e-01	1.202114541083574295e-01
9.765625000000000203e-07	5.121313544768321679e-02	1.231367448344826698e-01	1.214451920241117477e-01
9.765625000000000203e-07	5.202418933563594805e-02	1.227300623431801796e-01	1.216989113017916679e-01
9.765625000000000203e-07	5.424315006106714826e-02	1.245636530220508575e-01	1.235559210181236267e-01
9.765625000000000203e-07	5.178961671794517219e-02	1.232798658311367035e-01	1.218553967773914337e-01
9.765625000000000203e-07	5.276209898764574330e-02	1.233481308445334435e-01	1.223056102171540260e-01
9.765625000000000203e-07	5.165448836699317037e-02	1.215578354895114899e-01	1.206865571439266205e-01
9.765625000000000203e-07	5.196078692244578134e-02	1.227276735007762909e-01	1.210512761026620865e-01
9.765625000000000203e-07	5.337430140640161969e-02	1.230393089354038239e-01	1.213403558358550072e-01
9.765625000000000203e-07	5.112583237358286209e-02	1.236195787787437439e-01	1.209991108626127243e-01
4.882812500000000102e-07	5.290008699403533216e-02	1.223833961412310600e-01	1.209009932354092598e-01
4.882812500000000102e-07	5.296698349374759363e-02	1.233050273731350899e-01	1.212544636800885201e-01
4.882812500000000102e-07	5.212449390865579735e-02	1.225400315597653389e-01	1.208153432235121727e-01
4.882812500000000102e-07	5.370564867235437523e-02	1.252380954101681709e-01	1.228521838784217834e-01
4.882812500000000102e-07	5.338864801805230653e-02	1.230562832206487656e-01	1.215108642354607582e-01
4.882812500000000102e-07	5.153456683966178148e-02	1.227162433788180351e-01	1.214056741446256638e-01
4.882812500000000102e-07	5.250450185959851940e-02	1.225142301991581917e-01	1.214334052056074142e-01
4.882812500000000102e-07	5.095767140199866652e-02	1.224527284502983093e-01	1.215514447540044785e-01
4.882812500000000102e-07	5.219641318426856275e-02	1.228471305221319199e-01	1.211682064458727837e-01
4.882812500000000102e-07	5.157209668732896934e-02	1.221466911956667900e-01	1.219999333843588829e-01
4.882812500000000102e-07	5.207179345284836114e-02	1.225581383332610130e-01	1.223658444359898567e-01
4.882812500000000102e-07	5.091346163727060448e-02	1.225369442254304886e-01	1.208198061212897301e-01
4.882812500000000102e-07	5.271400709318209421e-02	1.224047420546412468e-01	1.206368086859583855e-01
4.882812500000000102e-07	5.229879741238642465e-02	1.222571488469839096e-01	1.203098790720105171e-01
4.882812500000000102e-07	5.565901044048840451e-02	1.226338176056742668e-01	1.212786259129643440e-01
4.882812500000000102e-07	5.239562044226670628e-02	1.227049734443426132e-01	1.209313897415995598e-01
4.882812500000000102e-07	5.376369968245300890e-02	1.231018267571926117e-01	1.231762440875172615e-01
4.882812500000000102e-07	5.305248215983185411e-02	1.238084062933921814e-01	1.224876260384917259e-01
4.882812500000000102e-07	5.289975369844255454e-02	1.232237918302416801e-01	1.209431923925876617e-01
4.882812500000000102e-07	5.196966329895997411e-02	1.228492837399244308e-01	1.210035579279065132e-01
4.882812500000000102e-07	5.249152351406555922e-02	1.224673017859458923e-01	1.216073483228683472e-01
2.441406250000000051e-07	5.226332963078837018e-02	1.217766748741269112e-01	1.202696654945611954e-01
2.441406250000000051e-07	5.238119229862961412e-02	1.232915353029966354e-01	1.215074891224503517e-01
2.441406250000000051e-07	5.302208251779592235e-02	1.219587661325931549e-01	1.202731896191835403e-01
2.441406250000000051e-07	5.100494038455093831e-02	1.222142018377780914e-01	1.210864707827568054e-01
2.441406250000000051e-07	5.213438073479676610e-02	1.221196465194225311e-01	1.213993160054087639e-01
2.441406250000000051e-07	5.237084966671617936e-02	1.229030173271894455e-01	1.213362822309136391e-01
2.441406250000000051e-07	5.346920765653441487e-02	1.224278956651687622e-01	1.205016737803816795e-01
2.441406250000000051e-07	5.170742493075660556e-02	1.228132825344800949e-01	1.214551655575633049e-01
2.441406250000000051e-07	5.210448410126227586e-02	1.218799669295549393e-01	1.204010760411620140e-01
2.441406250000000051e-07	5.326017633646349531e-02	1.230872776359319687e-01	1.216299384832382202e-01
2.441406250000000051e-07	5.292794117821923022e-02	1.224914481863379478e-01	1.212183889001607895e-01
2.441406250000000051e-07	5.303802699605120879e-02	1.235413923859596252e-01	1.218415889889001846e-01
2.441406250000000051e-07	5.159273639887194257e-02	1.221709176898002625e-01	1.206154739484190941e-01
2.441406250000000051e-07	5.310172828126557415e-02	1.224161451682448387e-01	1.214054012671113014e-01
2.441406250000000051e-07	5.321121097931379162e-02	1.219406249001622200e-01	1.203337581828236580e-01
2.441406250000000051e-07	5.249130527807187307e-02	1.232105661183595657e-01	1.210240712389349937e-01
2.441406250000000051e-07	5.242623921625221700e-02	1.220565624535083771e-01	1.204190589487552643e-01
2.441406250000000051e-07	5.407582223415374756e-02	1.234438512474298477e-01	1.231209645047783852e-01
2.441406250000000051e-07	5.372026557975177752e-02	1.230191346257925034e-01	1.211834773421287537e-01
2.441406250000000051e-07	5.305560541492473914e-02	1.233307793736457825e-01	1.214387975633144379e-01
2.441406250000000051e-07	5.204870613126814927e-02	1.222389508038759232e-01	1.207741824910044670e-01
1.220703125000000025e-07	5.266687349428104264e-02	1.227667126804590225e-01	1.217515226453542709e-01
1.220703125000000025e-07	5.283088864216321789e-02	1.222030129283666611e-01	1.207205718383193016e-01
1.220703125000000025e-07	5.298305915880806988e-02	1.233808724209666252e-01	1.218416811898350716e-01
1.220703125000000025e-07	5.250466638539411091e-02	1.224811300635337830e-01	1.213934989646077156e-01
1.220703125000000025e-07	5.177658376625821762e-02	1.222692327573895454e-01	1.211784277111291885e-01
1.220703125000000025e-07	5.342027903357638580e-02	1.228424021974205971e-01	1.209689518436789513e-01
1.220703125000000025e-07	5.246255938199501784e-02	1.235967958346009254e-01	1.218796176835894585e-01
1.220703125000000025e-07	5.350637869744361008e-02	1.221637446433305740e-01	1.210551252588629723e-01
1.220703125000000025e-07	5.326785081172290964e-02	1.233521904796361923e-01	1.211508018895983696e-01
1.220703125000000025e-07	5.325307885680017478e-02	1.224870719015598297e-01	1.203741924837231636e-01
1.220703125000000025e-07	5.315400707193567581e-02	1.221523042768239975e-01	1.209813291206955910e-01
1.220703125000000025e-07	5.245980271432973407e-02	1.217755703255534172e-01	1.209738720208406448e-01
1.220703125000000025e-07	5.316083552905275650e-02	1.226119240745902061e-01	1.223314478993415833e-01
1.220703125000000025e-07	5.168924306201029550e-02	1.234670029953122139e-01	1.212519174441695213e-01
1.220703125000000025e-07	5.104267564189585160e-02	1.225213957950472832e-01	1.209728009998798370e-01
1.220703125000000025e-07	5.354853771344016133e-02	1.230506878346204758e-01	1.224621767178177834e-01
1.220703125000000025e-07	5.152288046252878617e-02	1.224630326032638550e-01	1.216113409027457237e-01
1.220703125000000025e-07	5.270099687048151321e-02	1.239552581682801247e-01	1.226538391783833504e-01
1.220703125000000025e-07	5.248455802285218602e-02	1.239137109369039536e-01	1.212933780625462532e-01
1.220703125000000025e-07	5.226476108537444348e-02	1.232694424688816071e-01	1.223551100119948387e-01
1.220703125000000025e-07	5.173494883730441612e-02	1.223104577511548996e-01	1.204869998618960381e-01
6.103515625000000127e-08	5.254096985806392534e-02	1.221570214256644249e-01	1.206604307517409325e-01
6.103515625000000127e-08	5.047167691437504100e-02	1.221923204138875008e-01	1.213909042999148369e-01
6.103515625000000127e-08	5.132118522932258009e-02	1.224617408588528633e-01	1.211005803197622299e-01
6.103515625000000127e-08	5.169518579599223507e-02	1.224169451743364334e-01	1.205060323700308800e-01
6.103515625000000127e-08	5.275548466398746056e-02	1.224140888080000877e-01	1.214749524369835854e-01
6.103515625000000127e-08	5.274442814384834588e-02	1.238173674792051315e-01	1.214681537821888924e-01
6.103515625000000127e-08	5.140705600003652592e-02	1.222392227500677109e-01	1.203473098576068878e-01
6.103515625000000127e-08	5.329240721803676917e-02	1.249730102717876434e-01	1.230372646823525429e-01
6.103515625000000127e-08	5.607750809079484200e-02	1.234112717211246490e-01	1.231435881927609444e-01
6.103515625000000127e-08	5.113500455700898534e-02	1.220372226089239120e-01	1.218221522867679596e-01
6.103515625000000127e-08	5.317618249903751509e-02	1.223171539604663849e-01	1.210500895977020264e-01
6.103515625000000127e-08	5.279848465247999334e-02	1.225636135786771774e-01	1.204390712082386017e-01
6.103515625000000127e-08	5.260292153003849613e-02	1.242825137451291084e-01	1.225995589047670364e-01
6.103515625000000127e-08	5.322284341047081591e-02	1.233156835660338402e-01	1.225182777270674706e-01
6.103515625000000127e-08	5.228892614758467311e-02	1.227025492116808891e-01	1.219459371641278267e-01
6.103515625000000127e-08	5.194688437482978399e-02	1.227565752342343330e-01	1.213472234085202217e-01
6.103515625000000127e-08	5.155318386003941017e-02	1.224358193576335907e-01	1.215825099498033524e-01
6.103515625000000127e-08	5.252815179432494819e-02	1.226715222001075745e-01	1.206899713724851608e-01
6.103515625000000127e-08	5.246672699157195474e-02	1.225547324866056442e-01	1.210932871326804161e-01
6.103515625000000127e-08	5.263176616988604617e-02	1.219035722315311432e-01	1.204097475856542587e-01
6.103515625000000127e-08	5.202174073533166743e-02	1.217621155083179474e-01	1.203788938000798225e-01
3.051757812500000064e-08	5.132690142792991489e-02	1.231235461309552193e-01	1.214673453941941261e-01
3.051757812500000064e-08	5.242025163731997561e-02	1.224638819694519043e-01	1.206222446635365486e-01
3.051757812500000064e-08	5.208584642674349285e-02	1.228858781978487968e-01	1.206841636449098587e-01
3.051757812500000064e-08	5.170535994104192429e-02	1.224686335772275925e-01	1.201901715248823166e-01
3.051757812500000064e-08	5.108766875500920374e-02	1.217901483178138733e-01	1.207103813067078590e-01
3.051757812500000064e-08	5.301823108633862275e-02	1.220600930973887444e-01	1.211628774181008339e-01
3.051757812500000064e-08	5.055199115525318282e-02	1.216485621407628059e-01	1.202982747927308083e-01
3.051757812500000064e-08	5.172700562243220251e-02	1.227781781926751137e-01	1.209842534735798836e-01
3.051757812500000064e-08	5.193762966915022039e-02	1.226404802873730659e-01	1.211173487827181816e-01
3.051757812500000064e-08	5.228908350573310132e-02	1.225740257650613785e-01	1.205867640674114227e-01
3.051757812500000064e-08	5.234204308141635759e-02	1.231832541525363922e-01	1.207597032189369202e-01
3.051757812500000064e-08	5.318393746886072165e-02	1.224840776994824409e-01	1.210665935650467873e-01
