2.000000000000000042e-03	4.090572067453891458e-01	3.504768051207065582e-01	3.457171171903610229e-01
2.000000000000000042e-03	2.986928466000134397e-01	3.475521579384803772e-01	3.475640527904033661e-01
2.000000000000000042e-03	2.772069926126093931e-01	2.960304878652095795e-01	2.944229431450366974e-01
2.000000000000000042e-03	2.417849285315863683e-01	2.643972653895616531e-01	2.573214489966630936e-01
2.000000000000000042e-03	2.341438758222362526e-01	3.222303502261638641e-01	3.226892240345478058e-01
2.000000000000000042e-03	2.258120599804045170e-01	2.992007695138454437e-01	3.014730066061019897e-01
2.000000000000000042e-03	2.194407555875898808e-01	2.108085826039314270e-01	2.076307591050863266e-01
2.000000000000000042e-03	2.222183490101295178e-01	2.174730878323316574e-01	2.215235345065593719e-01
2.000000000000000042e-03	2.027316532934768378e-01	2.219499908387660980e-01	2.214300110936164856e-01
2.000000000000000042e-03	1.988625279333018081e-01	1.938718631863594055e-01	1.941348630934953690e-01
2.000000000000000042e-03	1.926543665460393462e-01	1.919719856232404709e-01	1.935251764953136444e-01
2.000000000000000042e-03	1.927735690451875539e-01	1.865838244557380676e-01	1.875028368085622787e-01
2.000000000000000042e-03	1.882816585181634750e-01	1.773730795830488205e-01	1.788748372346162796e-01
2.000000000000000042e-03	1.803965383692632818e-01	1.804909612983465195e-01	1.806300673633813858e-01
2.000000000000000042e-03	1.775219285789924328e-01	1.904278025031089783e-01	1.878090929239988327e-01
2.000000000000000042e-03	1.786229382210139938e-01	1.692105326801538467e-01	1.701715309172868729e-01
2.000000000000000042e-03	1.734192394003083448e-01	1.804563906043767929e-01	1.810186188668012619e-01
2.000000000000000042e-03	1.768862484376641786e-01	2.005581501871347427e-01	1.997586935758590698e-01
2.000000000000000042e-03	1.806384926732582386e-01	1.773637812584638596e-01	1.801564935594797134e-01
2.000000000000000042e-03	1.750618098657342470e-01	1.858591716736555099e-01	1.898790746927261353e-01
2.000000000000000042e-03	1.751275158758404948e-01	1.869110651314258575e-01	1.889017578214406967e-01
2.000000000000000042e-03	1.706385772816742530e-01	1.569958366453647614e-01	1.600778158754110336e-01
2.000000000000000042e-03	1.651726953590972602e-01	1.611897163093090057e-01	1.626486778259277344e-01
2.000000000000000042e-03	1.674140240949920366e-01	2.104966584593057632e-01	2.150986324995756149e-01
2.000000000000000042e-03	1.633165384395213193e-01	1.764473821967840195e-01	1.769998278468847275e-01
2.000000000000000042e-03	1.670369002260739255e-01	1.702157948166131973e-01	1.704727951437234879e-01
2.000000000000000042e-03	1.627835308826422467e-01	1.789011023938655853e-01	1.808517072349786758e-01
2.000000000000000042e-03	1.668902116863033303e-01	1.628771778196096420e-01	1.645207591354846954e-01
2.000000000000000042e-03	1.620824834968470352e-01	1.720181200653314590e-01	1.715953089296817780e-01
2.000000000000000042e-03	1.592503155145464089e-01	1.457324512302875519e-01	1.478730682283639908e-01
2.000000000000000042e-03	1.531423764138282184e-01	1.989841274917125702e-01	2.005471941083669662e-01
2.000000000000000042e-03	1.599495850409133613e-01	1.637484282255172729e-01	1.649968214333057404e-01
2.000000000000000042e-03	1.562756320720986580e-01	1.705290582031011581e-01	1.733721066266298294e-01
2.000000000000000042e-03	1.615383238354815842e-01	1.548849213868379593e-01	1.552789509296417236e-01
2.000000000000000042e-03	1.531906734350361454e-01	1.516179647296667099e-01	1.555065568536520004e-01
2.000000000000000042e-03	1.535791492537607050e-01	1.599795315414667130e-01	1.615247577428817749e-01
2.000000000000000042e-03	1.531674926039538753e-01	1.724749878048896790e-01	1.714094653725624084e-01
2.000000000000000042e-03	1.549501192720630638e-01	1.666491106152534485e-01	1.676964331418275833e-01
2.000000000000000042e-03	1.544883300231982004e-01	1.443033963441848755e-01	1.451638396829366684e-01
2.000000000000000042e-03	1.475593372236324308e-01	1.517994385212659836e-01	1.537198498845100403e-01
2.000000000000000042e-03	1.531391266403318852e-01	1.649418678134679794e-01	1.677813585847616196e-01
2.000000000000000042e-03	1.467773168335987088e-01	1.578489821404218674e-01	1.593169569969177246e-01
2.000000000000000042e-03	1.471075102498259624e-01	1.548194028437137604e-01	1.561035532504320145e-01
2.000000000000000042e-03	1.479300831126261484e-01	1.572988443076610565e-01	1.572886072099208832e-01
2.000000000000000042e-03	1.438896870122680083e-01	1.474944762885570526e-01	1.493306141346693039e-01
2.000000000000000042e-03	1.467530067208447087e-01	1.492054574191570282e-01	1.487602181732654572e-01
2.000000000000000042e-03	1.423216085833839128e-01	1.469815969467163086e-01	1.468504313379526138e-01
2.000000000000000042e-03	1.424876408109181924e-01	1.514958627521991730e-01	1.516941916197538376e-01
2.000000000000000042e-03	1.397646480723272466e-01	1.494301073253154755e-01	1.510578114539384842e-01
2.000000000000000042e-03	1.403629649666291168e-01	1.432221420109272003e-01	1.460047587752342224e-01
2.000000000000000042e-03	1.444416932667358100e-01	1.547170206904411316e-01	1.577441859990358353e-01
2.000000000000000042e-03	1.453773585867278173e-01	1.521376594901084900e-01	1.545898094773292542e-01
2.000000000000000042e-03	1.399763292526897129e-01	1.761378683149814606e-01	1.787860859185457230e-01
2.000000000000000042e-03	1.394221363942834413e-01	1.351835876703262329e-01	1.381460474804043770e-01
2.000000000000000042e-03	1.401506691605229893e-01	1.436719670891761780e-01	1.487404294312000275e-01
2.000000000000000042e-03	1.380261089416998932e-01	1.386805148795247078e-01	1.416820753365755081e-01
2.000000000000000042e-03	1.357097300358965364e-01	1.483742501586675644e-01	1.492277011275291443e-01
2.000000000000000042e-03	1.393566904000089202e-01	1.420730296522378922e-01	1.440998110920190811e-01
2.000000000000000042e-03	1.400896113695977718e-01	1.382587868720293045e-01	1.409180872142314911e-01
2.000000000000000042e-03	1.391507133464270074e-01	1.361567676067352295e-01	1.384892240166664124e-01
2.000000000000000042e-03	1.361472269025029991e-01	1.474074516445398331e-01	1.478245761245489120e-01
2.000000000000000042e-03	1.330768399034874261e-01	1.488539669662714005e-01	1.494277343153953552e-01
2.000000000000000042e-03	1.366705339920671614e-01	1.408879924565553665e-01	1.438234020024538040e-01
2.000000000000000042e-03	1.342577301437341830e-01	1.496254689991474152e-01	1.508339289575815201e-01
2.000000000000000042e-03	1.324209558624255545e-01	1.530272327363491058e-01	1.508181467652320862e-01
2.000000000000000042e-03	1.316433073599127257e-01	1.475521195679903030e-01	1.492828316986560822e-01
2.000000000000000042e-03	1.296901807566232245e-01	1.535176280885934830e-01	1.554109789431095123e-01
2.000000000000000042e-03	1.365048512816429138e-01	1.374180968850851059e-01	1.408700551837682724e-01
2.000000000000000042e-03	1.328491627038279610e-01	1.683001294732093811e-01	1.686595436185598373e-01
2.000000000000000042e-03	1.294913684265522891e-01	1.336665293201804161e-01	1.349931564182043076e-01
2.000000000000000042e-03	1.302723181021364363e-01	1.391292037442326546e-01	1.387993581593036652e-01
2.000000000000000042e-03	1.311778748714471088e-01	1.331162815913558006e-01	1.364997923374176025e-01
2.000000000000000042e-03	1.268474655815317598e-01	1.341375596821308136e-01	1.368508432060480118e-01
2.000000000000000042e-03	1.266741514960421922e-01	1.335103567689657211e-01	1.342081129550933838e-01
2.000000000000000042e-03	1.242597107834453873e-01	1.465736348181962967e-01	1.468151658773422241e-01
2.000000000000000042e-03	1.319164679963377440e-01	1.456069611012935638e-01	1.497662104666233063e-01
2.000000000000000042e-03	1.324520618477954270e-01	1.430642791092395782e-01	1.453015822917222977e-01
2.000000000000000042e-03	1.264804556399961033e-01	1.386908832937479019e-01	1.410474758595228195e-01
2.000000000000000042e-03	1.273795022994657078e-01	1.509642247110605240e-01	1.505067776888608932e-01
2.000000000000000042e-03	1.223211666639847095e-01	1.395661421120166779e-01	1.427609752863645554e-01
2.000000000000000042e-03	1.278282606714888359e-01	1.597672756761312485e-01	1.611048318445682526e-01
2.000000000000000042e-03	1.258864894132070977e-01	1.361463032662868500e-01	1.361778825521469116e-01
2.000000000000000042e-03	1.230116614812537118e-01	1.475700419396162033e-01	1.490292772650718689e-01
2.000000000000000042e-03	1.233936119117314267e-01	1.414083372801542282e-01	1.445825677365064621e-01
2.000000000000000042e-03	1.175852078425733416e-01	1.322429897263646126e-01	1.347059439867734909e-01
2.000000000000000042e-03	1.213278863814812730e-01	1.347369421273469925e-01	1.354161631315946579e-01
2.000000000000000042e-03	1.206870409129541105e-01	1.435336638242006302e-01	1.465374361723661423e-01
2.000000000000000042e-03	1.232555092701429073e-01	1.301190778613090515e-01	1.299538705497980118e-01
2.000000000000000042e-03	1.171351386399208799e-01	1.364533733576536179e-01	1.366190891712903976e-01
2.000000000000000042e-03	1.168030266520343197e-01	1.304772440344095230e-01	1.322344476357102394e-01
2.000000000000000042e-03	1.173878169701069174e-01	1.276861736550927162e-01	1.297805737704038620e-01
2.000000000000000042e-03	1.194142897295046440e-01	1.390608791261911392e-01	1.418043766170740128e-01
2.000000000000000042e-03	1.170289888978004456e-01	1.399532686918973923e-01	1.406109370291233063e-01
2.000000000000000042e-03	1.166869430225106752e-01	1.470174863934516907e-01	1.460132170468568802e-01
2.000000000000000042e-03	1.221142184885242316e-01	1.377675626426935196e-01	1.368396226316690445e-01
2.000000000000000042e-03	1.180792316039906281e-01	1.311597758904099464e-01	1.324078282341361046e-01
2.000000000000000042e-03	1.148607188576384469e-01	1.297299545258283615e-01	1.312146410346031189e-01
2.000000000000000042e-03	1.139511339649369459e-01	1.420948486775159836e-01	1.429778840392827988e-01
2.000000000000000042e-03	1.147710657383822219e-01	1.307223634794354439e-01	1.306595448404550552e-01
2.000000000000000042e-03	1.191577735015108552e-01	1.419155523180961609e-01	1.399180758744478226e-01
2.000000000000000042e-03	1.241312193908268857e-01	1.396457143127918243e-01	1.407834794372320175e-01
2.000000000000000042e-03	1.127430131729645069e-01	1.324971672147512436e-01	1.320669101551175117e-01
2.000000000000000042e-03	1.127536211964450252e-01	1.412735376507043839e-01	1.415823530405759811e-01
2.000000000000000042e-03	1.097234426231323973e-01	1.297148251906037331e-01	1.322916448116302490e-01
2.000000000000000042e-03	1.088370594042765982e-01	1.342458892613649368e-01	1.353650465607643127e-01
2.000000000000000042e-03	1.110950186848640442e-01	1.295003322884440422e-01	1.321319825947284698e-01
2.000000000000000042e-03	1.103323149152948823e-01	1.302641183137893677e-01	1.324299294501543045e-01
2.000000000000000042e-03	1.089382112214836856e-01	1.541162244975566864e-01	1.521797962486743927e-01
2.000000000000000042e-03	1.118590289467497750e-01	1.333456858992576599e-01	1.319460086524486542e-01
2.000000000000000042e-03	1.075793331182455653e-01	1.414266806095838547e-01	1.419748999178409576e-01
2.000000000000000042e-03	1.104495496123651943e-01	1.481216643005609512e-01	1.472823433578014374e-01
2.000000000000000042e-03	1.077590807329250333e-01	1.386056449264287949e-01	1.382576730102300644e-01
1.000000000000000021e-03	9.807041013919853834e-02	1.220171097666025162e-01	1.231963243335485458e-01
1.000000000000000021e-03	9.632089262521720263e-02	1.304755825549364090e-01	1.294170683249831200e-01
1.000000000000000021e-03	9.626721685068516388e-02	1.205916488543152809e-01	1.212014164775609970e-01
1.000000000000000021e-03	9.152231884153583241e-02	1.197618907317519188e-01	1.204228214919567108e-01
1.000000000000000021e-03	9.202045409739771642e-02	1.245172629132866859e-01	1.252795755863189697e-01
1.000000000000000021e-03	9.300873371996457029e-02	1.285948874428868294e-01	1.275482736527919769e-01
1.000000000000000021e-03	9.502859017516993023e-02	1.265248749405145645e-01	1.269016535952687263e-01
1.000000000000000021e-03	9.234066552753690538e-02	1.236771494150161743e-01	1.239662785083055496e-01
1.000000000000000021e-03	9.035326578194581570e-02	1.213003080338239670e-01	1.207890016958117485e-01
1.000000000000000021e-03	8.886336742699900426e-02	1.275008134543895721e-01	1.272795423865318298e-01
1.000000000000000021e-03	8.861870120597790945e-02	1.304355310276150703e-01	1.307412683963775635e-01
1.000000000000000021e-03	9.022517436290089510e-02	1.236502937972545624e-01	1.233701845631003380e-01
1.000000000000000021e-03	8.931033350998841824e-02	1.283359825611114502e-01	1.271206028759479523e-01
1.000000000000000021e-03	9.021389390094371186e-02	1.249849125742912292e-01	1.249283254146575928e-01
1.000000000000000021e-03	8.344971152800548242e-02	1.217802958562970161e-01	1.208263719454407692e-01
1.000000000000000021e-03	8.815603703260421753e-02	1.205569412559270859e-01	1.202344335615634918e-01
1.000000000000000021e-03	8.672869356372688021e-02	1.241124961525201797e-01	1.224343078210949898e-01
1.000000000000000021e-03	8.845662853763072708e-02	1.247599283233284950e-01	1.245043464004993439e-01
1.000000000000000021e-03	8.696214288850373508e-02	1.220684051513671875e-01	1.221390441060066223e-01
1.000000000000000021e-03	8.483031401528587367e-02	1.262995274737477303e-01	1.259237546473741531e-01
1.000000000000000021e-03	8.297693040929263186e-02	1.230921549722552299e-01	1.223310381174087524e-01
1.000000000000000021e-03	8.592462709432915902e-02	1.347002331167459488e-01	1.325604841113090515e-01
1.000000000000000021e-03	8.548943330592746748e-02	1.237318785861134529e-01	1.235747281461954117e-01
1.000000000000000021e-03	8.587779029260707297e-02	1.231087381020188332e-01	1.232077283784747124e-01
1.000000000000000021e-03	8.463871479034423828e-02	1.287808995693922043e-01	1.282866988331079483e-01
5.000000000000000104e-04	8.069612472494945565e-02	1.229085689410567284e-01	1.215048739686608315e-01
5.000000000000000104e-04	7.599316287455679109e-02	1.210299283266067505e-01	1.203224807977676392e-01
5.000000000000000104e-04	7.624365205440340743e-02	1.187932929024100304e-01	1.195538295432925224e-01
5.000000000000000104e-04	7.595856615071054641e-02	1.202749079093337059e-01	1.192170158028602600e-01
5.000000000000000104e-04	7.371234893798828125e-02	1.211269292980432510e-01	1.190331699326634407e-01
5.000000000000000104e-04	7.704221834487552656e-02	1.215269239619374275e-01	1.193993883207440376e-01
5.000000000000000104e-04	7.505040851574909522e-02	1.184057211503386497e-01	1.176699679344892502e-01
5.000000000000000104e-04	7.575286330678794589e-02	1.201058356091380119e-01	1.182351699098944664e-01
5.000000000000000104e-04	7.493241522696954260e-02	1.222093999385833740e-01	1.205560406669974327e-01
5.000000000000000104e-04	7.663656261902820899e-02	1.212878199294209480e-01	1.189469862729310989e-01
5.000000000000000104e-04	7.584915725113469676e-02	1.227999273687601089e-01	1.209362763911485672e-01
5.000000000000000104e-04	7.561313021409360458e-02	1.237980052828788757e-01	1.226132288575172424e-01
5.000000000000000104e-04	7.298116739603537073e-02	1.231025066226720810e-01	1.213212180882692337e-01
5.000000000000000104e-04	7.302443008822730175e-02	1.261169491335749626e-01	1.249589240178465843e-01
5.000000000000000104e-04	7.460177930284149495e-02	1.238874979317188263e-01	1.229830095544457436e-01
5.000000000000000104e-04	7.046157017916063192e-02	1.216695858165621758e-01	1.196001060307025909e-01
5.000000000000000104e-04	7.135098135169548605e-02	1.196524640545248985e-01	1.192131871357560158e-01
5.000000000000000104e-04	7.307955434050740495e-02	1.214137934148311615e-01	1.193228820338845253e-01
5.000000000000000104e-04	7.155069425890717150e-02	1.216567521914839745e-01	1.188430674374103546e-01
5.000000000000000104e-04	7.186387040758435152e-02	1.215084185823798180e-01	1.197980446740984917e-01
5.000000000000000104e-04	7.296466379414630332e-02	1.223210804164409637e-01	1.213217591866850853e-01
5.000000000000000104e-04	7.131917388001575431e-02	1.216987129300832748e-01	1.204426484182476997e-01
5.000000000000000104e-04	7.083348632801937661e-02	1.251913039013743401e-01	1.219304632395505905e-01
5.000000000000000104e-04	7.031381573480895153e-02	1.194571582600474358e-01	1.174832358956336975e-01
5.000000000000000104e-04	7.214914507503751573e-02	1.202335376292467117e-01	1.186441304162144661e-01
5.000000000000000104e-04	6.940384572253952000e-02	1.200466556474566460e-01	1.189649458974599838e-01
5.000000000000000104e-04	6.875751158104667637e-02	1.226442493498325348e-01	1.197367785498499870e-01
5.000000000000000104e-04	7.039520097307011559e-02	1.205030940473079681e-01	1.185567332431674004e-01
2.500000000000000052e-04	6.479449735223492823e-02	1.199292382225394249e-01	1.181257711723446846e-01
2.500000000000000052e-04	6.434814207538773478e-02	1.213026754558086395e-01	1.184281175956130028e-01
2.500000000000000052e-04	6.393976146473159816e-02	1.200675135478377342e-01	1.176641508936882019e-01
2.500000000000000052e-04	6.724664719798896517e-02	1.195298638194799423e-01	1.175206359475851059e-01
2.500000000000000052e-04	6.688553830490837071e-02	1.215930907055735588e-01	1.193605354055762291e-01
2.500000000000000052e-04	6.378956190958808004e-02	1.204945528879761696e-01	1.184189477935433388e-01
2.500000000000000052e-04	6.570823141668416523e-02	1.199059262871742249e-01	1.173567548394203186e-01
2.500000000000000052e-04	6.568141828609418142e-02	1.195026021450757980e-01	1.177977025508880615e-01
2.500000000000000052e-04	6.480831982968729421e-02	1.219435147941112518e-01	1.192125706002116203e-01
2.500000000000000052e-04	6.393462216740922188e-02	1.209271419793367386e-01	1.191259268671274185e-01
2.500000000000000052e-04	6.463953088733213892e-02	1.215705545619130135e-01	1.190840676426887512e-01
2.500000000000000052e-04	6.425578906377658883e-02	1.195710981264710426e-01	1.179962074384093285e-01
2.500000000000000052e-04	6.142991182358958913e-02	1.201297221705317497e-01	1.187886893749237061e-01
2.500000000000000052e-04	6.338974225181567834e-02	1.219309568405151367e-01	1.201907349750399590e-01
2.500000000000000052e-04	6.647061410395405101e-02	1.199188195168972015e-01	1.185130765661597252e-01
2.500000000000000052e-04	6.150410927926437676e-02	1.212055860087275505e-01	1.192424716427922249e-01
2.500000000000000052e-04	6.290079818307599269e-02	1.195399612188339233e-01	1.182600436732172966e-01
2.500000000000000052e-04	6.384078323652472853e-02	1.200936641544103622e-01	1.183555731549859047e-01
2.500000000000000052e-04	6.069873202639290005e-02	1.199766760692000389e-01	1.174221653491258621e-01
2.500000000000000052e-04	6.288338985435570905e-02	1.214542975649237633e-01	1.196968173608183861e-01
2.500000000000000052e-04	6.274055439648748567e-02	1.194323105737566948e-01	1.175961503759026527e-01
1.250000000000000026e-04	6.126498808211917890e-02	1.196268508210778236e-01	1.175399208441376686e-01
1.250000000000000026e-04	6.005298412298854666e-02	1.196677125990390778e-01	1.172965122386813164e-01
1.250000000000000026e-04	6.047366243563120913e-02	1.210910631343722343e-01	1.196271283552050591e-01
1.250000000000000026e-04	6.005365453377554952e-02	1.201764084398746490e-01	1.187517177313566208e-01
1.250000000000000026e-04	6.094515964954714399e-02	1.190994763746857643e-01	1.177041912451386452e-01
1.250000000000000026e-04	6.004949927895884138e-02	1.190062416717410088e-01	1.174809951335191727e-01
1.250000000000000026e-04	6.086846007199227249e-02	1.200305176898837090e-01	1.189089780673384666e-01
1.250000000000000026e-04	5.930277332663536072e-02	1.203872608020901680e-01	1.188628273084759712e-01
1.250000000000000026e-04	5.994967366509799944e-02	1.196394842118024826e-01	1.179520022124052048e-01
1.250000000000000026e-04	6.019696942235849835e-02	1.208455497398972511e-01	1.193127324804663658e-01
1.250000000000000026e-04	5.902786840555034054e-02	1.198831154033541679e-01	1.176652656868100166e-01
1.250000000000000026e-04	5.966478840836995923e-02	1.205155402421951294e-01	1.181050678715109825e-01
1.250000000000000026e-04	5.803048304176029043e-02	1.197460293769836426e-01	1.179623268544673920e-01
1.250000000000000026e-04	6.161969301255443288e-02	1.234732260927557945e-01	1.222718525677919388e-01
1.250000000000000026e-04	6.078059245136719496e-02	1.197465583682060242e-01	1.183916851878166199e-01
1.250000000000000026e-04	5.966153382500515717e-02	1.213169097900390625e-01	1.193720940500497818e-01
1.250000000000000026e-04	5.942146748870234113e-02	1.221296470612287521e-01	1.202289005741477013e-01
1.250000000000000026e-04	5.863896521586406396e-02	1.198997385799884796e-01	1.183286421000957489e-01
1.250000000000000026e-04	5.846330792277674299e-02	1.192542612552642822e-01	1.180390706285834312e-01
1.250000000000000026e-04	5.932389812756188457e-02	1.196873253211379051e-01	1.170844044536352158e-01
1.250000000000000026e-04	5.855866290534599006e-02	1.195740420371294022e-01	1.178963473066687584e-01
6.250000000000000130e-05	5.837967723042149920e-02	1.207593018189072609e-01	1.188603192567825317e-01
6.250000000000000130e-05	5.929905987238582449e-02	1.195207089185714722e-01	1.186089273542165756e-01
6.250000000000000130e-05	5.744182365604593582e-02	1.231240853667259216e-01	1.206126846373081207e-01
6.250000000000000130e-05	5.741371370003193336e-02	1.200099438428878784e-01	1.180277625098824501e-01
6.250000000000000130e-05	5.591426445524903810e-02	1.195414261892437935e-01	1.184321604669094086e-01
6.250000000000000130e-05	5.660405071287215317e-02	1.194972740486264229e-01	1.178701296448707581e-01
6.250000000000000130e-05	5.544286315576939933e-02	1.190549852326512337e-01	1.173744276165962219e-01
6.250000000000000130e-05	5.813892883590505295e-02	1.210741000249981880e-01	1.188589194789528847e-01
6.250000000000000130e-05	5.973983904983423687e-02	1.197677934542298317e-01	1.184215052053332329e-01
6.250000000000000130e-05	5.817887267168564414e-02	1.212446214631199837e-01	1.204213649034500122e-01
6.250000000000000130e-05	5.521357224523266993e-02	1.204030113294720650e-01	1.183092771098017693e-01
6.250000000000000130e-05	5.591386094500747084e-02	1.194296097382903099e-01	1.174837462604045868e-01
6.250000000000000130e-05	5.742271211517008256e-02	1.192205697298049927e-01	1.178862079977989197e-01
6.250000000000000130e-05	5.727568660167198927e-02	1.211000913754105568e-01	1.196212647482752800e-01
6.250000000000000130e-05	5.602831086969074087e-02	1.204576408490538597e-01	1.183480536565184593e-01
6.250000000000000130e-05	5.547267241002638155e-02	1.197946127504110336e-01	1.175609249621629715e-01
6.250000000000000130e-05	5.719026630815071677e-02	1.198369320482015610e-01	1.176600260660052299e-01
6.250000000000000130e-05	5.884586255761641710e-02	1.204592473804950714e-01	1.195278111845254898e-01
6.250000000000000130e-05	6.276713542734520257e-02	1.237747985869646072e-01	1.216195924207568169e-01
6.250000000000000130e-05	5.644395475900625819e-02	1.202005576342344284e-01	1.184845250099897385e-01
6.250000000000000130e-05	5.535478248626370806e-02	1.211550431326031685e-01	1.199853718280792236e-01
3.125000000000000065e-05	5.813721378770055764e-02	1.212572110816836357e-01	1.181946136057376862e-01
3.125000000000000065e-05	5.625843431187581289e-02	1.212389897555112839e-01	1.192916966974735260e-01
3.125000000000000065e-05	5.471627112430862278e-02	1.205373583361506462e-01	1.190082663670182228e-01
3.125000000000000065e-05	5.603166377242607687e-02	1.226948611438274384e-01	1.215884340927004814e-01
3.125000000000000065e-05	5.593137636403493901e-02	1.200148034840822220e-01	1.182220159098505974e-01
3.125000000000000065e-05	5.607746602802336777e-02	1.204064721241593361e-01	1.188813028857111931e-01
3.125000000000000065e-05	5.863790987413140809e-02	1.202597115188837051e-01	1.180852958932518959e-01
3.125000000000000065e-05	5.511105145457424748e-02	1.198319932445883751e-01	1.184675674885511398e-01
3.125000000000000065e-05	5.651027270698848887e-02	1.198651557788252831e-01	1.181520028039813042e-01
3.125000000000000065e-05	5.499657700899281132e-02	1.205836236476898193e-01	1.188729787245392799e-01
3.125000000000000065e-05	5.770640447735786438e-02	1.198089569807052612e-01	1.177456304430961609e-01
3.125000000000000065e-05	5.708114944304092109e-02	1.203446416184306145e-01	1.187376417219638824e-01
3.125000000000000065e-05	5.351309195349487902e-02	1.199107822030782700e-01	1.185697903856635094e-01
3.125000000000000065e-05	5.529337414080583851e-02	1.208178503438830376e-01	1.185588836669921875e-01
3.125000000000000065e-05	5.534702501719510753e-02	1.209693597629666328e-01	1.193657303228974342e-01
3.125000000000000065e-05	5.767246180131465477e-02	1.199586223810911179e-01	1.178832976147532463e-01
3.125000000000000065e-05	5.640300551924524314e-02	1.210902053862810135e-01	1.193494247272610664e-01
3.125000000000000065e-05	5.686337774312948817e-02	1.204702025279402733e-01	1.187947755679488182e-01
3.125000000000000065e-05	5.607713542029827553e-02	1.220959844067692757e-01	1.198080740869045258e-01
3.125000000000000065e-05	5.592652235793162119e-02	1.201455555856227875e-01	1.187731409445405006e-01
3.125000000000000065e-05	5.558885011491896538e-02	1.207427270710468292e-01	1.184832183644175529e-01
1.562500000000000033e-05	5.623134418944768925e-02	1.204225495457649231e-01	1.183378631249070168e-01
1.562500000000000033e-05	5.510089131472985929e-02	1.200941801071166992e-01	1.186846373602747917e-01
1.562500000000000033e-05	5.603658021250857574e-02	1.219143075868487358e-01	1.201768405735492706e-01
1.562500000000000033e-05	5.535143467633030223e-02	1.210328945890069008e-01	1.189772179350256920e-01
1.562500000000000033e-05	5.554632734082921852e-02	1.198801854625344276e-01	1.182141080498695374e-01
1.562500000000000033e-05	5.328578794304328348e-02	1.201834632083773613e-01	1.180730964988470078e-01
1.562500000000000033e-05	5.564981104829643671e-02	1.196898715570569038e-01	1.177554251626133919e-01
1.562500000000000033e-05	5.612651999049549090e-02	1.205923631787300110e-01	1.186747429892420769e-01
1.562500000000000033e-05	5.559397969819322716e-02	1.197672951966524124e-01	1.174785038456320763e-01
1.562500000000000033e-05	5.719599090045011242e-02	1.190175283700227737e-01	1.181493503972887993e-01
1.562500000000000033e-05	5.728433875343467291e-02	1.217289818450808525e-01	1.190696218982338905e-01
1.562500000000000033e-05	5.363421773985971308e-02	1.201653331518173218e-01	1.184972990304231644e-01
1.562500000000000033e-05	5.689688031620616926e-02	1.208317736163735390e-01	1.187012214213609695e-01
1.562500000000000033e-05	5.731278181641916852e-02	1.230083163827657700e-01	1.213879594579339027e-01
1.562500000000000033e-05	5.434417021991331392e-02	1.203164663165807724e-01	1.171001512557268143e-01
1.562500000000000033e-05	5.590540081073966383e-02	1.205389611423015594e-01	1.186119019985198975e-01
1.562500000000000033e-05	5.620516138740732498e-02	1.201000958681106567e-01	1.175716761499643326e-01
1.562500000000000033e-05	5.559039186639121860e-02	1.229326268658041954e-01	1.213109605014324188e-01
1.562500000000000033e-05	5.528827968843375712e-02	1.222095806151628494e-01	1.198581429198384285e-01
1.562500000000000033e-05	5.568494077158879507e-02	1.194376097992062569e-01	1.176926000043749809e-01
1.562500000000000033e-05	5.598871126959595323e-02	1.201283214613795280e-01	1.179080391302704811e-01
7.812500000000000163e-06	5.368355671061745410e-02	1.197504233568906784e-01	1.178650548681616783e-01
7.812500000000000163e-06	5.773294740651227497e-02	1.218805843964219093e-01	1.190910907462239265e-01
7.812500000000000163e-06	5.653377122516873438e-02	1.209605438634753227e-01	1.190917976200580597e-01
7.812500000000000163e-06	5.643160513873341638e-02	1.211205450817942619e-01	1.189025091007351875e-01
7.812500000000000163e-06	5.859942319272439665e-02	1.210059942677617073e-01	1.191598251461982727e-01
7.812500000000000163e-06	5.483599681454368741e-02	1.219374109059572220e-01	1.197485001757740974e-01
7.812500000000000163e-06	5.420515591962427743e-02	1.200359053909778595e-01	1.178338620811700821e-01
7.812500000000000163e-06	5.407467144954053451e-02	1.196401519700884819e-01	1.183361969888210297e-01
7.812500000000000163e-06	5.380802200753477538e-02	1.202844418585300446e-01	1.185331167653203011e-01
7.812500000000000163e-06	5.632769302288188201e-02	1.207804782316088676e-01	1.186694428324699402e-01
7.812500000000000163e-06	5.412445250379888106e-02	1.203415254130959511e-01	1.183094000443816185e-01
7.812500000000000163e-06	5.292707313842411054e-02	1.198045713827013969e-01	1.176629886031150818e-01
7.812500000000000163e-06	5.508780215359941612e-02	1.208392027765512466e-01	1.189690809696912766e-01
7.812500000000000163e-06	5.626555588803713870e-02	1.201389376074075699e-01	1.183079937472939491e-01
7.812500000000000163e-06	5.552473126710215368e-02	1.197749739512801170e-01	1.182952886447310448e-01
7.812500000000000163e-06	5.706701852098296224e-02	1.196264196187257767e-01	1.180912787094712257e-01
7.812500000000000163e-06	5.656504635758037580e-02	1.199346287176012993e-01	1.179761923849582672e-01
7.812500000000000163e-06	5.308255350476578927e-02	1.205313401296734810e-01	1.182062812149524689e-01
7.812500000000000163e-06	5.506750785663157982e-02	1.199253574013710022e-01	1.175759620964527130e-01
7.812500000000000163e-06	5.693415443919881691e-02	1.205517333000898361e-01	1.187789244577288628e-01
7.812500000000000163e-06	5.432600650606276421e-02	1.196433482691645622e-01	1.174888657405972481e-01
3.906250000000000081e-06	5.431377821708027048e-02	1.201408859342336655e-01	1.181906294077634811e-01
3.906250000000000081e-06	5.528413023375257362e-02	1.207546275109052658e-01	1.187021676450967789e-01
3.906250000000000081e-06	5.412819764659374672e-02	1.195261050015687943e-01	1.176515240222215652e-01
3.906250000000000081e-06	5.493458954593802984e-02	1.205666298046708107e-01	1.186889745295047760e-01
3.906250000000000081e-06	5.744902233156976706e-02	1.223245514556765556e-01	1.205312479287385941e-01
3.906250000000000081e-06	5.536360831200322352e-02	1.194786038249731064e-01	1.178236687555909157e-01
3.906250000000000081e-06	5.219687446008754866e-02	1.201313715428113937e-01	1.184919234365224838e-01
3.906250000000000081e-06	5.534941391854346360e-02	1.194079164415597916e-01	1.176038347184658051e-01
3.906250000000000081e-06	5.456909617479843710e-02	1.201293440535664558e-01	1.182419098913669586e-01
3.906250000000000081e-06	5.586182500554036368e-02	1.207278100773692131e-01	1.190606830641627312e-01
3.906250000000000081e-06	5.441342449829548317e-02	1.197068020701408386e-01	1.180953048169612885e-01
3.906250000000000081e-06	5.329733440959000951e-02	1.200770828872919083e-01	1.182052772492170334e-01
3.906250000000000081e-06	5.567074901884114940e-02	1.219357121735811234e-01	1.200454114004969597e-01
3.906250000000000081e-06	5.342748624425899817e-02	1.203597718849778175e-01	1.186265628784894943e-01
3.906250000000000081e-06	5.502754082030887617e-02	1.209974391385912895e-01	1.188907185569405556e-01
3.906250000000000081e-06	5.370609070869940965e-02	1.197725310921669006e-01	1.188559858128428459e-01
3.906250000000000081e-06	5.515663490831097804e-02	1.211686842143535614e-01	1.186604686081409454e-01
3.906250000000000081e-06	5.279242544423175948e-02	1.194595787674188614e-01	1.177643602713942528e-01
3.906250000000000081e-06	5.362097442715983014e-02	1.200786931440234184e-01	1.177881350740790367e-01
3.906250000000000081e-06	5.435425255306159525e-02	1.200983971357345581e-01	1.182915950194001198e-01
3.906250000000000081e-06	5.537010526543931221e-02	1.198295447975397110e-01	1.181719284504652023e-01
1.953125000000000041e-06	5.457423905594439156e-02	1.198729630559682846e-01	1.185974888503551483e-01
1.953125000000000041e-06	5.658857929932920028e-02	1.217839019373059273e-01	1.195745458826422691e-01
1.953125000000000041e-06	5.364427423175377463e-02	1.194713646546006203e-01	1.175257684662938118e-01
1.953125000000000041e-06	5.402561673257924579e-02	1.198087492957711220e-01	1.179335163906216621e-01
1.953125000000000041e-06	5.561352752243416131e-02	1.201162654906511307e-01	1.186699355021119118e-01
1.953125000000000041e-06	5.606822957155070675e-02	1.234138943254947662e-01	1.213958291336894035e-01
1.953125000000000041e-06	5.475398898124694824e-02	1.191547159105539322e-01	1.179168550297617912e-01
1.953125000000000041e-06	5.445366183036490226e-02	1.226380886510014534e-01	1.209162436425685883e-01
1.953125000000000041e-06	5.314278904395767361e-02	1.204458586871623993e-01	1.193238813430070877e-01
1.953125000000000041e-06	5.547953189551076136e-02	1.193926455453038216e-01	1.179280607029795647e-01
1.953125000000000041e-06	5.650860764369179667e-02	1.207504086196422577e-01	1.188421957194805145e-01
1.953125000000000041e-06	5.644375505515291519e-02	1.206604074686765671e-01	1.183542432263493538e-01
1.953125000000000041e-06	5.496602524307709486e-02	1.195423444733023643e-01	1.174267921596765518e-01
1.953125000000000041e-06	5.538857308558271103e-02	1.225370615720748901e-01	1.196350455284118652e-01
1.953125000000000041e-06	5.590906692079351120e-02	1.209859540686011314e-01	1.191816236823797226e-01
1.953125000000000041e-06	5.479176578265201880e-02	1.192449079826474190e-01	1.175895603373646736e-01
1.953125000000000041e-06	5.503657832741737366e-02	1.209138035774230957e-01	1.186152994632720947e-01
1.953125000000000041e-06	5.481165888000138348e-02	1.206699637696146965e-01	1.188464546576142311e-01
1.953125000000000041e-06	5.365885171709181695e-02	1.202037278562784195e-01	1.179997278377413750e-01
1.953125000000000041e-06	5.952068008010900219e-02	1.201833272352814674e-01	1.182811278849840164e-01
1.953125000000000041e-06	5.442853484161292582e-02	1.198156327009201050e-01	1.183387637138366699e-01
9.765625000000000203e-07	5.540433280830141943e-02	1.192404581233859062e-01	1.173436595126986504e-01
9.765625000000000203e-07	5.554009455291530895e-02	1.205399120226502419e-01	1.182550489902496338e-01
9.765625000000000203e-07	5.647192980292477238e-02	1.204636553302407265e-01	1.178451022133231163e-01
9.765625000000000203e-07	5.510508429400528402e-02	1.197219155728816986e-01	1.182791935279965401e-01
9.765625000000000203e-07	5.470188070513025413e-02	1.195703605189919472e-01	1.174728237092494965e-01
9.765625000000000203e-07	5.427362369019773924e-02	1.207694653421640396e-01	1.188871292397379875e-01
9.765625000000000203e-07	5.617792286638972205e-02	1.213078219443559647e-01	1.195545261725783348e-01
9.765625000000000203e-07	5.630235369258289324e-02	1.205543745309114456e-01	1.189127536490559578e-01
9.765625000000000203e-07	5.351152115418941063e-02	1.201614765450358391e-01	1.183376023545861244e-01
9.765625000000000203e-07	5.366622590565982981e-02	1.200047982856631279e-01	1.184667171910405159e-01
9.765625000000000203e-07	5.434756626999830836e-02	1.204282352700829506e-01	1.182932639494538307e-01
9.765625000000000203e-07	5.535599400725545877e-02	1.192908613011240959e-01	1.177483843639492989e-01
9.765625000000000203e-07	5.322950724748116286e-02	1.202470073476433754e-01	1.185468696057796478e-01
9.765625000000000203e-07	5.413237987439843690e-02	1.200704248622059822e-01	1.186308357864618301e-01
9.765625000000000203e-07	5.410003883740569647e-02	1.217585224658250809e-01	1.196173867210745811e-01
9.765625000000000203e-07	5.528942674775667171e-02	1.199223846197128296e-01	1.177408192306756973e-01
9.765625000000000203e-07	5.544217906986610711e-02	1.230768263339996338e-01	1.211099755018949509e-01
9.765625000000000203e-07	5.560625599154943310e-02	1.212986111640930176e-01	1.192585406824946404e-01
9.765625000000000203e-07	5.460449737272685122e-02	1.208168547600507736e-01	1.187112275511026382e-01
9.765625000000000203e-07	5.289397209505491276e-02	1.207058764994144440e-01	1.188916098326444626e-01
9.765625000000000203e-07	5.349761681466162766e-02	1.217447128146886826e-01	1.197906658053398132e-01
4.882812500000000102e-07	5.575462619337854392e-02	1.204180587083101273e-01	1.180158900097012520e-01
4.882812500000000102e-07	5.431296954615206368e-02	1.197243081405758858e-01	1.176967518404126167e-01
4.882812500000000102e-07	5.454885412620592844e-02	1.216968921944499016e-01	1.201860103756189346e-01
4.882812500000000102e-07	5.582037370038937796e-02	1.205926602706313133e-01	1.186769111081957817e-01
4.882812500000000102e-07	5.523975264233878940e-02	1.193675063550472260e-01	1.181234121322631836e-01
4.882812500000000102e-07	5.478177545002744370e-02	1.215954320505261421e-01	1.192346066236495972e-01
4.882812500000000102e-07	5.603976609020293320e-02	1.197946947067975998e-01	1.178204268217086792e-01
4.882812500000000102e-07	5.680935235717628901e-02	1.210397668182849884e-01	1.189868655055761337e-01
4.882812500000000102e-07	5.441263572701925122e-02	1.219772482290863991e-01	1.197554711252450943e-01
4.882812500000000102e-07	5.458437651395797729e-02	1.188697014003992081e-01	1.178290769457817078e-01
4.882812500000000102e-07	5.648604756857775189e-02	1.206093002110719681e-01	1.187874292954802513e-01
4.882812500000000102e-07	5.586305482289458807e-02	1.199156548827886581e-01	1.180050252005457878e-01
4.882812500000000102e-07	5.427436351398878117e-02	1.204167846590280533e-01	1.187971616163849831e-01
4.882812500000000102e-07	5.528917342801637630e-02	1.198424380272626877e-01	1.182474587112665176e-01
4.882812500000000102e-07	5.522616146297394668e-02	1.193969761952757835e-01	1.172581864520907402e-01
4.882812500000000102e-07	5.412861407746242387e-02	1.197912385687232018e-01	1.186057487502694130e-01
4.882812500000000102e-07	5.515545620759831208e-02	1.192572787404060364e-01	1.171813197433948517e-01
4.882812500000000102e-07	5.652043284683287705e-02	1.221760734915733337e-01	1.202697465196251869e-01
4.882812500000000102e-07	5.428719468697716655e-02	1.224371325224637985e-01	1.196844298392534256e-01
4.882812500000000102e-07	5.377398652932311590e-02	1.204145820811390877e-01	1.185294911265373230e-01
4.882812500000000102e-07	5.536954142624819081e-02	1.199038559570908546e-01	1.173041518777608871e-01
2.441406250000000051e-07	5.441571800391885316e-02	1.203731345012784004e-01	1.185376001521945000e-01
2.441406250000000051e-07	5.311987737688837058e-02	1.201514126732945442e-01	1.186896041035652161e-01
2.441406250000000051e-07	5.302084482546094019e-02	1.202450171113014221e-01	1.181546105071902275e-01
2.441406250000000051e-07	5.625640671653083652e-02	1.207879874855279922e-01	1.190094826743006706e-01
2.441406250000000051e-07	5.635939411158803064e-02	1.214751927182078362e-01	1.193005517125129700e-01
2.441406250000000051e-07	5.519616113433355176e-02	1.209991350769996643e-01	1.201938530430197716e-01
2.441406250000000051e-07	5.421636050826386666e-02	1.197062982246279716e-01	1.182913137599825859e-01
2.441406250000000051e-07	5.470059769628923124e-02	1.189656043425202370e-01	1.176230013370513916e-01
2.441406250000000051e-07	5.321013602086260147e-02	1.216206587851047516e-01	1.197731671854853630e-01
2.441406250000000051e-07	5.425572772569293989e-02	1.196646699681878090e-01	1.180694596841931343e-01
2.441406250000000051e-07	5.632383593275577111e-02	1.211006185039877892e-01	1.190435038879513741e-01
2.441406250000000051e-07	5.532282873799529432e-02	1.194355571642518044e-01	1.176563566550612450e-01
2.441406250000000051e-07	5.600108206272125244e-02	1.197347734123468399e-01	1.180805731564760208e-01
2.441406250000000051e-07	5.567665091609653311e-02	1.200529001653194427e-01	1.182933598756790161e-01
2.441406250000000051e-07	5.457248911261558533e-02	1.206476148217916489e-01	1.186268040910363197e-01
2.441406250000000051e-07	5.468916897720928205e-02	1.197240324690937996e-01	1.175937140360474586e-01
2.441406250000000051e-07	5.559148422524898964e-02	1.203224333003163338e-01	1.183540523052215576e-01
2.441406250000000051e-07	5.568464661512193686e-02	1.205855859443545341e-01	1.192694632336497307e-01
2.441406250000000051e-07	5.625678466845162456e-02	1.200529756024479866e-01	1.185137033462524414e-01
2.441406250000000051e-07	5.435244177904310220e-02	1.211797036230564117e-01	1.187037713825702667e-01
2.441406250000000051e-07	5.490365497107747156e-02	1.199159501120448112e-01	1.178949698805809021e-01
1.220703125000000025e-07	5.505328545276122476e-02	1.237969808280467987e-01	1.217668913304805756e-01
1.220703125000000025e-07	5.579101289563541399e-02	1.208867151290178299e-01	1.189510961994528770e-01
1.220703125000000025e-07	5.441017132959788394e-02	1.196130001917481422e-01	1.176026510074734688e-01
1.220703125000000025e-07	5.578928959520557118e-02	1.242476068437099457e-01	1.218814747408032417e-01
1.220703125000000025e-07	5.513717385032509272e-02	1.214030375704169273e-01	1.199867287650704384e-01
1.220703125000000025e-07	5.526847764849662781e-02	1.220841268077492714e-01	1.200651656836271286e-01
1.220703125000000025e-07	5.533356493032431239e-02	1.197540517896413803e-01	1.178581872954964638e-01
1.220703125000000025e-07	5.543778539647029741e-02	1.204210221767425537e-01	1.185273556038737297e-01
1.220703125000000025e-07	5.373781763865977806e-02	1.195101747289299965e-01	1.181906173005700111e-01
1.220703125000000025e-07	5.345131626612023568e-02	1.196403196081519127e-01	1.179760545492172241e-01
1.220703125000000025e-07	5.210865185230593305e-02	1.201545698568224907e-01	1.181996781378984451e-01
1.220703125000000025e-07	5.590362408304516001e-02	1.204866664484143257e-01	1.186428517103195190e-01
1.220703125000000025e-07	5.516406186396562855e-02	1.209890246391296387e-01	1.195952268317341805e-01
1.220703125000000025e-07	5.350253504665591908e-02	1.210202183574438095e-01	1.191812446340918541e-01
1.220703125000000025e-07	5.413045455949216239e-02	1.211087340489029884e-01	1.190752545371651649e-01
1.220703125000000025e-07	5.739499326748184055e-02	1.198727134615182877e-01	1.180891161784529686e-01
1.220703125000000025e-07	5.550250359162499370e-02	1.217588009312748909e-01	1.195535743609070778e-01
1.220703125000000025e-07	5.526094728066951317e-02	1.218074783682823181e-01	1.194556010887026787e-01
1.220703125000000025e-07	5.682203876255433744e-02	1.196242421865463257e-01	1.177740031853318214e-01
1.220703125000000025e-07	5.489540708404552771e-02	1.198961175978183746e-01	1.181816123425960541e-01
1.220703125000000025e-07	5.607582293922388356e-02	1.210443619638681412e-01	1.190957184880971909e-01
6.103515625000000127e-08	5.432892524743381663e-02	1.206442415714263916e-01	1.185740819200873375e-01
6.103515625000000127e-08	5.632452567732786769e-02	1.200462291017174721e-01	1.182913733646273613e-01
6.103515625000000127e-08	5.556797825648814720e-02	1.202771728858351707e-01	1.190301952883601189e-01
6.103515625000000127e-08	5.487157536458365376e-02	1.205885950475931168e-01	1.183540914207696915e-01
6.103515625000000127e-08	5.412052378435678462e-02	1.196227269247174263e-01	1.175857139751315117e-01
6.103515625000000127e-08	5.349634229382382172e-02	1.204684348776936531e-01	1.181188337504863739e-01
6.103515625000000127e-08	5.431226093935061228e-02	1.212260397151112556e-01	1.187088051810860634e-01
6.103515625000000127e-08	5.512240227264694065e-02	1.215008459985256195e-01	1.193985147401690483e-01
6.103515625000000127e-08	5.611796795001512683e-02	1.210812348872423172e-01	1.199865685775876045e-01
6.103515625000000127e-08	5.580891032196298729e-02	1.196515234187245369e-01	1.177921602502465248e-01
6.103515625000000127e-08	5.603515899068192696e-02	1.221386697143316269e-01	1.195448301732540131e-01
6.103515625000000127e-08	5.558068050613886035e-02	1.204636814072728157e-01	1.183608360588550568e-01
6.103515625000000127e-08	5.742023446703258677e-02	1.201893528923392296e-01	1.177309341728687286e-01
6.103515625000000127e-08	5.524111977672275381e-02	1.202752832323312759e-01	1.183686470612883568e-01
6.103515625000000127e-08	5.424446428689775473e-02	1.221549278125166893e-01	1.195452753454446793e-01
6.103515625000000127e-08	5.473703334603128440e-02	1.194298947229981422e-01	1.176443435251712799e-01
6.103515625000000127e-08	5.545816377182550411e-02	1.193097857758402824e-01	1.176543971523642540e-01
6.103515625000000127e-08	5.684121575536606880e-02	1.243103230372071266e-01	1.217179922387003899e-01
6.103515625000000127e-08	5.522070551597619420e-02	1.215689349919557571e-01	1.194379664957523346e-01
6.103515625000000127e-08	5.440370167923878897e-02	1.209708228707313538e-01	1.193718966096639633e-01
6.103515625000000127e-08	5.430774169066284601e-02	1.201928779482841492e-01	1.187350284308195114e-01
3.051757812500000064e-08	5.651097466485410087e-02	1.205036295577883720e-01	1.184660196304321289e-01
3.051757812500000064e-08	5.503533252432376427e-02	1.213248139247298241e-01	1.193436831235885620e-01
3.051757812500000064e-08	5.556804083193404853e-02	1.201286893337965012e-01	1.180548658594489098e-01
3.051757812500000064e-08	5.502468621051764125e-02	1.219357633963227272e-01	1.204487308859825134e-01
3.051757812500000064e-08	5.679801511990872909e-02	1.202291604131460190e-01	1.180189428851008415e-01
3.051757812500000064e-08	5.524621220140517319e-02	1.206505270674824715e-01	1.187388133257627487e-01
3.051757812500000064e-08	5.570009534683408731e-02	1.223495546728372574e-01	1.203169524669647217e-01
3.051757812500000064e-08	5.563887670824799181e-02	1.216892814263701439e-01	1.200742088258266449e-01
3.051757812500000064e-08	5.537220387707782882e-02	1.216172100976109505e-01	1.190714612603187561e-01
3.051757812500000064e-08	5.545995370308055145e-02	1.202083462849259377e-01	1.188916312530636787e-01
3.051757812500000064e-08	5.409827026762539792e-02	1.197801288217306137e-01	1.183579890057444572e-01
3.051757812500000064e-08	5.463466057671776538e-02	1.228486429899930954e-01	1.209032107144594193e-01
3.051757812500000064e-08	5.446869243360773216e-02	1.216652663424611092e-01	1.189873749390244484e-01
3.051757812500000064e-08	5.731744248467155606e-02	1.226933132857084274e-01	1.211587013676762581e-01
3.051757812500000064e-08	5.503836245853689635e-02	1.195164574310183525e-01	1.180883999913930893e-01
3.051757812500000064e-08	5.404177595731578243e-02	1.198754804208874702e-01	1.187686352059245110e-01
3.051757812500000064e-08	5.428857672252232480e-02	1.208811793476343155e-01	1.189179765060544014e-01
3.051757812500000064e-08	5.316860610737076526e-02	1.207083342596888542e-01	1.188424685969948769e-01
3.051757812500000064e-08	5.581475497235225541e-02	1.209649117663502693e-01	1.190555170178413391e-01
3.051757812500000064e-08	5.497077564838566410e-02	1.227961005643010139e-01	1.207862310111522675e-01
3.051757812500000064e-08	5.713901508458053141e-02	1.226341696456074715e-01	1.205622339621186256e-01
1.525878906250000032e-08	5.721404879719396014e-02	1.286762012168765068e-01	1.260171337053179741e-01
1.525878906250000032e-08	5.574605849724781348e-02	1.201072521507740021e-01	1.184096839278936386e-01
1.525878906250000032e-08	5.351456466920768290e-02	1.195552088320255280e-01	1.176654668524861336e-01
1.525878906250000032e-08	5.631319895575317980e-02	1.202624114230275154e-01	1.179325105622410774e-01
1.525878906250000032e-08	5.552886520759969108e-02	1.191842816770076752e-01	1.172387143597006798e-01
1.525878906250000032e-08	5.440239146163192152e-02	1.217675525695085526e-01	1.197280697524547577e-01
1.525878906250000032e-08	5.541189533622958852e-02	1.201120149344205856e-01	1.180165968835353851e-01
1.525878906250000032e-08	5.458592760223376916e-02	1.197814689949154854e-01	1.180858733132481575e-01
1.525878906250000032e-08	5.618919290696518243e-02	1.230507194995880127e-01	1.209041113033890724e-01
1.525878906250000032e-08	5.457285244630862009e-02	1.209845915436744690e-01	1.187845254316926003e-01
1.525878906250000032e-08	5.400470667813397907e-02	1.199686462059617043e-01	1.177214859053492546e-01
1.525878906250000032e-08	5.512024184005170219e-02	1.223629834130406380e-01	1.209351997822523117e-01
1.525878906250000032e-08	5.298439493473572348e-02	1.204453865066170692e-01	1.184896146878600121e-01
1.525878906250000032e-08	5.414650763703297842e-02	1.202739123255014420e-01	1.185724167153239250e-01
1.525878906250000032e-08	5.509994362917127603e-02	1.195637192577123642e-01	1.178346732631325722e-01
1.525878906250000032e-08	5.221571820446207352e-02	1.194078195840120316e-01	1.174230640754103661e-01
1.525878906250000032e-08	5.247387926601156105e-02	1.203605905175209045e-01	1.182624436914920807e-01
1.525878906250000032e-08	5.534422402329082502e-02	1.202855026349425316e-01	1.178403589874505997e-01
1.525878906250000032e-08	5.586372792154927630e-02	1.200635954737663269e-01	1.179434992372989655e-01
1.525878906250000032e-08	5.344523522484151412e-02	1.211963603273034096e-01	1.190270641818642616e-01
1.525878906250000032e-08	5.494631789153135021e-02	1.199400704354047775e-01	1.181617211550474167e-01
1.525878906250000032e-08	5.535622455085380256e-02	1.198058836162090302e-01	1.178806237876415253e-01
1.525878906250000032e-08	5.438641765260997935e-02	1.224429048597812653e-01	1.204080916941165924e-01
1.525878906250000032e-08	5.585742407018625538e-02	1.206835545599460602e-01	1.184797873720526695e-01
1.525878906250000032e-08	5.404542061158373184e-02	1.195943895727396011e-01	1.176498848944902420e-01
1.525878906250000032e-08	5.540839813743965447e-02	1.196679836139082909e-01	1.176179340109229088e-01
1.525878906250000032e-08	5.358923655710642886e-02	1.202937578782439232e-01	1.184369549155235291e-01
1.525878906250000032e-08	5.453646998805335849e-02	1.211220733821392059e-01	1.186261270195245743e-01
1.525878906250000032e-08	5.481902274149882959e-02	1.202571522444486618e-01	1.182997059077024460e-01
1.525878906250000032e-08	5.466553219888783954e-02	1.197738163173198700e-01	1.186952255666255951e-01
1.525878906250000032e-08	5.632343138509159075e-02	1.230187658220529556e-01	1.210509920492768288e-01
1.525878906250000032e-08	5.758345466625841569e-02	1.208632932975888252e-01	1.193843726068735123e-01
1.525878906250000032e-08	5.503399434346187280e-02	1.195471426472067833e-01	1.179585698992013931e-01
1.525878906250000032e-08	5.478143885354452153e-02	1.199922654777765274e-01	1.181942075490951538e-01
1.525878906250000032e-08	5.572051767118369608e-02	1.195311127230525017e-01	1.182866152375936508e-01
1.525878906250000032e-08	5.493252875306938593e-02	1.219328530132770538e-01	1.202672040089964867e-01
1.525878906250000032e-08	5.763864686971978402e-02	1.206748243421316147e-01	1.183392228558659554e-01
1.525878906250000032e-08	5.378422730519801659e-02	1.203926270827651024e-01	1.179114561527967453e-01
1.525878906250000032e-08	5.641507805336879594e-02	1.213959511369466782e-01	1.194227794185280800e-01
1.525878906250000032e-08	5.454792157758640153e-02	1.202356610447168350e-01	1.181782055646181107e-01
1.525878906250000032e-08	5.585637929130204266e-02	1.208146521821618080e-01	1.190383220091462135e-01
