2.000000000000000042e-03	3.965266022501112708e-01	4.579169526696205139e-01	4.592642337083816528e-01
2.000000000000000042e-03	3.052608589582805343e-01	3.507911935448646545e-01	3.460435681045055389e-01
2.000000000000000042e-03	2.699846595148496786e-01	3.239211365580558777e-01	3.224514275789260864e-01
2.000000000000000042e-03	2.490607971632027851e-01	4.626518376171588898e-01	4.637259393930435181e-01
2.000000000000000042e-03	2.375179250029068878e-01	2.135738488286733627e-01	2.162960357964038849e-01
2.000000000000000042e-03	2.250239339810383432e-01	3.720836490392684937e-01	3.595565371215343475e-01
2.000000000000000042e-03	2.153529881299296456e-01	2.029844913631677628e-01	1.980486437678337097e-01
2.000000000000000042e-03	2.076274928035615475e-01	1.997315827757120132e-01	1.999664772301912308e-01
2.000000000000000042e-03	2.067454828868938443e-01	2.838419638574123383e-01	2.779385708272457123e-01
2.000000000000000042e-03	2.104433963570413735e-01	2.161882705986499786e-01	2.165591064840555191e-01
2.000000000000000042e-03	2.011217182572883899e-01	2.003389950841665268e-01	2.011233270168304443e-01
2.000000000000000042e-03	1.958977870548827827e-01	2.036489937454462051e-01	2.096496988087892532e-01
2.000000000000000042e-03	1.928546973798848374e-01	1.844360288232564926e-01	1.849393006414175034e-01
2.000000000000000042e-03	1.845304484986051707e-01	1.853487063199281693e-01	1.898877378553152084e-01
2.000000000000000042e-03	1.857573746503153878e-01	1.867699977010488510e-01	1.864113882184028625e-01
2.000000000000000042e-03	1.813005067502395928e-01	1.820936854928731918e-01	1.815878171473741531e-01
2.000000000000000042e-03	1.829613654673853951e-01	1.751394569873809814e-01	1.770215742290019989e-01
2.000000000000000042e-03	1.782998142740394587e-01	1.806727852672338486e-01	1.827808115631341934e-01
2.000000000000000042e-03	1.729798862073994858e-01	1.757738776504993439e-01	1.807055156677961349e-01
2.000000000000000042e-03	1.757415433095980417e-01	1.841304004192352295e-01	1.846504528075456619e-01
2.000000000000000042e-03	1.723448741662351458e-01	1.667152512818574905e-01	1.714219693094491959e-01
2.000000000000000042e-03	1.642708150269109879e-01	1.639591585844755173e-01	1.671386733651161194e-01
2.000000000000000042e-03	1.670884970999971242e-01	1.676749475300312042e-01	1.697295866906642914e-01
2.000000000000000042e-03	1.706730672453023179e-01	1.569384057074785233e-01	1.595756541937589645e-01
2.000000000000000042e-03	1.624436246443398402e-01	1.854505948722362518e-01	1.873031780123710632e-01
2.000000000000000042e-03	1.617762240805203366e-01	2.160181496292352676e-01	2.154681868851184845e-01
2.000000000000000042e-03	1.655552091100547796e-01	1.542651001363992691e-01	1.535648275166749954e-01
2.000000000000000042e-03	1.620487806540501230e-01	2.134031206369400024e-01	2.200305983424186707e-01
2.000000000000000042e-03	1.649226972573920036e-01	1.556944269686937332e-01	1.585465595126152039e-01
2.000000000000000042e-03	1.603662318821194865e-01	1.545329000800848007e-01	1.567957457154989243e-01
2.000000000000000042e-03	1.554995967617517905e-01	1.470637526363134384e-01	1.479994822293519974e-01
2.000000000000000042e-03	1.546995776552188284e-01	2.045895121991634369e-01	2.060526404529809952e-01
2.000000000000000042e-03	1.615237850177137224e-01	1.564950756728649139e-01	1.596210338175296783e-01
2.000000000000000042e-03	1.535743463642989526e-01	1.678785085678100586e-01	1.664298493415117264e-01
2.000000000000000042e-03	1.527667883076245237e-01	1.521119810640811920e-01	1.550727207213640213e-01
2.000000000000000042e-03	1.517009450287758465e-01	1.528885476291179657e-01	1.548856813460588455e-01
2.000000000000000042e-03	1.544010495837730701e-01	1.730968765914440155e-01	1.746109183877706528e-01
2.000000000000000042e-03	1.520139890946919370e-01	1.663710922002792358e-01	1.665444746613502502e-01
2.000000000000000042e-03	1.527687219690672948e-01	1.561786606907844543e-01	1.581587772816419601e-01
2.000000000000000042e-03	1.493288263489928325e-01	1.608459930866956711e-01	1.619714349508285522e-01
2.000000000000000042e-03	1.467456804423392658e-01	1.600481756031513214e-01	1.622201986610889435e-01
2.000000000000000042e-03	1.534825567203232100e-01	1.461287830024957657e-01	1.474869642406702042e-01
2.000000000000000042e-03	1.469486841483961248e-01	1.551125086843967438e-01	1.550291869789361954e-01
2.000000000000000042e-03	1.439368295707280088e-01	1.574485953897237778e-01	1.612025555223226547e-01
2.000000000000000042e-03	1.441165205987194053e-01	1.640472542494535446e-01	1.633472591638565063e-01
2.000000000000000042e-03	1.428782615480543583e-01	1.448092386126518250e-01	1.452202592045068741e-01
2.000000000000000042e-03	1.425623227901096635e-01	1.566478479653596878e-01	1.582606807351112366e-01
2.000000000000000042e-03	1.416142186786555068e-01	1.652269195765256882e-01	1.657977681607007980e-01
2.000000000000000042e-03	1.403977624789068956e-01	1.401242390275001526e-01	1.406974606215953827e-01
2.000000000000000042e-03	1.448809080108811598e-01	1.614775601774454117e-01	1.617700196802616119e-01
2.000000000000000042e-03	1.432776639733133461e-01	1.564136575907468796e-01	1.587402280420064926e-01
2.000000000000000042e-03	1.380698683707019814e-01	1.388023756444454193e-01	1.402164027094841003e-01
2.000000000000000042e-03	1.435959386297419038e-01	1.468404214829206467e-01	1.481509841978549957e-01
2.000000000000000042e-03	1.391920810447463408e-01	1.382705029100179672e-01	1.375613193958997726e-01
2.000000000000000042e-03	1.423524175829525285e-01	1.491048727184534073e-01	1.496184561401605606e-01
2.000000000000000042e-03	1.400325043669229941e-01	1.475588306784629822e-01	1.488583441823720932e-01
2.000000000000000042e-03	1.395682433172117376e-01	1.429378539323806763e-01	1.460762675851583481e-01
2.000000000000000042e-03	1.351816484445257927e-01	1.475931257009506226e-01	1.494259871542453766e-01
2.000000000000000042e-03	1.354159932536414812e-01	1.487174779176712036e-01	1.501292977482080460e-01
2.000000000000000042e-03	1.346190257728854256e-01	1.420131959021091461e-01	1.426386460661888123e-01
2.000000000000000042e-03	1.330567822803424838e-01	1.503005847334861755e-01	1.525760516524314880e-01
2.000000000000000042e-03	1.371964445408386524e-01	1.479104906320571899e-01	1.497245393693447113e-01
2.000000000000000042e-03	1.401736422241488533e-01	1.510280482470989227e-01	1.516396515071392059e-01
2.000000000000000042e-03	1.354290460106692684e-01	1.544049400836229324e-01	1.572877038270235062e-01
2.000000000000000042e-03	1.312026001418693244e-01	1.751318853348493576e-01	1.798354610800743103e-01
2.000000000000000042e-03	1.318966249310517536e-01	1.402218565344810486e-01	1.427654083818197250e-01
2.000000000000000042e-03	1.308335973114906903e-01	1.436793971806764603e-01	1.474898271262645721e-01
2.000000000000000042e-03	1.316403012864197364e-01	1.340297898277640343e-01	1.359701007604598999e-01
2.000000000000000042e-03	1.308258015520964990e-01	1.496525425463914871e-01	1.507234647870063782e-01
2.000000000000000042e-03	1.399952033652535066e-01	1.670021694153547287e-01	1.638160180300474167e-01
2.000000000000000042e-03	1.339534846476361785e-01	1.370955873280763626e-01	1.423524096608161926e-01
2.000000000000000042e-03	1.304684667081772442e-01	1.344801783561706543e-01	1.393686654046177864e-01
2.000000000000000042e-03	1.302736688263808618e-01	1.429028734564781189e-01	1.483368314802646637e-01
2.000000000000000042e-03	1.307937862186492328e-01	1.423907075077295303e-01	1.429347172379493713e-01
2.000000000000000042e-03	1.294324107562439263e-01	1.361256837844848633e-01	1.361887622624635696e-01
2.000000000000000042e-03	1.241204450967945683e-01	1.439559888094663620e-01	1.431837230920791626e-01
2.000000000000000042e-03	1.286961478711683426e-01	1.431438196450471878e-01	1.465642470866441727e-01
2.000000000000000042e-03	1.261344121038159294e-01	1.445892266929149628e-01	1.436580177396535873e-01
2.000000000000000042e-03	1.252943925276587267e-01	1.416921224445104599e-01	1.438147295266389847e-01
2.000000000000000042e-03	1.233119198793097421e-01	1.334574539214372635e-01	1.366826118901371956e-01
2.000000000000000042e-03	1.223401368796070976e-01	1.335165277123451233e-01	1.347613893449306488e-01
2.000000000000000042e-03	1.231554393904118611e-01	1.445601284503936768e-01	1.456383373588323593e-01
2.000000000000000042e-03	1.200135999088045857e-01	1.347916414961218834e-01	1.355560496449470520e-01
2.000000000000000042e-03	1.222390851265267447e-01	1.460008472204208374e-01	1.481381244957447052e-01
2.000000000000000042e-03	1.207891187713115988e-01	1.459003370255231857e-01	1.474223136901855469e-01
2.000000000000000042e-03	1.197276912346670885e-01	1.314023863524198532e-01	1.325213722884654999e-01
2.000000000000000042e-03	1.189172970531861967e-01	1.323657352477312088e-01	1.338682752102613449e-01
2.000000000000000042e-03	1.166318075000485344e-01	1.486293915659189224e-01	1.459222212433815002e-01
2.000000000000000042e-03	1.207492188373698455e-01	1.474127005785703659e-01	1.495434064418077469e-01
2.000000000000000042e-03	1.141205714850486025e-01	1.361505910754203796e-01	1.365566682070493698e-01
2.000000000000000042e-03	1.132094031081923996e-01	1.345997564494609833e-01	1.367144528776407242e-01
2.000000000000000042e-03	1.197894845582261891e-01	1.412828937172889709e-01	1.425698883831501007e-01
2.000000000000000042e-03	1.204153825587864213e-01	1.336644124239683151e-01	1.334531307220458984e-01
2.000000000000000042e-03	1.138549346146704305e-01	1.304719550535082817e-01	1.309824297204613686e-01
2.000000000000000042e-03	1.113354582575303148e-01	1.401908714324235916e-01	1.402056459337472916e-01
2.000000000000000042e-03	1.138602916764307610e-01	1.276360759511590004e-01	1.301772948354482651e-01
2.000000000000000042e-03	1.138163793690596948e-01	1.362682804465293884e-01	1.379124112427234650e-01
2.000000000000000042e-03	1.237697348564485988e-01	1.381633244454860687e-01	1.392208058387041092e-01
2.000000000000000042e-03	1.125039043305795378e-01	1.358763435855507851e-01	1.372324507683515549e-01
2.000000000000000042e-03	1.124688882050634969e-01	1.409208700060844421e-01	1.408009845763444901e-01
2.000000000000000042e-03	1.137226862432081514e-01	1.530665252357721329e-01	1.532719787210226059e-01
2.000000000000000042e-03	1.157635743670825668e-01	1.320475935935974121e-01	1.314233709126710892e-01
2.000000000000000042e-03	1.134463990979556747e-01	1.555833593010902405e-01	1.553341746330261230e-01
2.000000000000000042e-03	1.107759289915048601e-01	1.340367691591382027e-01	1.356256585568189621e-01
2.000000000000000042e-03	1.094784652696380173e-01	1.357003543525934219e-01	1.335137691348791122e-01
2.000000000000000042e-03	1.160451511416254189e-01	1.333628538995981216e-01	1.342490185052156448e-01
2.000000000000000042e-03	1.114585025212432717e-01	1.446486376225948334e-01	1.475300043821334839e-01
2.000000000000000042e-03	1.090386734355854037e-01	1.392231956124305725e-01	1.418025232851505280e-01
2.000000000000000042e-03	1.076001456078094776e-01	1.322054062038660049e-01	1.316186869516968727e-01
2.000000000000000042e-03	1.069153964142256080e-01	1.384129850193858147e-01	1.377753214910626411e-01
2.000000000000000042e-03	1.088244489665272929e-01	1.323558660224080086e-01	1.326371729373931885e-01
2.000000000000000042e-03	1.060494574942166257e-01	1.428629718720912933e-01	1.441555991768836975e-01
2.000000000000000042e-03	1.081405697932726201e-01	1.379505433142185211e-01	1.374543271958827972e-01
2.000000000000000042e-03	1.077681385640856526e-01	1.343927942216396332e-01	1.335569918155670166e-01
2.000000000000000042e-03	1.038378989206084763e-01	1.444289982318878174e-01	1.454084571450948715e-01
2.000000000000000042e-03	1.052456282173531016e-01	1.345037668943405151e-01	1.345101054757833481e-01
2.000000000000000042e-03	1.046458037593696738e-01	1.345985531806945801e-01	1.363816671073436737e-01
1.000000000000000021e-03	9.576858259454558431e-02	1.230308376252651215e-01	1.225440027192234993e-01
1.000000000000000021e-03	8.913771685542939971e-02	1.258678315207362175e-01	1.252266345545649529e-01
1.000000000000000021e-03	9.098058759788923977e-02	1.299885790795087814e-01	1.294254632666707039e-01
1.000000000000000021e-03	9.256975088692918907e-02	1.255494933575391769e-01	1.256107911467552185e-01
1.000000000000000021e-03	8.610403396283523858e-02	1.211972804740071297e-01	1.196457091718912125e-01
1.000000000000000021e-03	8.887424121929120291e-02	1.251689167693257332e-01	1.252670940011739731e-01
1.000000000000000021e-03	8.463464281227014996e-02	1.290731737390160561e-01	1.288359304890036583e-01
1.000000000000000021e-03	8.490465949230556475e-02	1.228386079892516136e-01	1.227965923026204109e-01
1.000000000000000021e-03	8.659040531780146099e-02	1.229807632043957710e-01	1.202272418886423111e-01
1.000000000000000021e-03	8.928187021726294303e-02	1.276606461033225060e-01	1.247108438983559608e-01
1.000000000000000021e-03	8.720414830914026416e-02	1.274556703865528107e-01	1.279936255887150764e-01
1.000000000000000021e-03	8.423306915578962495e-02	1.243669316172599792e-01	1.242381744086742401e-01
1.000000000000000021e-03	8.467551867795895804e-02	1.215826096013188362e-01	1.209477921947836876e-01
1.000000000000000021e-03	8.447395557466941263e-02	1.303255083039402962e-01	1.290472410619258881e-01
1.000000000000000021e-03	8.762222575613215492e-02	1.287867221981287003e-01	1.273418264463543892e-01
1.000000000000000021e-03	8.386074214041987218e-02	1.245516678318381310e-01	1.238861195743083954e-01
1.000000000000000021e-03	8.442928057305421063e-02	1.248709755018353462e-01	1.238884143531322479e-01
1.000000000000000021e-03	8.487220193389095890e-02	1.281528221443295479e-01	1.267720768228173256e-01
1.000000000000000021e-03	8.577607402318640495e-02	1.256630448624491692e-01	1.253537414595484734e-01
1.000000000000000021e-03	8.585224932507623530e-02	1.224844930693507195e-01	1.218558978289365768e-01
1.000000000000000021e-03	8.075099853397924021e-02	1.322054602205753326e-01	1.300036767497658730e-01
1.000000000000000021e-03	8.205805039858515837e-02	1.254292661324143410e-01	1.240754500031471252e-01
1.000000000000000021e-03	8.289028043988384831e-02	1.232373975217342377e-01	1.204405361786484718e-01
1.000000000000000021e-03	8.515138443135007729e-02	1.257508909329771996e-01	1.249761721119284630e-01
1.000000000000000021e-03	8.110605293436895513e-02	1.211920231580734253e-01	1.206543482840061188e-01
1.000000000000000021e-03	7.926480340052254048e-02	1.292397007346153259e-01	1.271050851792097092e-01
5.000000000000000104e-04	7.641722639150257124e-02	1.253096908330917358e-01	1.237465459853410721e-01
5.000000000000000104e-04	7.441462746149377083e-02	1.188919581472873688e-01	1.183484159409999847e-01
5.000000000000000104e-04	7.223513703557508936e-02	1.200988050550222397e-01	1.187586514279246330e-01
5.000000000000000104e-04	7.616596456758584210e-02	1.252629049122333527e-01	1.241958187893033028e-01
5.000000000000000104e-04	7.283204501565498923e-02	1.207116814330220222e-01	1.189572298899292946e-01
5.000000000000000104e-04	7.398675085057186684e-02	1.221703262999653816e-01	1.201333003118634224e-01
5.000000000000000104e-04	7.100721061984195670e-02	1.208955412730574608e-01	1.191490544006228447e-01
5.000000000000000104e-04	7.201527738118473909e-02	1.191229242831468582e-01	1.181181520223617554e-01
5.000000000000000104e-04	7.276740759799751879e-02	1.196406390517950058e-01	1.178429471328854561e-01
5.000000000000000104e-04	7.199935530182681453e-02	1.196345807984471321e-01	1.179977022111415863e-01
5.000000000000000104e-04	6.953395804083800646e-02	1.210725130513310432e-01	1.190090542659163475e-01
5.000000000000000104e-04	7.116454089932804095e-02	1.200768090784549713e-01	1.181023707613348961e-01
5.000000000000000104e-04	7.080591092758541094e-02	1.205349881201982498e-01	1.179168689996004105e-01
5.000000000000000104e-04	6.934799593460710954e-02	1.205499777570366859e-01	1.191828977316617966e-01
5.000000000000000104e-04	7.043178087171120261e-02	1.212459318339824677e-01	1.209449870511889458e-01
5.000000000000000104e-04	6.794495875888233172e-02	1.238575661554932594e-01	1.219825157895684242e-01
5.000000000000000104e-04	7.082521660795694507e-02	1.216378994286060333e-01	1.195927979424595833e-01
5.000000000000000104e-04	7.155047050571139433e-02	1.198495170101523399e-01	1.194294448941946030e-01
5.000000000000000104e-04	6.831928823567644249e-02	1.206959504634141922e-01	1.188655579462647438e-01
5.000000000000000104e-04	6.931857939196538199e-02	1.212399965152144432e-01	1.211045198142528534e-01
5.000000000000000104e-04	6.865479896151566175e-02	1.203169627115130424e-01	1.194950407370924950e-01
5.000000000000000104e-04	6.989651182784309413e-02	1.200953423976898193e-01	1.199206132441759109e-01
5.000000000000000104e-04	6.645918250838413199e-02	1.222044974565505981e-01	1.211504181846976280e-01
2.500000000000000052e-04	6.637038917669767224e-02	1.188390050083398819e-01	1.171544902026653290e-01
2.500000000000000052e-04	6.362070572338526797e-02	1.175275649875402451e-01	1.154449842870235443e-01
2.500000000000000052e-04	6.403811422141292287e-02	1.240977682173252106e-01	1.231241412460803986e-01
2.500000000000000052e-04	6.218282458714292221e-02	1.178853297606110573e-01	1.162229850888252258e-01
2.500000000000000052e-04	6.149985796854465919e-02	1.181717487052083015e-01	1.164748556911945343e-01
2.500000000000000052e-04	6.216389365211318074e-02	1.187864029780030251e-01	1.158149624243378639e-01
2.500000000000000052e-04	6.246292312877087943e-02	1.186211751773953438e-01	1.167296161875128746e-01
2.500000000000000052e-04	6.274262810998325335e-02	1.188157079741358757e-01	1.161886611953377724e-01
2.500000000000000052e-04	6.304325927284699926e-02	1.195316202938556671e-01	1.173467915505170822e-01
2.500000000000000052e-04	6.307808701184731970e-02	1.205239770933985710e-01	1.187208564952015877e-01
2.500000000000000052e-04	6.108220232815682327e-02	1.202442897483706474e-01	1.177875110879540443e-01
2.500000000000000052e-04	6.419769627383992150e-02	1.194083038717508316e-01	1.166380904614925385e-01
2.500000000000000052e-04	6.488530729201776037e-02	1.255843453109264374e-01	1.226409869268536568e-01
2.500000000000000052e-04	6.234226729485053270e-02	1.192992990836501122e-01	1.166844703257083893e-01
2.500000000000000052e-04	6.325623138418680347e-02	1.211715089157223701e-01	1.183752259239554405e-01
2.500000000000000052e-04	6.444859363232986749e-02	1.204260764643549919e-01	1.180496858432888985e-01
2.500000000000000052e-04	6.126866291595410574e-02	1.197593528777360916e-01	1.180170895531773567e-01
2.500000000000000052e-04	6.328353026433836126e-02	1.193091310560703278e-01	1.170873912051320076e-01
2.500000000000000052e-04	5.940974230253243810e-02	1.190309589728713036e-01	1.169542176648974419e-01
2.500000000000000052e-04	6.084279848050467426e-02	1.192352948710322380e-01	1.172478124499320984e-01
2.500000000000000052e-04	5.975284818795662672e-02	1.201976491138339043e-01	1.179552497342228889e-01
2.500000000000000052e-04	6.192658638840989327e-02	1.204622844234108925e-01	1.181888822466135025e-01
2.500000000000000052e-04	6.135185855098917312e-02	1.211936054751276970e-01	1.191746033728122711e-01
1.250000000000000026e-04	6.255395111592509938e-02	1.230281842872500420e-01	1.209890292957425117e-01
1.250000000000000026e-04	6.026090125117120749e-02	1.180201666429638863e-01	1.154278200119733810e-01
1.250000000000000026e-04	5.648637652585777880e-02	1.174309225752949715e-01	1.149666039273142815e-01
1.250000000000000026e-04	5.894771902055680191e-02	1.180773070082068443e-01	1.157518327236175537e-01
1.250000000000000026e-04	6.047793859733811145e-02	1.188068548217415810e-01	1.161754727363586426e-01
1.250000000000000026e-04	5.884794367453719671e-02	1.192950215190649033e-01	1.163752544671297073e-01
1.250000000000000026e-04	5.895966055649745630e-02	1.179804112762212753e-01	1.164443017914891243e-01
1.250000000000000026e-04	5.756590138130550371e-02	1.188645623624324799e-01	1.163242226466536522e-01
1.250000000000000026e-04	5.962086789592911662e-02	1.183490082621574402e-01	1.155066769570112228e-01
1.250000000000000026e-04	5.933412301200854944e-02	1.191043192520737648e-01	1.163364807143807411e-01
1.250000000000000026e-04	5.786611186929895706e-02	1.184476884081959724e-01	1.155531639233231544e-01
1.250000000000000026e-04	5.841834456483020049e-02	1.193891223520040512e-01	1.164434999227523804e-01
1.250000000000000026e-04	5.838844585645047713e-02	1.209434038028120995e-01	1.183142513036727905e-01
1.250000000000000026e-04	5.736301820489424913e-02	1.194088179618120193e-01	1.160213695839047432e-01
1.250000000000000026e-04	5.826867159597481222e-02	1.186760673299431801e-01	1.158033171668648720e-01
1.250000000000000026e-04	5.708013314612304240e-02	1.195289017632603645e-01	1.167749930173158646e-01
1.250000000000000026e-04	5.730508305603945057e-02	1.199834309518337250e-01	1.175852064043283463e-01
1.250000000000000026e-04	6.082074994905085213e-02	1.201357450336217880e-01	1.185345267876982689e-01
1.250000000000000026e-04	5.764397002662284553e-02	1.206128662452101707e-01	1.174617689102888107e-01
1.250000000000000026e-04	5.721795275996002794e-02	1.187236243858933449e-01	1.165290325880050659e-01
1.250000000000000026e-04	5.636315410838851209e-02	1.189176747575402260e-01	1.165718724951148033e-01
1.250000000000000026e-04	5.566952669922309305e-02	1.185419531539082527e-01	1.163589693605899811e-01
1.250000000000000026e-04	5.735646093947977670e-02	1.184169063344597816e-01	1.155422590672969818e-01
1.250000000000000026e-04	5.829788188013849265e-02	1.205322230234742165e-01	1.174181569367647171e-01
6.250000000000000130e-05	5.876058651299416458e-02	1.197229996323585510e-01	1.171814622357487679e-01
6.250000000000000130e-05	5.693042254712007977e-02	1.193806221708655357e-01	1.159816188737750053e-01
6.250000000000000130e-05	5.704697391277627205e-02	1.193062514066696167e-01	1.163827618584036827e-01
6.250000000000000130e-05	5.507805754866781228e-02	1.184819908812642097e-01	1.154734939336776733e-01
6.250000000000000130e-05	5.761364097648029314e-02	1.199233420193195343e-01	1.177576174959540367e-01
6.250000000000000130e-05	5.490885910731327368e-02	1.179134622216224670e-01	1.152736898511648178e-01
6.250000000000000130e-05	5.609232540937918871e-02	1.187863470986485481e-01	1.164545416831970215e-01
6.250000000000000130e-05	5.513464423674571679e-02	1.209272583946585655e-01	1.178194535896182060e-01
6.250000000000000130e-05	5.606749257709406353e-02	1.183252716436982155e-01	1.165475724264979362e-01
6.250000000000000130e-05	5.587093249151978136e-02	1.191239291802048683e-01	1.174304103478789330e-01
6.250000000000000130e-05	5.515236954523038138e-02	1.189851528033614159e-01	1.161362817510962486e-01
6.250000000000000130e-05	5.735908382678333445e-02	1.220172261819243431e-01	1.192731698974967003e-01
6.250000000000000130e-05	5.606327319069753790e-02	1.200015135109424591e-01	1.168265892192721367e-01
6.250000000000000130e-05	5.468431831915167296e-02	1.190486727282404900e-01	1.167251151055097580e-01
6.250000000000000130e-05	5.806248290817948854e-02	1.184973251074552536e-01	1.156838228926062584e-01
6.250000000000000130e-05	5.749108830961999900e-02	1.208017105236649513e-01	1.183871915563941002e-01
6.250000000000000130e-05	5.453564287929595078e-02	1.200753971934318542e-01	1.161261405795812607e-01
6.250000000000000130e-05	5.645593911220755934e-02	1.210139207541942596e-01	1.189254205673933029e-01
6.250000000000000130e-05	5.538356431488749426e-02	1.197692668065428734e-01	1.171721657738089561e-01
6.250000000000000130e-05	5.549799881969826043e-02	1.191444834694266319e-01	1.160872038453817368e-01
6.250000000000000130e-05	5.441636733616454780e-02	1.185450237244367599e-01	1.157489847391843796e-01
3.125000000000000065e-05	5.353696658452854890e-02	1.182799125090241432e-01	1.160989915952086449e-01
3.125000000000000065e-05	5.419688860449609763e-02	1.186758950352668762e-01	1.163577968254685402e-01
3.125000000000000065e-05	5.464820177117480499e-02	1.190545903518795967e-01	1.171912206336855888e-01
3.125000000000000065e-05	5.427918436972400951e-02	1.192890871316194534e-01	1.161659602075815201e-01
3.125000000000000065e-05	5.344657331139226336e-02	1.192973731085658073e-01	1.164094610139727592e-01
3.125000000000000065e-05	5.645445654097991373e-02	1.190345464274287224e-01	1.161096915602684021e-01
3.125000000000000065e-05	5.599651712028286266e-02	1.214303951710462570e-01	1.183286812156438828e-01
3.125000000000000065e-05	5.668740813867955558e-02	1.187156038358807564e-01	1.150236465036869049e-01
3.125000000000000065e-05	5.528402026695541233e-02	1.191440327093005180e-01	1.160407522693276405e-01
3.125000000000000065e-05	5.638757013256037037e-02	1.201317040249705315e-01	1.173404408618807793e-01
3.125000000000000065e-05	5.368386581540107727e-02	1.189856370911002159e-01	1.164765339344739914e-01
3.125000000000000065e-05	5.654221329885193020e-02	1.217855094000697136e-01	1.191034493967890739e-01
3.125000000000000065e-05	5.464602492844002068e-02	1.184716774150729179e-01	1.160423522815108299e-01
3.125000000000000065e-05	5.560593443769443200e-02	1.213732594624161720e-01	1.189776975661516190e-01
3.125000000000000065e-05	5.595346846723858042e-02	1.194585999473929405e-01	1.159816402941942215e-01
3.125000000000000065e-05	5.425600424597534777e-02	1.195509787648916245e-01	1.174470968544483185e-01
3.125000000000000065e-05	5.541047166231312382e-02	1.197627512738108635e-01	1.165326470509171486e-01
3.125000000000000065e-05	5.557019791648357826e-02	1.184884719550609589e-01	1.165228839963674545e-01
3.125000000000000065e-05	5.651820856559125472e-02	1.197924120351672173e-01	1.173568861559033394e-01
3.125000000000000065e-05	5.271022182099426717e-02	1.185017023235559464e-01	1.151913153007626534e-01
3.125000000000000065e-05	5.782642088170292932e-02	1.185288997367024422e-01	1.154629336670041084e-01
1.562500000000000033e-05	5.316153923167458301e-02	1.187974400818347931e-01	1.161087676882743835e-01
1.562500000000000033e-05	5.328355305179764689e-02	1.193869337439537048e-01	1.159918420016765594e-01
1.562500000000000033e-05	5.580847625490985287e-02	1.203596955165266991e-01	1.167517360299825668e-01
1.562500000000000033e-05	5.403490034462530428e-02	1.195983048528432846e-01	1.167582254856824875e-01
1.562500000000000033e-05	5.335080227519892193e-02	1.197862252593040466e-01	1.169144548475742340e-01
1.562500000000000033e-05	5.469940338708177696e-02	1.194564448669552803e-01	1.170310499146580696e-01
1.562500000000000033e-05	5.390167142016977914e-02	1.189979668706655502e-01	1.167595442384481430e-01
1.562500000000000033e-05	5.466412884902350361e-02	1.186057366430759430e-01	1.165453670546412468e-01
1.562500000000000033e-05	5.352643650921085072e-02	1.188883725553750992e-01	1.163865514099597931e-01
1.562500000000000033e-05	5.408138074452364247e-02	1.188802169635891914e-01	1.164713194593787193e-01
1.562500000000000033e-05	5.503447707506674974e-02	1.193583672866225243e-01	1.171280518174171448e-01
1.562500000000000033e-05	5.484700844257692914e-02	1.184847280383110046e-01	1.157206036150455475e-01
1.562500000000000033e-05	5.297544966392879473e-02	1.192137701436877251e-01	1.163543416187167168e-01
1.562500000000000033e-05	5.309168343679814689e-02	1.190804494544863701e-01	1.154075572267174721e-01
1.562500000000000033e-05	5.353116310095485525e-02	1.187845366075634956e-01	1.161866774782538414e-01
1.562500000000000033e-05	5.581564017677608652e-02	1.196386553347110748e-01	1.176544595509767532e-01
1.562500000000000033e-05	5.303830691153490345e-02	1.189948134124279022e-01	1.166828731074929237e-01
1.562500000000000033e-05	5.371442173100725304e-02	1.191384121775627136e-01	1.164440996944904327e-01
1.562500000000000033e-05	5.459691423781310587e-02	1.195031208917498589e-01	1.163037037476897240e-01
1.562500000000000033e-05	5.321944853927515484e-02	1.189344106242060661e-01	1.161966817453503609e-01
1.562500000000000033e-05	5.524825705569001710e-02	1.201635263860225677e-01	1.174826333299279213e-01
7.812500000000000163e-06	5.345212163615830486e-02	1.192635744810104370e-01	1.158301075920462608e-01
7.812500000000000163e-06	5.554215430836133977e-02	1.204557660967111588e-01	1.165421409532427788e-01
7.812500000000000163e-06	5.343231356030778145e-02	1.189691768959164619e-01	1.159213203936815262e-01
7.812500000000000163e-06	5.499490982369531489e-02	1.182133080437779427e-01	1.152996867895126343e-01
7.812500000000000163e-06	5.436144575853891353e-02	1.185871921479701996e-01	1.156047452241182327e-01
7.812500000000000163e-06	5.455504343668116790e-02	1.185746919363737106e-01	1.160939084365963936e-01
7.812500000000000163e-06	5.299194114683549589e-02	1.189645240083336830e-01	1.154242409393191338e-01
7.812500000000000163e-06	5.524132952471322994e-02	1.183540299534797668e-01	1.157392272725701332e-01
7.812500000000000163e-06	5.452414941561373185e-02	1.193108651787042618e-01	1.161188837140798569e-01
7.812500000000000163e-06	5.376010463584827287e-02	1.191974375396966934e-01	1.167580028995871544e-01
7.812500000000000163e-06	5.369949628469310177e-02	1.185067277401685715e-01	1.153772789984941483e-01
7.812500000000000163e-06	5.548646494368963261e-02	1.228859620168805122e-01	1.201166035607457161e-01
7.812500000000000163e-06	5.418156441065329759e-02	1.210826849564909935e-01	1.179113117977976799e-01
7.812500000000000163e-06	5.401455705301671378e-02	1.191174071282148361e-01	1.161794085055589676e-01
7.812500000000000163e-06	5.478981665418117958e-02	1.200650548562407494e-01	1.172361737117171288e-01
7.812500000000000163e-06	5.545305007997947122e-02	1.187837384641170502e-01	1.159642813727259636e-01
7.812500000000000163e-06	5.464890170135075498e-02	1.190525367856025696e-01	1.164300292730331421e-01
7.812500000000000163e-06	5.169549933339975811e-02	1.186010548844933510e-01	1.163369882851839066e-01
7.812500000000000163e-06	5.357621629026871474e-02	1.189646394923329353e-01	1.161789838224649429e-01
7.812500000000000163e-06	5.293043731134149110e-02	1.185155771672725677e-01	1.155431335791945457e-01
7.812500000000000163e-06	5.449035296900362618e-02	1.192639758810400963e-01	1.166396979242563248e-01
3.906250000000000081e-06	5.191705102407479649e-02	1.188733000308275223e-01	1.151060666888952255e-01
3.906250000000000081e-06	5.392084016075616992e-02	1.187429623678326607e-01	1.162736406549811363e-01
3.906250000000000081e-06	5.580858603308472277e-02	1.199960336089134216e-01	1.164316497743129730e-01
3.906250000000000081e-06	5.345808016725733108e-02	1.196218794211745262e-01	1.168425465002655983e-01
3.906250000000000081e-06	5.594999942032596874e-02	1.198480492457747459e-01	1.168499412015080452e-01
3.906250000000000081e-06	5.376591090160080105e-02	1.194408955052495003e-01	1.161963595077395439e-01
3.906250000000000081e-06	5.384061593986765037e-02	1.206963853910565376e-01	1.185345947742462158e-01
3.906250000000000081e-06	5.285621990885915750e-02	1.188793014734983444e-01	1.158535229042172432e-01
3.906250000000000081e-06	5.310783775735505169e-02	1.182300429791212082e-01	1.158669646829366684e-01
3.906250000000000081e-06	5.336748968951309652e-02	1.192925106734037399e-01	1.166271176189184189e-01
3.906250000000000081e-06	5.403970144217527111e-02	1.213211743161082268e-01	1.184142790734767914e-01
3.906250000000000081e-06	5.293281027410604023e-02	1.193152116611599922e-01	1.160909282043576241e-01
3.906250000000000081e-06	5.321159939977187364e-02	1.193605326116085052e-01	1.171563379466533661e-01
3.906250000000000081e-06	5.388520662731761945e-02	1.196721550077199936e-01	1.165736662223935127e-01
3.906250000000000081e-06	5.168665511698662673e-02	1.191794853657484055e-01	1.167299663648009300e-01
3.906250000000000081e-06	5.440392958212502544e-02	1.198307890444993973e-01	1.166523145511746407e-01
3.906250000000000081e-06	5.270041921470738910e-02	1.196379801258444786e-01	1.164848171174526215e-01
3.906250000000000081e-06	5.344899305248562021e-02	1.189799057319760323e-01	1.164300143718719482e-01
3.906250000000000081e-06	5.401464579980584657e-02	1.191835086792707443e-01	1.165328901261091232e-01
3.906250000000000081e-06	5.495842682975757287e-02	1.204333845525979996e-01	1.174792321398854256e-01
3.906250000000000081e-06	5.474597041176844370e-02	1.196271255612373352e-01	1.163866696879267693e-01
1.953125000000000041e-06	5.308213353722910505e-02	1.203147340565919876e-01	1.177192619070410728e-01
1.953125000000000041e-06	5.516440600534028987e-02	1.220458662137389183e-01	1.191008267924189568e-01
1.953125000000000041e-06	5.183855637530736943e-02	1.194554818794131279e-01	1.166559001430869102e-01
1.953125000000000041e-06	5.573787705241879664e-02	1.203047810122370720e-01	1.166296126320958138e-01
1.953125000000000041e-06	5.145574926952772160e-02	1.183005692437291145e-01	1.155907250940799713e-01
1.953125000000000041e-06	5.358202269748796320e-02	1.209302637726068497e-01	1.177258212119340897e-01
1.953125000000000041e-06	5.439663966056666744e-02	1.194737227633595467e-01	1.156375491991639137e-01
1.953125000000000041e-06	5.309489723059195726e-02	1.195117533206939697e-01	1.160385655239224434e-01
1.953125000000000041e-06	5.309896689804294301e-02	1.192727014422416687e-01	1.157061811536550522e-01
1.953125000000000041e-06	5.364109330539462012e-02	1.208203332498669624e-01	1.176240490749478340e-01
1.953125000000000041e-06	5.193585520492324109e-02	1.177158355712890625e-01	1.152594722807407379e-01
1.953125000000000041e-06	5.327072777325594227e-02	1.191047560423612595e-01	1.162850148975849152e-01
1.953125000000000041e-06	5.321846421383603920e-02	1.197109678760170937e-01	1.169850882142782211e-01
1.953125000000000041e-06	5.455106077126310044e-02	1.191688384860754013e-01	1.172301070764660835e-01
1.953125000000000041e-06	5.479343966404093963e-02	1.209335690364241600e-01	1.181758828461170197e-01
1.953125000000000041e-06	5.578288855620577164e-02	1.185186840593814850e-01	1.161128189414739609e-01
1.953125000000000041e-06	5.312109663139415877e-02	1.185514070093631744e-01	1.155117293819785118e-01
1.953125000000000041e-06	5.143469755973997110e-02	1.188494097441434860e-01	1.170734278857707977e-01
1.953125000000000041e-06	5.423336136567441512e-02	1.194055750966072083e-01	1.158007970079779625e-01
1.953125000000000041e-06	5.412205058751227288e-02	1.194195244461297989e-01	1.162903523072600365e-01
1.953125000000000041e-06	5.329340370961382217e-02	1.194662218913435936e-01	1.165145412087440491e-01
9.765625000000000203e-07	5.374473729465581440e-02	1.190070966258645058e-01	1.166125629097223282e-01
9.765625000000000203e-07	5.237961353003224574e-02	1.203378522768616676e-01	1.166860144585371017e-01
9.765625000000000203e-07	5.355700110144252790e-02	1.198708862066268921e-01	1.165564600378274918e-01
9.765625000000000203e-07	5.248956882123705786e-02	1.195925055071711540e-01	1.160987708717584610e-01
9.765625000000000203e-07	5.541144641517083830e-02	1.192792505025863647e-01	1.175190322101116180e-01
9.765625000000000203e-07	5.432090380146533531e-02	1.205273484811186790e-01	1.173768509179353714e-01
9.765625000000000203e-07	5.431990419762044303e-02	1.204209364950656891e-01	1.168255917727947235e-01
9.765625000000000203e-07	5.215665504713602046e-02	1.193346595391631126e-01	1.162577848881483078e-01
9.765625000000000203e-07	5.350413555397263293e-02	1.191927436739206314e-01	1.156503334641456604e-01
9.765625000000000203e-07	5.555123618886440712e-02	1.203866694122552872e-01	1.162363030016422272e-01
9.765625000000000203e-07	5.515272424945348584e-02	1.190431099385023117e-01	1.150880288332700729e-01
9.765625000000000203e-07	5.445684011601194252e-02	1.199881238862872124e-01	1.176342628896236420e-01
9.765625000000000203e-07	5.216952724547326004e-02	1.183314649388194084e-01	1.158247310668230057e-01
9.765625000000000203e-07	5.428770528752592528e-02	1.185349896550178528e-01	1.160158934071660042e-01
9.765625000000000203e-07	5.353847961825660556e-02	1.186513602733612061e-01	1.162295117974281311e-01
9.765625000000000203e-07	5.443872096417825407e-02	1.205244669690728188e-01	1.177694341167807579e-01
9.765625000000000203e-07	5.459393966424314071e-02	1.202407972887158394e-01	1.166142364963889122e-01
9.765625000000000203e-07	5.298009142279624939e-02	1.190538201481103897e-01	1.163073359057307243e-01
9.765625000000000203e-07	5.268551371520078380e-02	1.184887746348977089e-01	1.158873680979013443e-01
9.765625000000000203e-07	5.452431615772126289e-02	1.196986678987741470e-01	1.157804131507873535e-01
9.765625000000000203e-07	5.306500521830365830e-02	1.205088607966899872e-01	1.181402001529932022e-01
4.882812500000000102e-07	5.381291633165335292e-02	1.190261896699666977e-01	1.169520085677504539e-01
4.882812500000000102e-07	5.417594002394736374e-02	1.185147259384393692e-01	1.166992923244833946e-01
4.882812500000000102e-07	5.339010418215884429e-02	1.186727844178676605e-01	1.159804696217179298e-01
4.882812500000000102e-07	5.434549882819381117e-02	1.189166400581598282e-01	1.162586947903037071e-01
4.882812500000000102e-07	5.504451272419736557e-02	1.200772980228066444e-01	1.166529124602675438e-01
4.882812500000000102e-07	5.476164671627781200e-02	1.201960537582635880e-01	1.165047520771622658e-01
4.882812500000000102e-07	5.369147224516808425e-02	1.190233761444687843e-01	1.164270127192139626e-01
4.882812500000000102e-07	5.491769615607925564e-02	1.199622293934226036e-01	1.170443892478942871e-01
4.882812500000000102e-07	5.334764681284940441e-02	1.197343431413173676e-01	1.168978624045848846e-01
4.882812500000000102e-07	5.111099666432489252e-02	1.187919648364186287e-01	1.159820407629013062e-01
4.882812500000000102e-07	5.381981245701825817e-02	1.219778675585985184e-01	1.194833666086196899e-01
4.882812500000000102e-07	5.313542777601676370e-02	1.189033333212137222e-01	1.161905024200677872e-01
4.882812500000000102e-07	5.061611236084865434e-02	1.183019271120429039e-01	1.158094424754381180e-01
4.882812500000000102e-07	5.302492911113968616e-02	1.185919800773262978e-01	1.152875497937202454e-01
4.882812500000000102e-07	5.423797270919702984e-02	1.217422708868980408e-01	1.190623054280877113e-01
4.882812500000000102e-07	5.522253029519998829e-02	1.196955656632781029e-01	1.166244084015488625e-01
4.882812500000000102e-07	5.390770403267462069e-02	1.212805174291133881e-01	1.177847804501652718e-01
4.882812500000000102e-07	5.378636736658554823e-02	1.186298038810491562e-01	1.159077482298016548e-01
4.882812500000000102e-07	5.331210381811177929e-02	1.194481886923313141e-01	1.155143603682518005e-01
4.882812500000000102e-07	5.611789056771918083e-02	1.207166789099574089e-01	1.167463641613721848e-01
4.882812500000000102e-07	5.364162125919438862e-02	1.189303910359740257e-01	1.157315326854586601e-01
2.441406250000000051e-07	5.212090999076637865e-02	1.203099153935909271e-01	1.166014811024069786e-01
2.441406250000000051e-07	5.479686749698240572e-02	1.193178333342075348e-01	1.163018839433789253e-01
2.441406250000000051e-07	5.367603813168368709e-02	1.192540368065237999e-01	1.161903440952301025e-01
2.441406250000000051e-07	5.320119357939007837e-02	1.194980796426534653e-01	1.169366799294948578e-01
2.441406250000000051e-07	5.300126526551910550e-02	1.193111101165413857e-01	1.162730380892753601e-01
2.441406250000000051e-07	5.182574335721474440e-02	1.181923570111393929e-01	1.156355505809187889e-01
2.441406250000000051e-07	5.361274851462508734e-02	1.182019915431737900e-01	1.156089026480913162e-01
2.441406250000000051e-07	5.447071602072896951e-02	1.181471366435289383e-01	1.149848606437444687e-01
2.441406250000000051e-07	5.279208479236952717e-02	1.206786744296550751e-01	1.177925076335668564e-01
2.441406250000000051e-07	5.248017458221580084e-02	1.195426005870103836e-01	1.174139305949211121e-01
2.441406250000000051e-07	5.440308115904844005e-02	1.179423294961452484e-01	1.158327478915452957e-01
2.441406250000000051e-07	5.211043353133563982e-02	1.185124106705188751e-01	1.166403805837035179e-01
2.441406250000000051e-07	5.187346984314013254e-02	1.203007176518440247e-01	1.177025679498910904e-01
2.441406250000000051e-07	5.534452355549305397e-02	1.208245093002915382e-01	1.189131252467632294e-01
2.441406250000000051e-07	5.190098031034952319e-02	1.203085985034704208e-01	1.172335622832179070e-01
2.441406250000000051e-07	5.226540598499623824e-02	1.196570936590433121e-01	1.170041067525744438e-01
2.441406250000000051e-07	5.167379178389717997e-02	1.191318491473793983e-01	1.165307350456714630e-01
2.441406250000000051e-07	5.407899924660030527e-02	1.186791323125362396e-01	1.165508972480893135e-01
2.441406250000000051e-07	5.396938107058971840e-02	1.190067892894148827e-01	1.167419422417879105e-01
2.441406250000000051e-07	5.220067916037161165e-02	1.189556047320365906e-01	1.163079878315329552e-01
2.441406250000000051e-07	5.367935675231716441e-02	1.187922051176428795e-01	1.155974427238106728e-01
1.220703125000000025e-07	5.479800083403345984e-02	1.210441375151276588e-01	1.180211622267961502e-01
1.220703125000000025e-07	5.351705165414870347e-02	1.188120283186435699e-01	1.169468909502029419e-01
1.220703125000000025e-07	5.198578456345992471e-02	1.193168116733431816e-01	1.166319921612739563e-01
1.220703125000000025e-07	5.436045624598671855e-02	1.197033720090985298e-01	1.166704241186380386e-01
1.220703125000000025e-07	5.536259064757371312e-02	1.191687574610114098e-01	1.166043505072593689e-01
1.220703125000000025e-07	5.323296309083323102e-02	1.191475195810198784e-01	1.169966524466872215e-01
1.220703125000000025e-07	5.281322788965853166e-02	1.184068638831377029e-01	1.160565055906772614e-01
1.220703125000000025e-07	5.317609511976000708e-02	1.188868302851915359e-01	1.156438291072845459e-01
1.220703125000000025e-07	5.199040109409561877e-02	1.183293955400586128e-01	1.151770707219839096e-01
1.220703125000000025e-07	5.246096976761576575e-02	1.197774866595864296e-01	1.174258431419730186e-01
1.220703125000000025e-07	5.429143496329271595e-02	1.201176363974809647e-01	1.171793043613433838e-01
1.220703125000000025e-07	5.420635277523270373e-02	1.181378168985247612e-01	1.154779186472296715e-01
1.220703125000000025e-07	5.230571291869199474e-02	1.194142503663897514e-01	1.159073887392878532e-01
1.220703125000000025e-07	5.407602094774004858e-02	1.185076041147112846e-01	1.151541387662291527e-01
1.220703125000000025e-07	5.380975058938883282e-02	1.186651848256587982e-01	1.160174477845430374e-01
1.220703125000000025e-07	5.442937289046335947e-02	1.197469281032681465e-01	1.166413780301809311e-01
1.220703125000000025e-07	5.279448043696487874e-02	1.201996449381113052e-01	1.175425238907337189e-01
1.220703125000000025e-07	5.326552363702013321e-02	1.188500234857201576e-01	1.165344025939702988e-01
1.220703125000000025e-07	5.187244123861759620e-02	1.184804756194353104e-01	1.154889520257711411e-01
1.220703125000000025e-07	5.465600733892827384e-02	1.198903331533074379e-01	1.161723583936691284e-01
1.220703125000000025e-07	5.426891930872881215e-02	1.183097586035728455e-01	1.165830669924616814e-01
6.103515625000000127e-08	5.358650681527354909e-02	1.189443245530128479e-01	1.157653070986270905e-01
6.103515625000000127e-08	5.490166783521446825e-02	1.193890571594238281e-01	1.166512146592140198e-01
6.103515625000000127e-08	5.252190646302851151e-02	1.188388420268893242e-01	1.165437418967485428e-01
6.103515625000000127e-08	5.490371683918977147e-02	1.200887430459260941e-01	1.168315401300787926e-01
6.103515625000000127e-08	5.203000951228262810e-02	1.184042589738965034e-01	1.156483320519328117e-01
6.103515625000000127e-08	5.480136675170705490e-02	1.187058640643954277e-01	1.157972905784845352e-01
6.103515625000000127e-08	5.435894528710389501e-02	1.195979854092001915e-01	1.164131565019488335e-01
6.103515625000000127e-08	5.277001320184031286e-02	1.191224288195371628e-01	1.170191774144768715e-01
6.103515625000000127e-08	5.492301058920123769e-02	1.186343319714069366e-01	1.160854250192642212e-01
6.103515625000000127e-08	5.393863153419917178e-02	1.192047027871012688e-01	1.158912079408764839e-01
6.103515625000000127e-08	5.352569607239734961e-02	1.191252917051315308e-01	1.165971402078866959e-01
6.103515625000000127e-08	5.311166881760464448e-02	1.183195756748318672e-01	1.160929137840867043e-01
6.103515625000000127e-08	5.347965657711029053e-02	1.190052544698119164e-01	1.165019003674387932e-01
6.103515625000000127e-08	5.450315174611308766e-02	1.196633363142609596e-01	1.172112170606851578e-01
6.103515625000000127e-08	5.367497331168077923e-02	1.202642284333705902e-01	1.174048995599150658e-01
6.103515625000000127e-08	5.219414933950086016e-02	1.190645452588796616e-01	1.166941486299037933e-01
6.103515625000000127e-08	5.480839576147779335e-02	1.182061983272433281e-01	1.157494280487298965e-01
6.103515625000000127e-08	5.578293608902375883e-02	1.213963525369763374e-01	1.181972119957208633e-01
6.103515625000000127e-08	5.361752249772035878e-02	1.197115564718842506e-01	1.164631899446249008e-01
6.103515625000000127e-08	5.204937569325483043e-02	1.184867564588785172e-01	1.161307953298091888e-01
6.103515625000000127e-08	5.303021473220632248e-02	1.189975617453455925e-01	1.153220683336257935e-01
3.051757812500000064e-08	5.465203844293763102e-02	1.180710457265377045e-01	1.156127331778407097e-01
3.051757812500000064e-08	5.373976407926293886e-02	1.185256289318203926e-01	1.152617903426289558e-01
3.051757812500000064e-08	5.531841521210308088e-02	1.188931893557310104e-01	1.159912897273898125e-01
3.051757812500000064e-08	5.401644256861903859e-02	1.187171591445803642e-01	1.164066884666681290e-01
3.051757812500000064e-08	5.097075132063672714e-02	1.189747909083962440e-01	1.166128413751721382e-01
3.051757812500000064e-08	5.309682678949984025e-02	1.188028864562511444e-01	1.159961139783263206e-01
3.051757812500000064e-08	5.270577891717983382e-02	1.183633962646126747e-01	1.161263436079025269e-01
3.051757812500000064e-08	5.499169626567937397e-02	1.194117795675992966e-01	1.164122112095355988e-01
3.051757812500000064e-08	5.221050784369058589e-02	1.199307208880782127e-01	1.168770007789134979e-01
3.051757812500000064e-08	5.400633934555174737e-02	1.183776259422302246e-01	1.161159994080662727e-01
3.051757812500000064e-08	5.381083860993385315e-02	1.193014970049262047e-01	1.165342833846807480e-01
3.051757812500000064e-08	5.433866763605347400e-02	1.198267070576548576e-01	1.166618997231125832e-01
3.051757812500000064e-08	5.477780169701274710e-02	1.185904741287231445e-01	1.159040508791804314e-01
3.051757812500000064e-08	5.234741042309169756e-02	1.191077269613742828e-01	1.168564716354012489e-01
3.051757812500000064e-08	5.345578279487694234e-02	1.180408233776688576e-01	1.158790234476327896e-01
3.051757812500000064e-08	5.228051156560076934e-02	1.194088300690054893e-01	1.160659454762935638e-01
3.051757812500000064e-08	5.228626355528831482e-02	1.200960120186209679e-01	1.171903125941753387e-01
3.051757812500000064e-08	5.368246548349344532e-02	1.201209770515561104e-01	1.164819756522774696e-01
3.051757812500000064e-08	5.401751743275907958e-02	1.184875229373574257e-01	1.164966458454728127e-01
3.051757812500000064e-08	5.461700647314892548e-02	1.210854183882474899e-01	1.183969480916857719e-01
3.051757812500000064e-08	5.217286255917971682e-02	1.199649572372436523e-01	1.163108423352241516e-01
1.525878906250000032e-08	5.282138104114351279e-02	1.190460994839668274e-01	1.163147808983922005e-01
1.525878906250000032e-08	5.295715037780471951e-02	1.185042988508939743e-01	1.166299795731902122e-01
1.525878906250000032e-08	5.472140051896059315e-02	1.197962798178195953e-01	1.169923124834895134e-01
1.525878906250000032e-08	5.363484514476377779e-02	1.197028141468763351e-01	1.166272424161434174e-01
1.525878906250000032e-08	5.599812988804865610e-02	1.208710325881838799e-01	1.181320473551750183e-01
1.525878906250000032e-08	5.292633024952079351e-02	1.191784422844648361e-01	1.160454750061035156e-01
1.525878906250000032e-08	5.240129580414747829e-02	1.185839427635073662e-01	1.163889961317181587e-01
1.525878906250000032e-08	5.481758671282212919e-02	1.195100080221891403e-01	1.167309451848268509e-01
1.525878906250000032e-08	5.406102443797678597e-02	1.189251588657498360e-01	1.164347315207123756e-01
1.525878906250000032e-08	5.389594942142691969e-02	1.189280990511178970e-01	1.157416859641671181e-01
1.525878906250000032e-08	5.399312423188475096e-02	1.190973687916994095e-01	1.165970768779516220e-01
1.525878906250000032e-08	5.590073985955382879e-02	1.226237518712878227e-01	1.193560715764760971e-01
1.525878906250000032e-08	5.346003122910668315e-02	1.188662713393568993e-01	1.163509618490934372e-01
1.525878906250000032e-08	5.518237242027174139e-02	1.219884483143687248e-01	1.183292632922530174e-01
1.525878906250000032e-08	5.410890483969374443e-02	1.182247698307037354e-01	1.157740605995059013e-01
1.525878906250000032e-08	5.265758629841140598e-02	1.195666305720806122e-01	1.169995339587330818e-01
1.525878906250000032e-08	5.369376834434799045e-02	1.180158294737339020e-01	1.153277009725570679e-01
1.525878906250000032e-08	5.320231583488138627e-02	1.187152517959475517e-01	1.165947113186120987e-01
1.525878906250000032e-08	5.318388361719589980e-02	1.189733650535345078e-01	1.163179548457264900e-01
1.525878906250000032e-08	5.271115724610377085e-02	1.184155624359846115e-01	1.157013736665248871e-01
1.525878906250000032e-08	5.332668399131750697e-02	1.187617564573884010e-01	1.156742852181196213e-01
1.525878906250000032e-08	5.329333274047586000e-02	1.194981625303626060e-01	1.171504184603691101e-01
1.525878906250000032e-08	5.374797725979285623e-02	1.193294925615191460e-01	1.165201785042881966e-01
1.525878906250000032e-08	5.487242218437073799e-02	1.196941155940294266e-01	1.166350180283188820e-01
1.525878906250000032e-08	5.274113074322290401e-02	1.198347881436347961e-01	1.169430362060666084e-01
1.525878906250000032e-08	5.479666708579546130e-02	1.202686941251158714e-01	1.177974166348576546e-01
1.525878906250000032e-08	5.350714271204381339e-02	1.189742479473352432e-01	1.158833578228950500e-01
1.525878906250000032e-08	5.368376240322861315e-02	1.188205508515238762e-01	1.161025818437337875e-01
1.525878906250000032e-08	5.368809010597724168e-02	1.189937321469187737e-01	1.164737418293952942e-01
1.525878906250000032e-08	5.201285761557047915e-02	1.186800207942724228e-01	1.159301549196243286e-01
1.525878906250000032e-08	5.314265233995039278e-02	1.195001434534788132e-01	1.172539331018924713e-01
1.525878906250000032e-08	5.290402698365948009e-02	1.190115995705127716e-01	1.159910913556814194e-01
1.525878906250000032e-08	5.425856026667583154e-02	1.190314730629324913e-01	1.157211018726229668e-01
1.525878906250000032e-08	5.232588437539112403e-02	1.190154235810041428e-01	1.158001013100147247e-01
1.525878906250000032e-08	5.370272615853743936e-02	1.191740548238158226e-01	1.162093849852681160e-01
