2.000000000000000042e-03	3.978940448429010845e-01	3.431046791374683380e-01	3.423210494220256805e-01
2.000000000000000042e-03	3.102443044698691144e-01	3.623777665197849274e-01	3.526463583111763000e-01
2.000000000000000042e-03	2.847524713489073545e-01	3.186544291675090790e-01	3.164305798709392548e-01
2.000000000000000042e-03	2.611904400813428451e-01	2.707941234111785889e-01	2.703002132475376129e-01
2.000000000000000042e-03	2.339331862292712283e-01	3.951127193868160248e-01	3.982115201652050018e-01
2.000000000000000042e-03	2.262231358621693833e-01	2.308279760181903839e-01	2.327440194785594940e-01
2.000000000000000042e-03	2.198120306564282644e-01	2.195725999772548676e-01	2.214393634349107742e-01
2.000000000000000042e-03	2.180988796149627984e-01	2.050869893282651901e-01	2.055576127022504807e-01
2.000000000000000042e-03	2.124775108657305789e-01	2.561660166829824448e-01	2.584029026329517365e-01
2.000000000000000042e-03	2.025583831569816584e-01	2.101130969822406769e-01	2.091236244887113571e-01
2.000000000000000042e-03	1.991497755427903693e-01	2.465461809188127518e-01	2.480674535036087036e-01
2.000000000000000042e-03	1.981200790857967076e-01	2.179319187998771667e-01	2.168924994766712189e-01
2.000000000000000042e-03	1.974944432702245567e-01	1.981195714324712753e-01	1.994209233671426773e-01
2.000000000000000042e-03	1.901216535251351869e-01	1.790819074958562851e-01	1.809004228562116623e-01
2.000000000000000042e-03	1.892866565834117887e-01	1.887252423912286758e-01	1.913517918437719345e-01
2.000000000000000042e-03	1.835400937478753602e-01	1.864046715199947357e-01	1.878185197710990906e-01
2.000000000000000042e-03	1.825138122975071830e-01	2.083770278841257095e-01	2.122778091579675674e-01
2.000000000000000042e-03	1.797529385436939242e-01	1.736866757273674011e-01	1.770017705857753754e-01
2.000000000000000042e-03	1.811180505194241452e-01	1.726699899882078171e-01	1.732592564076185226e-01
2.000000000000000042e-03	1.674850675501400876e-01	1.633374523371458054e-01	1.643344014883041382e-01
2.000000000000000042e-03	1.703743700739703548e-01	1.876801792532205582e-01	1.902692690491676331e-01
2.000000000000000042e-03	1.779053878935077659e-01	1.709544509649276733e-01	1.730192601680755615e-01
2.000000000000000042e-03	1.680077985872196200e-01	1.823797151446342468e-01	1.836706716567277908e-01
2.000000000000000042e-03	1.652391939600811599e-01	1.802561096847057343e-01	1.850507408380508423e-01
2.000000000000000042e-03	1.640345056222964060e-01	1.650966089218854904e-01	1.686210650950670242e-01
2.000000000000000042e-03	1.650049129996118691e-01	1.848800722509622574e-01	1.863185968250036240e-01
2.000000000000000042e-03	1.635643094778060913e-01	1.670750230550765991e-01	1.712287031114101410e-01
2.000000000000000042e-03	1.633088054913508780e-01	1.637960840016603470e-01	1.699273362755775452e-01
2.000000000000000042e-03	1.613376161342934823e-01	1.737541798502206802e-01	1.743840761482715607e-01
2.000000000000000042e-03	1.607319273148910821e-01	1.439441032707691193e-01	1.485317945480346680e-01
2.000000000000000042e-03	1.581683046644246915e-01	1.518166586756706238e-01	1.537646092474460602e-01
2.000000000000000042e-03	1.549647156196304609e-01	1.543700583279132843e-01	1.539915967732667923e-01
2.000000000000000042e-03	1.553208803451514020e-01	1.642341688275337219e-01	1.679350733757019043e-01
2.000000000000000042e-03	1.594556487059291539e-01	1.484650485217571259e-01	1.506156343966722488e-01
2.000000000000000042e-03	1.507325469504428861e-01	1.663863342255353928e-01	1.691079512238502502e-01
2.000000000000000042e-03	1.519552783309658928e-01	1.475775968283414841e-01	1.483686044812202454e-01
2.000000000000000042e-03	1.526981313017350128e-01	1.548987105488777161e-01	1.546294726431369781e-01
2.000000000000000042e-03	1.591849696787097923e-01	1.642760988324880600e-01	1.675760056823492050e-01
2.000000000000000042e-03	1.535784400339368083e-01	1.538718659430742264e-01	1.559743601828813553e-01
2.000000000000000042e-03	1.500256342601172521e-01	1.727318968623876572e-01	1.739639192819595337e-01
2.000000000000000042e-03	1.500267822153960595e-01	1.496626548469066620e-01	1.527211293578147888e-01
2.000000000000000042e-03	1.476582347214976387e-01	1.562906242907047272e-01	1.573747117072343826e-01
2.000000000000000042e-03	1.468261912276473125e-01	1.665703207254409790e-01	1.667531374841928482e-01
2.000000000000000042e-03	1.465791544959514914e-01	1.549781989306211472e-01	1.556932255625724792e-01
2.000000000000000042e-03	1.459220942062667559e-01	1.584345735609531403e-01	1.575623136013746262e-01
2.000000000000000042e-03	1.449725566596924420e-01	1.512743905186653137e-01	1.544929202646017075e-01
2.000000000000000042e-03	1.435527048910720527e-01	1.540527008473873138e-01	1.572761945426464081e-01
2.000000000000000042e-03	1.403360453587544077e-01	1.591580156236886978e-01	1.610512137413024902e-01
2.000000000000000042e-03	1.431035464511641875e-01	1.559889633208513260e-01	1.555792354047298431e-01
2.000000000000000042e-03	1.430814544422717161e-01	1.436174735426902771e-01	1.432285588234663010e-01
2.000000000000000042e-03	1.424621583162983818e-01	1.397763714194297791e-01	1.412268541753292084e-01
2.000000000000000042e-03	1.402097303844705434e-01	1.546796094626188278e-01	1.544800233095884323e-01
2.000000000000000042e-03	1.403752956775170257e-01	1.480006687343120575e-01	1.487629525363445282e-01
2.000000000000000042e-03	1.379218274090863450e-01	1.358039919286966324e-01	1.387749295681715012e-01
2.000000000000000042e-03	1.377845865827572458e-01	1.391575671732425690e-01	1.434531621634960175e-01
2.000000000000000042e-03	1.404546486048758869e-01	1.561228632926940918e-01	1.569999959319829941e-01
2.000000000000000042e-03	1.396291825590254276e-01	1.530651170760393143e-01	1.563262362033128738e-01
2.000000000000000042e-03	1.364381803741938071e-01	1.396051011979579926e-01	1.404792126268148422e-01
2.000000000000000042e-03	1.366509029382391716e-01	1.470363587141036987e-01	1.480171997100114822e-01
2.000000000000000042e-03	1.354601607669757846e-01	1.681550890207290649e-01	1.666736453771591187e-01
2.000000000000000042e-03	1.367009386797494452e-01	1.410677172243595123e-01	1.414524875581264496e-01
2.000000000000000042e-03	1.356042125557042344e-01	1.407552044838666916e-01	1.425206903368234634e-01
2.000000000000000042e-03	1.293131974113138349e-01	1.367661263793706894e-01	1.381186656653881073e-01
2.000000000000000042e-03	1.364594989373714151e-01	1.450249850749969482e-01	1.487196255475282669e-01
2.000000000000000042e-03	1.356014648004423284e-01	1.420279145240783691e-01	1.415009275078773499e-01
2.000000000000000042e-03	1.312808077546614716e-01	1.464635897427797318e-01	1.500223856419324875e-01
2.000000000000000042e-03	1.339210651909248651e-01	1.419443842023611069e-01	1.423608548939228058e-01
2.000000000000000042e-03	1.297683586614041262e-01	1.404309943318367004e-01	1.425252854824066162e-01
2.000000000000000042e-03	1.293890809145154808e-01	1.423999909311532974e-01	1.431900933384895325e-01
2.000000000000000042e-03	1.289516204520116949e-01	1.403362043201923370e-01	1.394460257142782211e-01
2.000000000000000042e-03	1.303567568523974485e-01	1.468702368438243866e-01	1.465428806841373444e-01
2.000000000000000042e-03	1.265662827446490946e-01	1.353046428412199020e-01	1.368737332522869110e-01
2.000000000000000042e-03	1.274629680416252131e-01	1.436400935053825378e-01	1.461509857326745987e-01
2.000000000000000042e-03	1.241224910828131606e-01	1.336331367492675781e-01	1.361815202981233597e-01
2.000000000000000042e-03	1.278219972796078019e-01	1.420876532793045044e-01	1.416505575180053711e-01
2.000000000000000042e-03	1.235858214241039865e-01	1.329925376921892166e-01	1.356239197775721550e-01
2.000000000000000042e-03	1.212215570709373330e-01	1.325498577207326889e-01	1.359588131308555603e-01
2.000000000000000042e-03	1.244622987659671637e-01	1.475171353667974472e-01	1.490375418215990067e-01
2.000000000000000042e-03	1.245910528151294855e-01	1.474337037652730942e-01	1.484468448907136917e-01
2.000000000000000042e-03	1.226905437209938193e-01	1.320579024031758308e-01	1.322190836071968079e-01
2.000000000000000042e-03	1.234258337865901944e-01	1.375206243246793747e-01	1.387344859540462494e-01
2.000000000000000042e-03	1.196442239835292520e-01	1.340801287442445755e-01	1.353965308517217636e-01
2.000000000000000042e-03	1.218320835806146474e-01	1.477882023900747299e-01	1.482924241572618484e-01
2.000000000000000042e-03	1.186029001881804684e-01	1.390768289566040039e-01	1.366186840459704399e-01
2.000000000000000042e-03	1.195680957429016700e-01	1.430643461644649506e-01	1.424543634057044983e-01
2.000000000000000042e-03	1.163087857863571023e-01	1.443018745630979538e-01	1.465557329356670380e-01
2.000000000000000042e-03	1.221446941925000557e-01	1.424374189227819443e-01	1.417883876711130142e-01
2.000000000000000042e-03	1.259434315599972654e-01	1.363106602802872658e-01	1.382855530828237534e-01
2.000000000000000042e-03	1.179290668496602718e-01	1.461743023246526718e-01	1.491648089140653610e-01
2.000000000000000042e-03	1.194456460166581080e-01	1.348684104159474373e-01	1.352629233151674271e-01
2.000000000000000042e-03	1.155375924102867713e-01	1.330521833151578903e-01	1.333333794027566910e-01
2.000000000000000042e-03	1.175966933369636536e-01	1.380575075745582581e-01	1.376297548413276672e-01
2.000000000000000042e-03	1.160783598883242534e-01	1.371907778084278107e-01	1.368417022749781609e-01
2.000000000000000042e-03	1.130043430418907896e-01	1.331310085952281952e-01	1.331248814240098000e-01
2.000000000000000042e-03	1.125715985139714020e-01	1.363336704671382904e-01	1.361939366906881332e-01
2.000000000000000042e-03	1.133644241320936052e-01	1.341792009770870209e-01	1.354356426745653152e-01
2.000000000000000042e-03	1.124811400718326859e-01	1.372036393731832504e-01	1.361462119966745377e-01
2.000000000000000042e-03	1.112101504319830819e-01	1.352916061878204346e-01	1.364208180457353592e-01
2.000000000000000042e-03	1.091741724293443239e-01	1.349010467529296875e-01	1.355984909459948540e-01
2.000000000000000042e-03	1.118953931557981341e-01	1.356875067576766014e-01	1.367656160145998001e-01
2.000000000000000042e-03	1.112980341798142508e-01	1.350431190803647041e-01	1.342949690297245979e-01
1.000000000000000021e-03	9.924647730739810658e-02	1.279450329020619392e-01	1.282631997019052505e-01
1.000000000000000021e-03	9.677849474209773706e-02	1.258058520033955574e-01	1.250819498673081398e-01
1.000000000000000021e-03	9.521898891352399696e-02	1.266491077840328217e-01	1.252053137868642807e-01
1.000000000000000021e-03	9.516694726823252126e-02	1.259806882590055466e-01	1.275981217622756958e-01
1.000000000000000021e-03	9.721015308853946102e-02	1.238200152292847633e-01	1.240537315607070923e-01
1.000000000000000021e-03	9.781271983173829565e-02	1.268227156251668930e-01	1.266168616712093353e-01
1.000000000000000021e-03	9.601270379144934142e-02	1.212269095703959465e-01	1.218889253214001656e-01
1.000000000000000021e-03	9.230832085956501565e-02	1.238334737718105316e-01	1.219430575147271156e-01
1.000000000000000021e-03	9.519806004400495347e-02	1.277955500409007072e-01	1.278312588110566139e-01
1.000000000000000021e-03	9.282813985136491308e-02	1.215073456987738609e-01	1.212427485734224319e-01
1.000000000000000021e-03	9.176943366286120785e-02	1.280748154968023300e-01	1.283028526231646538e-01
1.000000000000000021e-03	9.313185060326056863e-02	1.286089504137635231e-01	1.272901603952050209e-01
1.000000000000000021e-03	9.364697007061559275e-02	1.275004530325531960e-01	1.259803278371691704e-01
1.000000000000000021e-03	9.073637463623963895e-02	1.255701258778572083e-01	1.230439217761158943e-01
1.000000000000000021e-03	9.106335392858408428e-02	1.257490850985050201e-01	1.251055793836712837e-01
1.000000000000000021e-03	9.134311408181733372e-02	1.275497227907180786e-01	1.271640183404088020e-01
1.000000000000000021e-03	8.779415686296511423e-02	1.248369626700878143e-01	1.236699847504496574e-01
1.000000000000000021e-03	9.023520539078531966e-02	1.264283386990427971e-01	1.266963826492428780e-01
1.000000000000000021e-03	8.953511922419825353e-02	1.305792592465877533e-01	1.265389146283268929e-01
1.000000000000000021e-03	8.759427042324331725e-02	1.254564542323350906e-01	1.236623665317893028e-01
1.000000000000000021e-03	8.825800068016294297e-02	1.278101159259676933e-01	1.271286560222506523e-01
1.000000000000000021e-03	8.579300730666027108e-02	1.252071382477879524e-01	1.231615776196122169e-01
1.000000000000000021e-03	8.997272181360027599e-02	1.258438667282462120e-01	1.254519987851381302e-01
1.000000000000000021e-03	8.599226223894312904e-02	1.266994886100292206e-01	1.265421956777572632e-01
1.000000000000000021e-03	8.504956809780266080e-02	1.243455233052372932e-01	1.236430788412690163e-01
1.000000000000000021e-03	8.580066442866868259e-02	1.282172109931707382e-01	1.269971802830696106e-01
1.000000000000000021e-03	8.429227392130260454e-02	1.342579610645771027e-01	1.342734992504119873e-01
1.000000000000000021e-03	8.382245181482049501e-02	1.237069126218557358e-01	1.235251920297741890e-01
5.000000000000000104e-04	7.787900936754443837e-02	1.202121060341596603e-01	1.191329257562756538e-01
5.000000000000000104e-04	7.933633133203168986e-02	1.216495595872402191e-01	1.195078436285257339e-01
5.000000000000000104e-04	7.605596509160875152e-02	1.221901271492242813e-01	1.217427924275398254e-01
5.000000000000000104e-04	7.514808558021919549e-02	1.201141467317938805e-01	1.189714046195149422e-01
5.000000000000000104e-04	7.663131967375549913e-02	1.192789841443300247e-01	1.179260415956377983e-01
5.000000000000000104e-04	7.290158222747754324e-02	1.230866061523556709e-01	1.216482454910874367e-01
5.000000000000000104e-04	7.589122360642952536e-02	1.200482062995433807e-01	1.177875809371471405e-01
5.000000000000000104e-04	7.610639642122425663e-02	1.214581131935119629e-01	1.201237961649894714e-01
5.000000000000000104e-04	7.374490995573092234e-02	1.197250206023454666e-01	1.180540472269058228e-01
5.000000000000000104e-04	7.461193354823920931e-02	1.231618197634816170e-01	1.204634737223386765e-01
5.000000000000000104e-04	7.290428999481321504e-02	1.200903858989477158e-01	1.187534723430871964e-01
5.000000000000000104e-04	7.261218946379950634e-02	1.222134362906217575e-01	1.210468364879488945e-01
5.000000000000000104e-04	7.356663765032080138e-02	1.223333487287163734e-01	1.195290135219693184e-01
5.000000000000000104e-04	7.229608198321318957e-02	1.197526436299085617e-01	1.191153964027762413e-01
5.000000000000000104e-04	7.136332059774218306e-02	1.226812228560447693e-01	1.199354520067572594e-01
5.000000000000000104e-04	7.204776997619037615e-02	1.199496146291494370e-01	1.182500189170241356e-01
5.000000000000000104e-04	7.198667271605020679e-02	1.199587155133485794e-01	1.186244627460837364e-01
5.000000000000000104e-04	7.199829826249351528e-02	1.263890154659748077e-01	1.239674296230077744e-01
5.000000000000000104e-04	7.485187633693972387e-02	1.231219591572880745e-01	1.189607204869389534e-01
5.000000000000000104e-04	7.193474155626719546e-02	1.214575227349996567e-01	1.190196229144930840e-01
5.000000000000000104e-04	7.144072953658768543e-02	1.213943958282470703e-01	1.195856761187314987e-01
5.000000000000000104e-04	7.061950598336473595e-02	1.224925974383950233e-01	1.200843695551156998e-01
5.000000000000000104e-04	7.162339221450346460e-02	1.216648826375603676e-01	1.206634240224957466e-01
5.000000000000000104e-04	7.077191977561274328e-02	1.212945235893130302e-01	1.192430248484015465e-01
5.000000000000000104e-04	7.103589728851861240e-02	1.256836466491222382e-01	1.246122112497687340e-01
5.000000000000000104e-04	6.933733306919472039e-02	1.208488699048757553e-01	1.192631712183356285e-01
2.500000000000000052e-04	6.629812165717535732e-02	1.192370550706982613e-01	1.176869720220565796e-01
2.500000000000000052e-04	6.775680745515642867e-02	1.199782388284802437e-01	1.186241721734404564e-01
2.500000000000000052e-04	6.523763628888733235e-02	1.200075494125485420e-01	1.169444220140576363e-01
2.500000000000000052e-04	6.566878776007060992e-02	1.224227277562022209e-01	1.191305182874202728e-01
2.500000000000000052e-04	6.653727091188672838e-02	1.198480436578392982e-01	1.169288279488682747e-01
2.500000000000000052e-04	6.385613595948944066e-02	1.192117920145392418e-01	1.157994214445352554e-01
2.500000000000000052e-04	6.343161418468137858e-02	1.203861879184842110e-01	1.172914644703269005e-01
2.500000000000000052e-04	6.462292740993862139e-02	1.226494181901216507e-01	1.199810719117522240e-01
2.500000000000000052e-04	6.481132090468949558e-02	1.192468134686350822e-01	1.166135706007480621e-01
2.500000000000000052e-04	6.377258151769638062e-02	1.204857220873236656e-01	1.173169771209359169e-01
2.500000000000000052e-04	6.314683979070639941e-02	1.197426719591021538e-01	1.175991324707865715e-01
2.500000000000000052e-04	6.377201956472819400e-02	1.196491904556751251e-01	1.172861726954579353e-01
2.500000000000000052e-04	6.441326396940630361e-02	1.220138315111398697e-01	1.194027690216898918e-01
2.500000000000000052e-04	6.272357093948352502e-02	1.200093915686011314e-01	1.175963170826435089e-01
2.500000000000000052e-04	6.422364989979358063e-02	1.272439304739236832e-01	1.238980544731020927e-01
2.500000000000000052e-04	6.412027927139136996e-02	1.201451038941740990e-01	1.172860180959105492e-01
2.500000000000000052e-04	6.249896927347665943e-02	1.194533295929431915e-01	1.163431582972407341e-01
2.500000000000000052e-04	6.337104393522950685e-02	1.213771486654877663e-01	1.191780883818864822e-01
2.500000000000000052e-04	6.282528819917124197e-02	1.209748759865760803e-01	1.185010196641087532e-01
2.500000000000000052e-04	6.385859007699580536e-02	1.219729753211140633e-01	1.190050076693296432e-01
2.500000000000000052e-04	6.122416602093962157e-02	1.203795392066240311e-01	1.179952519014477730e-01
2.500000000000000052e-04	6.310422506324853131e-02	1.211159732192754745e-01	1.182293007150292397e-01
2.500000000000000052e-04	6.344039625004876948e-02	1.206371318548917770e-01	1.167029021307826042e-01
2.500000000000000052e-04	6.158212308264986168e-02	1.208026977255940437e-01	1.169961690902709961e-01
2.500000000000000052e-04	6.304925232182574668e-02	1.220631357282400131e-01	1.201291922479867935e-01
2.500000000000000052e-04	6.305123342177536283e-02	1.225247476249933243e-01	1.197421913966536522e-01
2.500000000000000052e-04	6.185187814356405550e-02	1.207490935921669006e-01	1.183579694479703903e-01
1.250000000000000026e-04	5.969719098338598096e-02	1.195728499442338943e-01	1.171983275562524796e-01
1.250000000000000026e-04	6.064511208405977405e-02	1.203816859051585197e-01	1.166809834539890289e-01
1.250000000000000026e-04	5.953453778277469771e-02	1.203997042030096054e-01	1.180744655430316925e-01
1.250000000000000026e-04	5.883755968718588913e-02	1.206997046247124672e-01	1.178790256381034851e-01
1.250000000000000026e-04	5.871089821374868983e-02	1.207736367359757423e-01	1.176543785259127617e-01
1.250000000000000026e-04	6.081310329557974154e-02	1.196667440235614777e-01	1.171873928979039192e-01
1.250000000000000026e-04	5.855369369817685354e-02	1.201155642047524452e-01	1.171353273093700409e-01
1.250000000000000026e-04	5.841501014707963652e-02	1.200780868530273438e-01	1.169154960662126541e-01
1.250000000000000026e-04	5.802724359533454473e-02	1.197461616247892380e-01	1.177027858793735504e-01
1.250000000000000026e-04	6.023675514550148880e-02	1.205655699595808983e-01	1.177570084109902382e-01
1.250000000000000026e-04	5.960539393598520558e-02	1.211787415668368340e-01	1.179850790649652481e-01
1.250000000000000026e-04	5.955960577990435101e-02	1.201404184103012085e-01	1.169107500463724136e-01
1.250000000000000026e-04	5.608177038876316356e-02	1.222732476890087128e-01	1.192088676616549492e-01
1.250000000000000026e-04	6.021530185885066999e-02	1.214364813640713692e-01	1.180195156484842300e-01
1.250000000000000026e-04	5.888050846472571431e-02	1.212469879537820816e-01	1.181115293875336647e-01
1.250000000000000026e-04	5.951260930941074806e-02	1.220785425975918770e-01	1.193491900339722633e-01
1.250000000000000026e-04	5.959069436486763571e-02	1.216646246612071991e-01	1.186045277863740921e-01
1.250000000000000026e-04	5.726866909786115789e-02	1.208747411146759987e-01	1.176606416702270508e-01
1.250000000000000026e-04	5.735814906185186107e-02	1.218210747465491295e-01	1.187950437888503075e-01
1.250000000000000026e-04	5.750025266522093559e-02	1.210224870592355728e-01	1.173969982191920280e-01
1.250000000000000026e-04	5.848645664091351587e-02	1.196043593809008598e-01	1.170925088226795197e-01
6.250000000000000130e-05	5.785859545952157235e-02	1.209952859207987785e-01	1.181902820244431496e-01
6.250000000000000130e-05	5.785009481861621422e-02	1.196872955188155174e-01	1.167737869545817375e-01
6.250000000000000130e-05	5.644674005010460321e-02	1.220216797664761543e-01	1.194399129599332809e-01
6.250000000000000130e-05	5.770086294299439644e-02	1.197691103443503380e-01	1.165975909680128098e-01
6.250000000000000130e-05	5.777613455547562366e-02	1.199747947975993156e-01	1.166422795504331589e-01
6.250000000000000130e-05	5.599932311267792617e-02	1.209721779450774193e-01	1.174301868304610252e-01
6.250000000000000130e-05	5.471965463101109706e-02	1.214582044631242752e-01	1.187601415440440178e-01
6.250000000000000130e-05	5.692237073296232963e-02	1.205450026318430901e-01	1.170100811868906021e-01
6.250000000000000130e-05	5.688679472932332837e-02	1.217875350266695023e-01	1.188713051378726959e-01
6.250000000000000130e-05	5.756167784521851183e-02	1.219599423930048943e-01	1.184398774057626724e-01
6.250000000000000130e-05	5.652299193264562899e-02	1.199172679334878922e-01	1.164802145212888718e-01
6.250000000000000130e-05	5.943199728108659874e-02	1.214454667642712593e-01	1.186058446764945984e-01
6.250000000000000130e-05	5.795419338760497002e-02	1.209424315020442009e-01	1.175212375819683075e-01
6.250000000000000130e-05	5.675492775213869523e-02	1.212439909577369690e-01	1.183010768145322800e-01
6.250000000000000130e-05	5.587578711064555836e-02	1.202310211956501007e-01	1.166938561946153641e-01
6.250000000000000130e-05	5.613621753416483950e-02	1.195568507537245750e-01	1.163078956305980682e-01
6.250000000000000130e-05	5.630700450532043905e-02	1.207483205944299698e-01	1.167933521792292595e-01
6.250000000000000130e-05	5.714319853843012609e-02	1.208502044901251793e-01	1.171735553070902824e-01
6.250000000000000130e-05	5.539176655532438570e-02	1.213973471894860268e-01	1.172307971864938736e-01
6.250000000000000130e-05	5.562619742336152168e-02	1.207178784534335136e-01	1.166467061266303062e-01
6.250000000000000130e-05	5.580839726932441264e-02	1.200930308550596237e-01	1.167737022042274475e-01
3.125000000000000065e-05	5.507220002480699844e-02	1.215644143521785736e-01	1.178221926093101501e-01
3.125000000000000065e-05	5.641214530679244249e-02	1.206921739503741264e-01	1.169951716437935829e-01
3.125000000000000065e-05	5.418876270893253910e-02	1.206316305324435234e-01	1.169180562719702721e-01
3.125000000000000065e-05	5.516006538196455145e-02	1.213136063888669014e-01	1.180408652871847153e-01
3.125000000000000065e-05	5.446802037237565702e-02	1.207965323701500893e-01	1.170845618471503258e-01
3.125000000000000065e-05	5.539630306295201950e-02	1.203897697851061821e-01	1.170482886955142021e-01
3.125000000000000065e-05	5.583026189404197842e-02	1.208505332469940186e-01	1.168368738144636154e-01
3.125000000000000065e-05	5.434919346736956369e-02	1.199139747768640518e-01	1.163461050018668175e-01
3.125000000000000065e-05	5.480022502096393300e-02	1.202565394341945648e-01	1.166433449834585190e-01
3.125000000000000065e-05	5.528078039612951272e-02	1.220184154808521271e-01	1.177576947957277298e-01
3.125000000000000065e-05	5.556747039096265189e-02	1.213705120608210564e-01	1.177259888499975204e-01
3.125000000000000065e-05	5.524175401918495626e-02	1.216653538867831230e-01	1.182125378400087357e-01
3.125000000000000065e-05	5.324230809943585746e-02	1.204031314700841904e-01	1.169114746153354645e-01
3.125000000000000065e-05	5.501106258811829658e-02	1.205362351611256599e-01	1.169114001095294952e-01
3.125000000000000065e-05	5.480591212458248151e-02	1.206117086112499237e-01	1.179626360535621643e-01
3.125000000000000065e-05	5.456961818699595373e-02	1.215378232300281525e-01	1.179565805941820145e-01
3.125000000000000065e-05	5.584454196917859603e-02	1.202302472665905952e-01	1.166383344680070877e-01
3.125000000000000065e-05	5.405598963740505802e-02	1.207377389073371887e-01	1.168557275086641312e-01
3.125000000000000065e-05	5.511062714872481255e-02	1.226644460111856461e-01	1.191178848966956139e-01
3.125000000000000065e-05	5.433276545586464973e-02	1.202727099880576134e-01	1.169752618297934532e-01
3.125000000000000065e-05	5.708916546611846055e-02	1.250660400837659836e-01	1.212343024089932442e-01
1.562500000000000033e-05	5.651722782397571726e-02	1.210506921634078026e-01	1.168050169944763184e-01
1.562500000000000033e-05	5.551432266454153081e-02	1.200328161939978600e-01	1.168478727340698242e-01
1.562500000000000033e-05	5.529393661248532821e-02	1.214878456667065620e-01	1.179638095200061798e-01
1.562500000000000033e-05	5.403113016222096943e-02	1.201856089755892754e-01	1.169566595926880836e-01
1.562500000000000033e-05	5.433431446929521541e-02	1.211204370483756065e-01	1.177589884027838707e-01
1.562500000000000033e-05	5.341463800095304360e-02	1.206685258075594902e-01	1.164733786135911942e-01
1.562500000000000033e-05	5.417570160536826218e-02	1.205715686082839966e-01	1.168646281585097313e-01
1.562500000000000033e-05	5.582975629198400069e-02	1.216623112559318542e-01	1.180978324264287949e-01
1.562500000000000033e-05	5.385170193224013413e-02	1.208445476368069649e-01	1.166487475857138634e-01
1.562500000000000033e-05	5.532591893703122515e-02	1.211135918274521828e-01	1.177090993151068687e-01
1.562500000000000033e-05	5.485716924259934069e-02	1.214192230254411697e-01	1.172893932089209557e-01
1.562500000000000033e-05	5.469581989359251911e-02	1.216298164799809456e-01	1.181453149765729904e-01
1.562500000000000033e-05	5.759073737301403928e-02	1.229113424196839333e-01	1.191107193008065224e-01
1.562500000000000033e-05	5.446131631166119952e-02	1.206422010436654091e-01	1.175419175997376442e-01
1.562500000000000033e-05	5.396964410437813525e-02	1.207853015512228012e-01	1.178416972979903221e-01
1.562500000000000033e-05	5.558765127877645512e-02	1.211610557511448860e-01	1.176004586741328239e-01
1.562500000000000033e-05	5.459428767237482077e-02	1.241509951651096344e-01	1.201773835346102715e-01
1.562500000000000033e-05	5.397741939825347751e-02	1.211218498647212982e-01	1.174045540392398834e-01
1.562500000000000033e-05	5.476898643412167478e-02	1.202457118779420853e-01	1.166526228189468384e-01
1.562500000000000033e-05	5.656812467341181677e-02	1.201653676107525826e-01	1.167554361745715141e-01
1.562500000000000033e-05	5.431298562620259784e-02	1.224083248525857925e-01	1.184490974992513657e-01
7.812500000000000163e-06	5.343077096003520654e-02	1.217248383909463882e-01	1.180834034457802773e-01
7.812500000000000163e-06	5.499555873154084867e-02	1.210122955963015556e-01	1.171708907932043076e-01
7.812500000000000163e-06	5.422574027052408374e-02	1.198861412703990936e-01	1.163216577842831612e-01
7.812500000000000163e-06	5.445759078558487509e-02	1.226235982030630112e-01	1.184552563354372978e-01
7.812500000000000163e-06	5.532838102382949680e-02	1.204536454752087593e-01	1.175112947821617126e-01
7.812500000000000163e-06	5.395379742678207968e-02	1.215628795325756073e-01	1.175753399729728699e-01
7.812500000000000163e-06	5.395860290980037527e-02	1.200499217957258224e-01	1.163421534001827240e-01
7.812500000000000163e-06	5.363396757954283500e-02	1.209021313115954399e-01	1.171149676665663719e-01
7.812500000000000163e-06	5.587548955897741337e-02	1.211410183459520340e-01	1.172566562891006470e-01
7.812500000000000163e-06	5.439319173935093510e-02	1.215090323239564896e-01	1.179274460300803185e-01
7.812500000000000163e-06	5.501772713246224494e-02	1.203539501875638962e-01	1.167204482480883598e-01
7.812500000000000163e-06	5.626063826906529952e-02	1.208538478240370750e-01	1.174260703846812248e-01
7.812500000000000163e-06	5.582041246227071457e-02	1.208971971645951271e-01	1.169495685026049614e-01
7.812500000000000163e-06	5.414064770823792672e-02	1.203986108303070068e-01	1.170717878267168999e-01
7.812500000000000163e-06	5.407567289245279740e-02	1.215817239135503769e-01	1.177971577271819115e-01
7.812500000000000163e-06	5.391900283814985567e-02	1.200930234044790268e-01	1.167004648596048355e-01
7.812500000000000163e-06	5.338400927714154892e-02	1.214176183566451073e-01	1.174701815471053123e-01
7.812500000000000163e-06	5.728469133565697313e-02	1.217491449788212776e-01	1.185457929968833923e-01
7.812500000000000163e-06	5.390004356262050045e-02	1.215429939329624176e-01	1.175484973937273026e-01
7.812500000000000163e-06	5.529174651903442234e-02	1.214569211006164551e-01	1.179746743291616440e-01
7.812500000000000163e-06	5.576235037061232774e-02	1.205179942771792412e-01	1.171009410172700882e-01
3.906250000000000081e-06	5.421166051226326138e-02	1.217310130596160889e-01	1.180668352171778679e-01
3.906250000000000081e-06	5.335939288893832427e-02	1.200405145063996315e-01	1.169132571667432785e-01
3.906250000000000081e-06	5.634034839989263826e-02	1.220448883250355721e-01	1.181483687832951546e-01
3.906250000000000081e-06	5.268807478154761970e-02	1.218524901196360588e-01	1.171242073178291321e-01
3.906250000000000081e-06	5.496965858000743554e-02	1.202686401084065437e-01	1.168978456407785416e-01
3.906250000000000081e-06	5.324433875989310200e-02	1.207626145333051682e-01	1.163977533578872681e-01
3.906250000000000081e-06	5.629776375769059843e-02	1.242559319362044334e-01	1.202445738017559052e-01
3.906250000000000081e-06	5.421527121451836378e-02	1.221315758302807808e-01	1.186555596068501472e-01
3.906250000000000081e-06	5.531841648530356342e-02	1.226338669657707214e-01	1.191093856468796730e-01
3.906250000000000081e-06	5.386780678660054583e-02	1.224088110029697418e-01	1.181135913357138634e-01
3.906250000000000081e-06	5.587526806924916767e-02	1.207169815897941589e-01	1.171872997656464577e-01
3.906250000000000081e-06	5.525226546805116212e-02	1.227647010236978531e-01	1.188578056171536446e-01
3.906250000000000081e-06	5.578377508098566334e-02	1.232086187228560448e-01	1.201352411881089211e-01
3.906250000000000081e-06	5.345602856972549860e-02	1.209333902224898338e-01	1.178266927599906921e-01
3.906250000000000081e-06	5.302769945392125928e-02	1.202952889725565910e-01	1.162890223786234856e-01
3.906250000000000081e-06	5.483034809556188577e-02	1.215864922851324081e-01	1.174431322142481804e-01
3.906250000000000081e-06	5.266905608999578048e-02	1.207186281681060791e-01	1.174159431830048561e-01
3.906250000000000081e-06	5.293901891836637341e-02	1.206432534381747246e-01	1.170625118538737297e-01
3.906250000000000081e-06	5.515321999599662184e-02	1.244491692632436752e-01	1.205960586667060852e-01
3.906250000000000081e-06	5.383641447258900870e-02	1.205614544451236725e-01	1.167837828397750854e-01
3.906250000000000081e-06	5.331414942688579572e-02	1.203313078731298447e-01	1.166329355910420418e-01
1.953125000000000041e-06	5.338397560806214248e-02	1.209027925506234169e-01	1.175054768100380898e-01
1.953125000000000041e-06	5.306607687586470390e-02	1.211807886138558388e-01	1.176403407007455826e-01
1.953125000000000041e-06	5.373290171728858228e-02	1.217192718759179115e-01	1.172537030652165413e-01
1.953125000000000041e-06	5.434602536732637684e-02	1.205981159582734108e-01	1.169374380260705948e-01
1.953125000000000041e-06	5.325882363168499278e-02	1.215162100270390511e-01	1.176082715392112732e-01
1.953125000000000041e-06	5.491100129070160957e-02	1.222557965666055679e-01	1.189675098285079002e-01
1.953125000000000041e-06	5.362415988045402676e-02	1.214826554059982300e-01	1.178342141211032867e-01
1.953125000000000041e-06	5.453486382206784028e-02	1.201343601569533348e-01	1.166419927030801773e-01
1.953125000000000041e-06	5.425076615772669864e-02	1.204423224553465843e-01	1.165532674640417099e-01
1.953125000000000041e-06	5.556742738507970680e-02	1.221068156883120537e-01	1.179006509482860565e-01
1.953125000000000041e-06	5.400409672079207329e-02	1.217151014134287834e-01	1.175871174782514572e-01
1.953125000000000041e-06	5.300271303593358241e-02	1.209898637607693672e-01	1.163821900263428688e-01
1.953125000000000041e-06	5.058523649467697864e-02	1.209219982847571373e-01	1.171278636902570724e-01
1.953125000000000041e-06	5.427815689693523543e-02	1.220888700336217880e-01	1.178012704476714134e-01
1.953125000000000041e-06	5.178656796865825640e-02	1.202919064089655876e-01	1.170556480064988136e-01
1.953125000000000041e-06	5.407876332726659768e-02	1.207668678835034370e-01	1.164896450936794281e-01
1.953125000000000041e-06	5.459433562959296882e-02	1.216614870354533195e-01	1.180982803925871849e-01
1.953125000000000041e-06	5.440576619739773828e-02	1.219991445541381836e-01	1.187154781073331833e-01
1.953125000000000041e-06	5.342672175810306984e-02	1.239061709493398666e-01	1.202790420502424240e-01
1.953125000000000041e-06	5.509791476062581711e-02	1.201945887878537178e-01	1.168558960780501366e-01
1.953125000000000041e-06	5.361453750276867075e-02	1.205763090401887894e-01	1.174574876204133034e-01
9.765625000000000203e-07	5.398223912225493665e-02	1.211873907595872879e-01	1.175537984818220139e-01
9.765625000000000203e-07	5.537057493495035898e-02	1.218973239883780479e-01	1.182122286409139633e-01
9.765625000000000203e-07	5.423127213799500829e-02	1.215603984892368317e-01	1.178368534892797470e-01
9.765625000000000203e-07	5.520629019865506970e-02	1.216843575239181519e-01	1.180068124085664749e-01
9.765625000000000203e-07	5.405826932644542532e-02	1.206237738952040672e-01	1.172090126201510429e-01
9.765625000000000203e-07	5.424494324605676210e-02	1.201375676319003105e-01	1.162915444001555443e-01
9.765625000000000203e-07	5.427254547801198953e-02	1.204725792631506920e-01	1.170774428173899651e-01
9.765625000000000203e-07	5.308885419670539285e-02	1.205001510679721832e-01	1.169439665973186493e-01
9.765625000000000203e-07	5.583652820956858109e-02	1.220191651955246925e-01	1.183224301785230637e-01
9.765625000000000203e-07	5.422063294468047051e-02	1.212188443168997765e-01	1.164981052279472351e-01
9.765625000000000203e-07	5.537432696245893349e-02	1.211360208690166473e-01	1.174750206992030144e-01
9.765625000000000203e-07	5.325213833888874787e-02	1.208137050271034241e-01	1.165654445067048073e-01
9.765625000000000203e-07	5.477474667603456776e-02	1.222996069118380547e-01	1.189022883772850037e-01
9.765625000000000203e-07	5.474612031933627498e-02	1.209466448053717613e-01	1.171991862356662750e-01
9.765625000000000203e-07	5.440583938284765386e-02	1.215535029768943787e-01	1.180321741849184036e-01
9.765625000000000203e-07	5.294172937356973058e-02	1.203709887340664864e-01	1.169543871656060219e-01
9.765625000000000203e-07	5.476081031787244369e-02	1.232831040397286415e-01	1.194155691191554070e-01
9.765625000000000203e-07	5.516053358965282427e-02	1.207818938419222832e-01	1.171821383759379387e-01
9.765625000000000203e-07	5.605267134459712697e-02	1.206578724086284637e-01	1.167815150693058968e-01
9.765625000000000203e-07	5.465265882166125966e-02	1.214513089507818222e-01	1.185840228572487831e-01
9.765625000000000203e-07	5.556112117593801220e-02	1.210777051746845245e-01	1.181891625747084618e-01
4.882812500000000102e-07	5.528965083104145362e-02	1.216689683496952057e-01	1.181920496746897697e-01
4.882812500000000102e-07	5.412072179060947730e-02	1.238209567964076996e-01	1.203492330387234688e-01
4.882812500000000102e-07	5.397211151975619958e-02	1.209110198542475700e-01	1.168242171406745911e-01
4.882812500000000102e-07	5.438190080885645789e-02	1.223909612745046616e-01	1.184100359678268433e-01
4.882812500000000102e-07	5.415545286068433606e-02	1.204815777018666267e-01	1.165637094527482986e-01
4.882812500000000102e-07	5.484426563865021920e-02	1.202379316091537476e-01	1.170763289555907249e-01
4.882812500000000102e-07	5.475204654886752648e-02	1.212289677932858467e-01	1.180340144783258438e-01
4.882812500000000102e-07	5.484243421049057876e-02	1.219403399154543877e-01	1.177446236833930016e-01
4.882812500000000102e-07	5.264119002260739255e-02	1.207376550883054733e-01	1.173618715256452560e-01
4.882812500000000102e-07	5.385622386879558576e-02	1.209383485838770866e-01	1.178137920796871185e-01
4.882812500000000102e-07	5.540314967496485360e-02	1.218682229518890381e-01	1.179524064064025879e-01
4.882812500000000102e-07	5.368870567483238071e-02	1.214113859459757805e-01	1.172196529805660248e-01
4.882812500000000102e-07	5.385149392900587945e-02	1.206102473661303520e-01	1.169727109372615814e-01
4.882812500000000102e-07	5.482077362793910669e-02	1.201969319954514503e-01	1.168291252106428146e-01
4.882812500000000102e-07	5.391318690550478410e-02	1.214526798576116562e-01	1.174115054309368134e-01
4.882812500000000102e-07	5.414250587360768668e-02	1.219456344842910767e-01	1.176711469888687134e-01
4.882812500000000102e-07	5.362973550829706199e-02	1.199285099282860756e-01	1.166230617091059685e-01
4.882812500000000102e-07	5.346655435388601024e-02	1.206436678767204285e-01	1.174552217125892639e-01
4.882812500000000102e-07	5.469150289515905400e-02	1.213106112554669380e-01	1.171777443960309029e-01
4.882812500000000102e-07	5.395988455112976645e-02	1.206496562808752060e-01	1.174934804439544678e-01
4.882812500000000102e-07	5.402410473627380222e-02	1.201430056244134903e-01	1.165239894762635231e-01
2.441406250000000051e-07	5.432798694583434312e-02	1.211561951786279678e-01	1.174309914931654930e-01
2.441406250000000051e-07	5.388082974130594532e-02	1.206499300897121429e-01	1.169165903702378273e-01
2.441406250000000051e-07	5.414769708921637892e-02	1.198480809107422829e-01	1.164365224540233612e-01
2.441406250000000051e-07	5.286318629602842351e-02	1.208150237798690796e-01	1.170216165482997894e-01
2.441406250000000051e-07	5.389799111628833933e-02	1.204153941944241524e-01	1.166916349902749062e-01
2.441406250000000051e-07	5.397879884024209957e-02	1.224206378683447838e-01	1.185825439170002937e-01
2.441406250000000051e-07	5.558898290501364942e-02	1.218006266281008720e-01	1.180179789662361145e-01
2.441406250000000051e-07	5.388340056885646684e-02	1.220843149349093437e-01	1.183299385011196136e-01
2.441406250000000051e-07	5.342293973964980930e-02	1.201880471780896187e-01	1.170342024415731430e-01
2.441406250000000051e-07	5.600871254183069359e-02	1.203074315562844276e-01	1.171907382085919380e-01
2.441406250000000051e-07	5.279065041413789905e-02	1.202053539454936981e-01	1.173608191311359406e-01
2.441406250000000051e-07	5.490741558090041219e-02	1.207507066428661346e-01	1.178364111110568047e-01
2.441406250000000051e-07	5.450277115348019230e-02	1.209141761064529419e-01	1.172532020136713982e-01
2.441406250000000051e-07	5.374412582833555663e-02	1.221068492159247398e-01	1.184575939550995827e-01
2.441406250000000051e-07	5.417399820459040116e-02	1.204801779240369797e-01	1.163879893720149994e-01
2.441406250000000051e-07	5.582915864224675256e-02	1.198716722428798676e-01	1.169536979869008064e-01
2.441406250000000051e-07	5.372582904145687538e-02	1.206994438543915749e-01	1.171493306756019592e-01
2.441406250000000051e-07	5.407152692728404986e-02	1.225497359409928322e-01	1.175704002380371094e-01
2.441406250000000051e-07	5.478788379438315898e-02	1.210972359403967857e-01	1.175881680101156235e-01
2.441406250000000051e-07	5.287739757118346123e-02	1.209305692464113235e-01	1.172274826094508171e-01
2.441406250000000051e-07	5.374006625217727512e-02	1.204631263390183449e-01	1.169712198898196220e-01
1.220703125000000025e-07	5.377068757256375092e-02	1.220839265733957291e-01	1.184205217286944389e-01
1.220703125000000025e-07	5.382778575714630698e-02	1.209312416613101959e-01	1.174755562096834183e-01
1.220703125000000025e-07	5.461642193266107864e-02	1.205363152548670769e-01	1.167711410671472549e-01
1.220703125000000025e-07	5.561037158852891182e-02	1.203789003193378448e-01	1.166443061083555222e-01
1.220703125000000025e-07	5.410868080356453363e-02	1.215140437707304955e-01	1.178887328132987022e-01
1.220703125000000025e-07	5.437664678202399487e-02	1.202087579295039177e-01	1.168108396232128143e-01
1.220703125000000025e-07	5.450609830927245075e-02	1.209640456363558769e-01	1.177022121846675873e-01
1.220703125000000025e-07	5.423018722971783417e-02	1.213687201961874962e-01	1.173439789563417435e-01
1.220703125000000025e-07	5.408575942244710916e-02	1.209277622401714325e-01	1.168730286881327629e-01
1.220703125000000025e-07	5.312534445260144733e-02	1.210978748276829720e-01	1.176204439252614975e-01
1.220703125000000025e-07	5.408093026733096914e-02	1.209666263312101364e-01	1.171085368841886520e-01
1.220703125000000025e-07	5.431354116601280063e-02	1.211829129606485367e-01	1.173452436923980713e-01
1.220703125000000025e-07	5.428998186429844636e-02	1.235823873430490494e-01	1.201332965865731239e-01
1.220703125000000025e-07	5.370678488589540611e-02	1.208717981353402138e-01	1.178716458380222321e-01
1.220703125000000025e-07	5.417780790336524516e-02	1.213010568171739578e-01	1.178812412545084953e-01
1.220703125000000025e-07	5.454412607263914997e-02	1.219077603891491890e-01	1.183822462335228920e-01
1.220703125000000025e-07	5.402806321088271524e-02	1.202041199430823326e-01	1.166604366153478622e-01
1.220703125000000025e-07	5.328447367005710589e-02	1.204749746248126030e-01	1.167829874902963638e-01
1.220703125000000025e-07	5.411453559240208405e-02	1.213196236640214920e-01	1.178838843479752541e-01
1.220703125000000025e-07	5.335470949169955623e-02	1.211121724918484688e-01	1.172333238646388054e-01
1.220703125000000025e-07	5.439867989360532008e-02	1.212773332372307777e-01	1.172813167795538902e-01
6.103515625000000127e-08	5.446804512905169260e-02	1.197091182693839073e-01	1.167349368333816528e-01
6.103515625000000127e-08	5.377598969808107532e-02	1.204894101247191429e-01	1.165695562958717346e-01
6.103515625000000127e-08	5.599249017578136756e-02	1.208463134244084358e-01	1.165351029485464096e-01
6.103515625000000127e-08	5.373184906342361872e-02	1.208863789215683937e-01	1.171819344162940979e-01
6.103515625000000127e-08	5.451072936382474893e-02	1.234928658232092857e-01	1.198645746335387230e-01
6.103515625000000127e-08	5.400239148094684166e-02	1.204027412459254265e-01	1.168298413977026939e-01
6.103515625000000127e-08	5.440122384247900872e-02	1.205049939453601837e-01	1.165319085121154785e-01
6.103515625000000127e-08	5.396123819901973290e-02	1.217136289924383163e-01	1.180702513083815575e-01
6.103515625000000127e-08	5.433510776750648946e-02	1.211071945726871490e-01	1.175312232226133347e-01
6.103515625000000127e-08	5.356475456228738941e-02	1.222704183310270309e-01	1.187151232734322548e-01
6.103515625000000127e-08	5.444149352327178060e-02	1.222613537684082985e-01	1.182940397411584854e-01
6.103515625000000127e-08	5.324032926295377277e-02	1.201890977099537849e-01	1.169337509199976921e-01
6.103515625000000127e-08	5.397968668537803799e-02	1.209379127249121666e-01	1.173789985477924347e-01
6.103515625000000127e-08	5.517267704575876813e-02	1.202837564051151276e-01	1.166912261396646500e-01
6.103515625000000127e-08	5.337077897937991811e-02	1.206753309816122055e-01	1.172198811545968056e-01
6.103515625000000127e-08	5.479241544498673205e-02	1.202029958367347717e-01	1.166257159784436226e-01
6.103515625000000127e-08	5.173403680135932325e-02	1.200444521382451057e-01	1.166759701445698738e-01
6.103515625000000127e-08	5.354585880531540637e-02	1.211899612098932266e-01	1.169159822165966034e-01
6.103515625000000127e-08	5.401679043528399837e-02	1.202245345339179039e-01	1.167164249345660210e-01
6.103515625000000127e-08	5.512995815163926339e-02	1.215157583355903625e-01	1.179067082703113556e-01
6.103515625000000127e-08	5.516684654204151439e-02	1.223230762407183647e-01	1.187557624652981758e-01
3.051757812500000064e-08	5.383874806044976896e-02	1.213266206905245781e-01	1.182278217747807503e-01
3.051757812500000064e-08	5.444003264360790240e-02	1.210487904027104378e-01	1.176395323127508163e-01
3.051757812500000064e-08	5.334685129832617695e-02	1.199365975335240364e-01	1.167686311528086662e-01
3.051757812500000064e-08	5.471824434927747421e-02	1.208818564191460609e-01	1.168133430182933807e-01
3.051757812500000064e-08	5.468683991628357083e-02	1.229300489649176598e-01	1.188671384006738663e-01
3.051757812500000064e-08	5.535559492963779138e-02	1.214952878654003143e-01	1.175791285932064056e-01
3.051757812500000064e-08	5.346596580517443131e-02	1.203633630648255348e-01	1.165483398362994194e-01
3.051757812500000064e-08	5.405526518633094191e-02	1.208163304254412651e-01	1.169448196887969971e-01
3.051757812500000064e-08	5.471518150047410822e-02	1.215756675228476524e-01	1.180162392556667328e-01
3.051757812500000064e-08	5.311778598005258839e-02	1.200504284352064133e-01	1.160470200702548027e-01
3.051757812500000064e-08	5.511030564202538257e-02	1.225205743685364723e-01	1.185773005709052086e-01
3.051757812500000064e-08	5.317314568011066722e-02	1.231373893097043037e-01	1.195023804903030396e-01
3.051757812500000064e-08	5.586475152758103163e-02	1.193477855995297432e-01	1.165736084803938866e-01
3.051757812500000064e-08	5.472715571522712708e-02	1.210489142686128616e-01	1.174990478903055191e-01
3.051757812500000064e-08	5.193551681652854024e-02	1.210557743906974792e-01	1.178823057562112808e-01
3.051757812500000064e-08	5.207917820426482408e-02	1.207555495202541351e-01	1.171856401488184929e-01
3.051757812500000064e-08	5.451470108914979046e-02	1.221319651231169701e-01	1.186476415023207664e-01
3.051757812500000064e-08	5.405820165819759382e-02	1.204758882522583008e-01	1.175508722662925720e-01
3.051757812500000064e-08	5.443705981479415174e-02	1.203608047217130661e-01	1.173999402672052383e-01
3.051757812500000064e-08	5.398998612278624321e-02	1.198167754337191582e-01	1.171339219436049461e-01
3.051757812500000064e-08	5.431614792611025311e-02	1.208942951634526253e-01	1.174963414669036865e-01
1.525878906250000032e-08	5.414465343273138637e-02	1.216533500701189041e-01	1.174115901812911034e-01
1.525878906250000032e-08	5.364989281832417689e-02	1.205800203606486320e-01	1.172598674893379211e-01
1.525878906250000032e-08	5.228766964017590724e-02	1.205046186223626137e-01	1.168488096445798874e-01
1.525878906250000032e-08	5.308517992873735408e-02	1.205525565892457962e-01	1.163826538249850273e-01
1.525878906250000032e-08	5.755421858799608659e-02	1.218913579359650612e-01	1.182069182395935059e-01
1.525878906250000032e-08	5.280403241137914677e-02	1.199895385652780533e-01	1.170920534059405327e-01
1.525878906250000032e-08	5.462588388708573134e-02	1.225876295939087868e-01	1.185003798454999924e-01
1.525878906250000032e-08	5.384845861905737663e-02	1.201212769374251366e-01	1.166061637923121452e-01
1.525878906250000032e-08	5.400747890713848698e-02	1.223021149635314941e-01	1.184737710282206535e-01
1.525878906250000032e-08	5.573324915728991580e-02	1.204374060034751892e-01	1.167094064876437187e-01
1.525878906250000032e-08	5.478670919620538121e-02	1.211484260857105255e-01	1.176982428878545761e-01
1.525878906250000032e-08	5.158327241675763480e-02	1.203349670395255089e-01	1.172751514241099358e-01
1.525878906250000032e-08	5.429542130684551077e-02	1.202393081039190292e-01	1.160344341769814491e-01
1.525878906250000032e-08	5.412239298413071276e-02	1.214872710406780243e-01	1.178403561934828758e-01
1.525878906250000032e-08	5.312818651901015515e-02	1.208801576867699623e-01	1.175947627052664757e-01
1.525878906250000032e-08	5.236000756296930320e-02	1.209331769496202469e-01	1.173029290512204170e-01
1.525878906250000032e-08	5.413910147698619557e-02	1.211417810991406441e-01	1.180802257731556892e-01
1.525878906250000032e-08	5.524588192376909263e-02	1.205263929441571236e-01	1.169233676046133041e-01
1.525878906250000032e-08	5.351703684729865879e-02	1.203262340277433395e-01	1.165660889819264412e-01
1.525878906250000032e-08	5.414738175989706331e-02	1.211278764531016350e-01	1.175277177244424820e-01
1.525878906250000032e-08	5.372587157578408157e-02	1.212851880118250847e-01	1.167471287772059441e-01
1.525878906250000032e-08	5.576961798758446609e-02	1.225559022277593613e-01	1.191470362246036530e-01
1.525878906250000032e-08	5.585425182045260228e-02	1.212512776255607605e-01	1.175955813378095627e-01
1.525878906250000032e-08	5.337355215149589688e-02	1.193228699266910553e-01	1.160271018743515015e-01
1.525878906250000032e-08	5.327506519005268532e-02	1.210149573162198067e-01	1.177882533520460129e-01
1.525878906250000032e-08	5.364282947929599477e-02	1.220514234155416489e-01	1.182657256722450256e-01
1.525878906250000032e-08	5.546857666554329963e-02	1.220146697014570236e-01	1.177954031154513359e-01
1.525878906250000032e-08	5.403729853562162094e-02	1.204647226259112358e-01	1.170932073146104813e-01
1.525878906250000032e-08	5.246930404365816869e-02	1.205534348264336586e-01	1.173667777329683304e-01
1.525878906250000032e-08	5.473072506204436360e-02	1.216048989444971085e-01	1.181011544540524483e-01
1.525878906250000032e-08	5.420366764257225634e-02	1.214589402079582214e-01	1.185822514817118645e-01
1.525878906250000032e-08	5.364191409530518623e-02	1.210546996444463730e-01	1.172974053770303726e-01
1.525878906250000032e-08	5.362414714844920827e-02	1.210163496434688568e-01	1.168445842340588570e-01
1.525878906250000032e-08	5.452079406078857993e-02	1.215126449242234230e-01	1.178664835169911385e-01
1.525878906250000032e-08	5.443985048162786056e-02	1.201593577861785889e-01	1.166504295542836189e-01
1.525878906250000032e-08	5.332266859993149699e-02	1.202512886375188828e-01	1.169176800176501274e-01
1.525878906250000032e-08	5.391474662325049932e-02	1.221015648916363716e-01	1.191076925024390221e-01
1.525878906250000032e-08	5.497549318625957054e-02	1.206894079223275185e-01	1.179465921595692635e-01
1.525878906250000032e-08	5.504964334489424044e-02	1.210568537935614586e-01	1.177788209170103073e-01
1.525878906250000032e-08	5.232968799109700281e-02	1.199112217873334885e-01	1.163050606846809387e-01
1.525878906250000032e-08	5.537164465913289868e-02	1.231219582259654999e-01	1.198137998580932617e-01
1.525878906250000032e-08	5.533375199648398607e-02	1.204867782071232796e-01	1.171128749847412109e-01
1.525878906250000032e-08	5.256702741490134473e-02	1.208594199270009995e-01	1.176301287487149239e-01
1.525878906250000032e-08	5.472706725137143485e-02	1.213359711691737175e-01	1.173178907483816147e-01
1.525878906250000032e-08	5.334553268702724171e-02	1.197990905493497849e-01	1.166325751692056656e-01
