2.000000000000000042e-03	4.026588488228713403e-01	4.132379256188869476e-01	4.166134372353553772e-01
2.000000000000000042e-03	3.092908176440226642e-01	3.371488526463508606e-01	3.312136232852935791e-01
2.000000000000000042e-03	2.830677492709099408e-01	4.187327399849891663e-01	4.128091149032115936e-01
2.000000000000000042e-03	2.647452818441994316e-01	3.147730901837348938e-01	3.082107976078987122e-01
2.000000000000000042e-03	2.385720008913474743e-01	2.402965370565652847e-01	2.355785258114337921e-01
2.000000000000000042e-03	2.292641046680981565e-01	3.120296709239482880e-01	3.144776895642280579e-01
2.000000000000000042e-03	2.224564524013784850e-01	2.156615965068340302e-01	2.145657688379287720e-01
2.000000000000000042e-03	2.260102242985858323e-01	2.512184418737888336e-01	2.515989411622285843e-01
2.000000000000000042e-03	2.130308705794660418e-01	2.023193109780550003e-01	2.048392482101917267e-01
2.000000000000000042e-03	2.047372071803370552e-01	2.732612416148185730e-01	2.835776247084140778e-01
2.000000000000000042e-03	2.036931199740759924e-01	2.054626047611236572e-01	2.056924626231193542e-01
2.000000000000000042e-03	2.040490204397636120e-01	2.153938114643096924e-01	2.122687213122844696e-01
2.000000000000000042e-03	1.917604596554478569e-01	1.976299490779638290e-01	1.987403910607099533e-01
2.000000000000000042e-03	1.910984235096581385e-01	2.256629932671785355e-01	2.255200892686843872e-01
2.000000000000000042e-03	1.876610915494870413e-01	1.854715403169393539e-01	1.846329122781753540e-01
2.000000000000000042e-03	1.882062371395811229e-01	2.123599797487258911e-01	2.097147833555936813e-01
2.000000000000000042e-03	1.916705792463278546e-01	2.146386280655860901e-01	2.170031312853097916e-01
2.000000000000000042e-03	1.865401122766205122e-01	1.852648220956325531e-01	1.881977766752243042e-01
2.000000000000000042e-03	1.856174653843988276e-01	1.836509015411138535e-01	1.846428643912076950e-01
2.000000000000000042e-03	1.777347973253153579e-01	1.953068319708108902e-01	1.985317245125770569e-01
2.000000000000000042e-03	1.744601577520370483e-01	1.736148037016391754e-01	1.737920530140399933e-01
2.000000000000000042e-03	1.751178857646411013e-01	1.635099388659000397e-01	1.638119183480739594e-01
2.000000000000000042e-03	1.694165085312686336e-01	2.026815116405487061e-01	2.037604544311761856e-01
2.000000000000000042e-03	1.827145098130914247e-01	1.853131242096424103e-01	1.892626006156206131e-01
2.000000000000000042e-03	1.665436555690403275e-01	1.727659273892641068e-01	1.729679852724075317e-01
2.000000000000000042e-03	1.702670536086529074e-01	1.969159562140703201e-01	1.982785686850547791e-01
2.000000000000000042e-03	1.726457082395312093e-01	1.987268328666687012e-01	1.966266632080078125e-01
2.000000000000000042e-03	1.694879562039918464e-01	1.698933150619268417e-01	1.690628789365291595e-01
2.000000000000000042e-03	1.632844864190379219e-01	1.648447848856449127e-01	1.658311691135168076e-01
2.000000000000000042e-03	1.637967259069032233e-01	1.502008456736803055e-01	1.519477199763059616e-01
2.000000000000000042e-03	1.619761207058459940e-01	1.662286780774593353e-01	1.698114480823278427e-01
2.000000000000000042e-03	1.582562863072262405e-01	1.873118560761213303e-01	1.889012884348630905e-01
2.000000000000000042e-03	1.561391815731797139e-01	1.575986966490745544e-01	1.591987684369087219e-01
2.000000000000000042e-03	1.595069965984247939e-01	1.706125959753990173e-01	1.737795546650886536e-01
2.000000000000000042e-03	1.565642353100112627e-01	1.539498306810855865e-01	1.539442241191864014e-01
2.000000000000000042e-03	1.601413312969328373e-01	2.021753452718257904e-01	1.996007002890110016e-01
2.000000000000000042e-03	1.609121685541128888e-01	1.585457064211368561e-01	1.596698220819234848e-01
2.000000000000000042e-03	1.559545722188828976e-01	1.559597756713628769e-01	1.578004080802202225e-01
2.000000000000000042e-03	1.578609860396083531e-01	1.560499258339405060e-01	1.573778353631496429e-01
2.000000000000000042e-03	1.542278026478199893e-01	1.532961856573820114e-01	1.532854400575160980e-01
2.000000000000000042e-03	1.551804316194751732e-01	1.680762190371751785e-01	1.656412929296493530e-01
2.000000000000000042e-03	1.519451325264158104e-01	1.563369166105985641e-01	1.575274225324392319e-01
2.000000000000000042e-03	1.509544704156585981e-01	1.609981153160333633e-01	1.596872694790363312e-01
2.000000000000000042e-03	1.473379395430600980e-01	1.570385619997978210e-01	1.568695679306983948e-01
2.000000000000000042e-03	1.507301396584209141e-01	1.455164272338151932e-01	1.456599514931440353e-01
2.000000000000000042e-03	1.437152129939839873e-01	1.490415558218955994e-01	1.485218293964862823e-01
2.000000000000000042e-03	1.460370227128644505e-01	1.477308906614780426e-01	1.493588611483573914e-01
2.000000000000000042e-03	1.490149433854260075e-01	1.601223982870578766e-01	1.576165929436683655e-01
2.000000000000000042e-03	1.501591475326803649e-01	1.522745732218027115e-01	1.519199963659048080e-01
2.000000000000000042e-03	1.440363929052896064e-01	1.489964593201875687e-01	1.494976766407489777e-01
2.000000000000000042e-03	1.424509106746202902e-01	1.455344259738922119e-01	1.462170807644724846e-01
2.000000000000000042e-03	1.444052263528485813e-01	1.821904629468917847e-01	1.831020992249250412e-01
2.000000000000000042e-03	1.442159495398968039e-01	1.469987109303474426e-01	1.483192518353462219e-01
2.000000000000000042e-03	1.428025619515889688e-01	1.530209537595510483e-01	1.520917229354381561e-01
2.000000000000000042e-03	1.434167185916176424e-01	1.617579441517591476e-01	1.651779897511005402e-01
2.000000000000000042e-03	1.490190852480598738e-01	1.571963168680667877e-01	1.582497656345367432e-01
2.000000000000000042e-03	1.433991731344899101e-01	1.474262718111276627e-01	1.464816555380821228e-01
2.000000000000000042e-03	1.388314298436611471e-01	1.442367117851972580e-01	1.413450799882411957e-01
2.000000000000000042e-03	1.422140180498738804e-01	1.517734434455633163e-01	1.505594290792942047e-01
2.000000000000000042e-03	1.403576307281663160e-01	1.428150143474340439e-01	1.448739524930715561e-01
2.000000000000000042e-03	1.351478489328034327e-01	1.418448705226182938e-01	1.410580966621637344e-01
2.000000000000000042e-03	1.359494223813467462e-01	1.468898504972457886e-01	1.492515783756971359e-01
2.000000000000000042e-03	1.351478672291659133e-01	1.445762962102890015e-01	1.461848877370357513e-01
2.000000000000000042e-03	1.348001202450522795e-01	1.463191322982311249e-01	1.468052789568901062e-01
2.000000000000000042e-03	1.341802126056031441e-01	1.416473798453807831e-01	1.410629320889711380e-01
2.000000000000000042e-03	1.368621841450280707e-01	1.473945099860429764e-01	1.501106955111026764e-01
2.000000000000000042e-03	1.355862169514728544e-01	1.533972229808568954e-01	1.542865913361310959e-01
2.000000000000000042e-03	1.330150992998593851e-01	1.725506950169801712e-01	1.723619662225246429e-01
2.000000000000000042e-03	1.368111153192158036e-01	1.626039966940879822e-01	1.650744862854480743e-01
2.000000000000000042e-03	1.346464806908293510e-01	1.408906783908605576e-01	1.420074999332427979e-01
2.000000000000000042e-03	1.335273681184913630e-01	1.300853230059146881e-01	1.321700802072882652e-01
2.000000000000000042e-03	1.284799740850171013e-01	1.468700915575027466e-01	1.494949087500572205e-01
2.000000000000000042e-03	1.330284312178816875e-01	1.664691586047410965e-01	1.658149827271699905e-01
2.000000000000000042e-03	1.300090017575251944e-01	1.404073070734739304e-01	1.420278660953044891e-01
2.000000000000000042e-03	1.323408600461633833e-01	1.452363543212413788e-01	1.452434901148080826e-01
2.000000000000000042e-03	1.327510807144491045e-01	1.499510873109102249e-01	1.507196500897407532e-01
2.000000000000000042e-03	1.287512834879416534e-01	1.731690876185894012e-01	1.755279228091239929e-01
2.000000000000000042e-03	1.314537891104251566e-01	1.487324796617031097e-01	1.501495409756898880e-01
2.000000000000000042e-03	1.280801031219808428e-01	1.397905610501766205e-01	1.444858629256486893e-01
2.000000000000000042e-03	1.247489665505252254e-01	1.394787020981311798e-01	1.434010006487369537e-01
2.000000000000000042e-03	1.259562538205822868e-01	1.456413343548774719e-01	1.479871030896902084e-01
2.000000000000000042e-03	1.290811549259137381e-01	1.684514768421649933e-01	1.740835905075073242e-01
2.000000000000000042e-03	1.244355492954012654e-01	1.371666118502616882e-01	1.357454136013984680e-01
2.000000000000000042e-03	1.234057713535767625e-01	1.367002334445714951e-01	1.373800123110413551e-01
2.000000000000000042e-03	1.232095273046553835e-01	1.402200888842344284e-01	1.433807779103517532e-01
2.000000000000000042e-03	1.247736947445929750e-01	1.402532681822776794e-01	1.418927367776632309e-01
2.000000000000000042e-03	1.223199211909801187e-01	1.387183479964733124e-01	1.401527281850576401e-01
2.000000000000000042e-03	1.207544433919689325e-01	1.367045678198337555e-01	1.392402388155460358e-01
2.000000000000000042e-03	1.230792657861226741e-01	1.459764316678047180e-01	1.483091041445732117e-01
2.000000000000000042e-03	1.201552630791181270e-01	1.423317361623048782e-01	1.414699740707874298e-01
2.000000000000000042e-03	1.247244385790221288e-01	1.406369823962450027e-01	1.424968708306550980e-01
2.000000000000000042e-03	1.184659266396413807e-01	1.375581528991460800e-01	1.389748435467481613e-01
1.000000000000000021e-03	1.102537774021112443e-01	1.247932650148868561e-01	1.279350658878684044e-01
1.000000000000000021e-03	1.058126296612280776e-01	1.287354892119765282e-01	1.297153495252132416e-01
1.000000000000000021e-03	1.052667699471304674e-01	1.247355090454220772e-01	1.272171232849359512e-01
1.000000000000000021e-03	1.055466646823702004e-01	1.256445888429880142e-01	1.305194124579429626e-01
1.000000000000000021e-03	1.039422174231915547e-01	1.244282042607665062e-01	1.258354047313332558e-01
1.000000000000000021e-03	1.047856183368948424e-01	1.200330080464482307e-01	1.229104781523346901e-01
1.000000000000000021e-03	1.028399998440018143e-01	1.241387305781245232e-01	1.246755681931972504e-01
1.000000000000000021e-03	1.047980842899672582e-01	1.243526106700301170e-01	1.268880385905504227e-01
1.000000000000000021e-03	1.020664675514909303e-01	1.279376754537224770e-01	1.283973939716815948e-01
1.000000000000000021e-03	1.001027859275854109e-01	1.256188480183482170e-01	1.269191298633813858e-01
1.000000000000000021e-03	1.021399511189400450e-01	1.287895524874329567e-01	1.307063288986682892e-01
1.000000000000000021e-03	1.018141998520380315e-01	1.242493465542793274e-01	1.275745127350091934e-01
1.000000000000000021e-03	1.007260595318637264e-01	1.306950179859995842e-01	1.354812802746891975e-01
1.000000000000000021e-03	1.011379750657685206e-01	1.277275085449218750e-01	1.302223438397049904e-01
1.000000000000000021e-03	1.015379940973052536e-01	1.281563946977257729e-01	1.300003416836261749e-01
1.000000000000000021e-03	1.013353657496126325e-01	1.241330066695809364e-01	1.270304434001445770e-01
1.000000000000000021e-03	9.675127531908735146e-02	1.321126567199826241e-01	1.342329252511262894e-01
1.000000000000000021e-03	9.805989312597468421e-02	1.255962084978818893e-01	1.296433992683887482e-01
1.000000000000000021e-03	9.994567836387248383e-02	1.227277182042598724e-01	1.236604014411568642e-01
1.000000000000000021e-03	9.913649815547315169e-02	1.258948985487222672e-01	1.281857192516326904e-01
1.000000000000000021e-03	9.754322299474402214e-02	1.252359822392463684e-01	1.297458102926611900e-01
1.000000000000000021e-03	9.645267887206017410e-02	1.256924159824848175e-01	1.282741036266088486e-01
1.000000000000000021e-03	9.395848101452936030e-02	1.244792323559522629e-01	1.276140091940760612e-01
1.000000000000000021e-03	9.346673911130881640e-02	1.235511498525738716e-01	1.251852931454777718e-01
1.000000000000000021e-03	9.499648618924466659e-02	1.226597717031836510e-01	1.241357205435633659e-01
1.000000000000000021e-03	9.564450949053221462e-02	1.245682705193758011e-01	1.269554309546947479e-01
1.000000000000000021e-03	9.412746404922461840e-02	1.199898151680827141e-01	1.238221935927867889e-01
1.000000000000000021e-03	9.428538891333568261e-02	1.266115419566631317e-01	1.282089482992887497e-01
1.000000000000000021e-03	9.182502253900599876e-02	1.300693424418568611e-01	1.308259535580873489e-01
1.000000000000000021e-03	9.244272744731057978e-02	1.265963390469551086e-01	1.292169811204075813e-01
1.000000000000000021e-03	9.528488401747957359e-02	1.288329660892486572e-01	1.324184816330671310e-01
1.000000000000000021e-03	9.118385348893419395e-02	1.285797683522105217e-01	1.291486034169793129e-01
1.000000000000000021e-03	9.358643070806431374e-02	1.270854519680142403e-01	1.302520399913191795e-01
1.000000000000000021e-03	9.199143540632875871e-02	1.255738101899623871e-01	1.261004097759723663e-01
1.000000000000000021e-03	9.094173847874507943e-02	1.194826466962695122e-01	1.223532045260071754e-01
1.000000000000000021e-03	9.096605707950229658e-02	1.256075212731957436e-01	1.286875447258353233e-01
1.000000000000000021e-03	9.040765832119350420e-02	1.288572978228330612e-01	1.304854247719049454e-01
1.000000000000000021e-03	9.026236105946046362e-02	1.217514006420969963e-01	1.249862359836697578e-01
1.000000000000000021e-03	8.708093230482898128e-02	1.276553925126791000e-01	1.312283473089337349e-01
1.000000000000000021e-03	8.952569433405430099e-02	1.337214708328247070e-01	1.380740683525800705e-01
1.000000000000000021e-03	8.749834108579007674e-02	1.224724920466542244e-01	1.251768972724676132e-01
1.000000000000000021e-03	8.996386505380461751e-02	1.342528918758034706e-01	1.377453636378049850e-01
1.000000000000000021e-03	8.595094103601914892e-02	1.269434895366430283e-01	1.279429430142045021e-01
1.000000000000000021e-03	8.697449906340128101e-02	1.217144383117556572e-01	1.246820129454135895e-01
1.000000000000000021e-03	8.594207078972949942e-02	1.285836016759276390e-01	1.298399074003100395e-01
1.000000000000000021e-03	8.899658192184907446e-02	1.345603018999099731e-01	1.361245717853307724e-01
1.000000000000000021e-03	9.286438598285746970e-02	1.207875348627567291e-01	1.234363270923495293e-01
1.000000000000000021e-03	8.567396457059474335e-02	1.287665758281946182e-01	1.300016054883599281e-01
1.000000000000000021e-03	8.400861739735060452e-02	1.244178898632526398e-01	1.256570303812623024e-01
1.000000000000000021e-03	8.495284824431696691e-02	1.226969109848141670e-01	1.252325642853975296e-01
1.000000000000000021e-03	8.463782279551783361e-02	1.277787061408162117e-01	1.287137027829885483e-01
1.000000000000000021e-03	8.736675911689106844e-02	1.252819076180458069e-01	1.275547202676534653e-01
1.000000000000000021e-03	8.261964715357068834e-02	1.234684856608510017e-01	1.257486762478947639e-01
1.000000000000000021e-03	8.369665630633317532e-02	1.245933948084712029e-01	1.264666384086012840e-01
1.000000000000000021e-03	8.268045700049098112e-02	1.338865291327238083e-01	1.335456110537052155e-01
1.000000000000000021e-03	8.401522559078433705e-02	1.260418519377708435e-01	1.259750667959451675e-01
5.000000000000000104e-04	7.593219057668613992e-02	1.215822799131274223e-01	1.219656476750969887e-01
5.000000000000000104e-04	7.495958740009536769e-02	1.245894646272063255e-01	1.243318906053900719e-01
5.000000000000000104e-04	7.342623150612734295e-02	1.196132227778434753e-01	1.216774219647049904e-01
5.000000000000000104e-04	7.209668228332000162e-02	1.217415425926446915e-01	1.223442917689681053e-01
5.000000000000000104e-04	7.613749882277054404e-02	1.186013398692011833e-01	1.191712561994791031e-01
5.000000000000000104e-04	7.623673706680914042e-02	1.202298011630773544e-01	1.216037208214402199e-01
5.000000000000000104e-04	7.212584244110915865e-02	1.183875435963273048e-01	1.187175549566745758e-01
5.000000000000000104e-04	7.308003009308743081e-02	1.247806819155812263e-01	1.248145159333944321e-01
5.000000000000000104e-04	7.169884245229672659e-02	1.190090859308838844e-01	1.194529300555586815e-01
5.000000000000000104e-04	7.004273734703848897e-02	1.220027189701795578e-01	1.226581763476133347e-01
5.000000000000000104e-04	6.938004140046578894e-02	1.225815014913678169e-01	1.236621243879199028e-01
5.000000000000000104e-04	7.198324974013280142e-02	1.254372298717498779e-01	1.252624997869133949e-01
5.000000000000000104e-04	7.098050849347174729e-02	1.214808439835906029e-01	1.213976228609681129e-01
5.000000000000000104e-04	7.268041461894783617e-02	1.195377521216869354e-01	1.214931029826402664e-01
5.000000000000000104e-04	7.449382241768172375e-02	1.223922828212380409e-01	1.236788090318441391e-01
5.000000000000000104e-04	7.085790386116957995e-02	1.215412979945540428e-01	1.228102091699838638e-01
5.000000000000000104e-04	7.246781234877018585e-02	1.224521016702055931e-01	1.240827236324548721e-01
5.000000000000000104e-04	7.023023040611532652e-02	1.209286181256175041e-01	1.226336704567074776e-01
5.000000000000000104e-04	6.955366246873818936e-02	1.197440158575773239e-01	1.207877052947878838e-01
5.000000000000000104e-04	6.973799369946311055e-02	1.193028558045625687e-01	1.201366316527128220e-01
5.000000000000000104e-04	6.902992682932299062e-02	1.192177655175328255e-01	1.205801917240023613e-01
5.000000000000000104e-04	7.078915443035620203e-02	1.242825742810964584e-01	1.245160978287458420e-01
5.000000000000000104e-04	6.883708298017707228e-02	1.218114765360951424e-01	1.213289033621549606e-01
5.000000000000000104e-04	6.950521907663043120e-02	1.201911000534892082e-01	1.211401112377643585e-01
5.000000000000000104e-04	7.271313488106184719e-02	1.231749095022678375e-01	1.225076820701360703e-01
5.000000000000000104e-04	7.019889604630349944e-02	1.208448130637407303e-01	1.212308397516608238e-01
5.000000000000000104e-04	6.838415313181997468e-02	1.203782232478260994e-01	1.204692833125591278e-01
5.000000000000000104e-04	6.907933549601820433e-02	1.195876495912671089e-01	1.203697631135582924e-01
2.500000000000000052e-04	6.655172904646849963e-02	1.194592928513884544e-01	1.201931834220886230e-01
2.500000000000000052e-04	6.230291295089299131e-02	1.179864807054400444e-01	1.179380016401410103e-01
2.500000000000000052e-04	6.298693651451339748e-02	1.171911694109439850e-01	1.178898634389042854e-01
2.500000000000000052e-04	6.294474901655051913e-02	1.191902188584208488e-01	1.185613824054598808e-01
2.500000000000000052e-04	6.040588634300835674e-02	1.206130990758538246e-01	1.204442130401730537e-01
2.500000000000000052e-04	6.049909022978589707e-02	1.191096892580389977e-01	1.189295016229152679e-01
2.500000000000000052e-04	6.221053235327141107e-02	1.183053525164723396e-01	1.178899072110652924e-01
2.500000000000000052e-04	6.235066159993787188e-02	1.177875967696309090e-01	1.178776891902089119e-01
2.500000000000000052e-04	6.213211763320090203e-02	1.195993879809975624e-01	1.203176546841859818e-01
2.500000000000000052e-04	6.313791050563884177e-02	1.194861289113759995e-01	1.195514788851141930e-01
2.500000000000000052e-04	6.207988854450515598e-02	1.191573999822139740e-01	1.191696431487798691e-01
2.500000000000000052e-04	6.215558139772354995e-02	1.186765804886817932e-01	1.192846018821001053e-01
2.500000000000000052e-04	5.986902612862708001e-02	1.193021535873413086e-01	1.193306790664792061e-01
2.500000000000000052e-04	5.995692652237566422e-02	1.174202710390090942e-01	1.177038401365280151e-01
2.500000000000000052e-04	6.005800623871103416e-02	1.195411672815680504e-01	1.187528772279620171e-01
2.500000000000000052e-04	5.984418216762663750e-02	1.189773315563797951e-01	1.193557558581233025e-01
2.500000000000000052e-04	5.923058083163031812e-02	1.190053960308432579e-01	1.188884517177939415e-01
2.500000000000000052e-04	6.092391601657565908e-02	1.204396840184926987e-01	1.211070921272039413e-01
2.500000000000000052e-04	6.144417940249925769e-02	1.211067484691739082e-01	1.205972069874405861e-01
2.500000000000000052e-04	6.084520737581615435e-02	1.184321865439414978e-01	1.182474792003631592e-01
2.500000000000000052e-04	5.985027858162227793e-02	1.188993724063038826e-01	1.188483340665698051e-01
2.500000000000000052e-04	6.092957525125032581e-02	1.189737254753708839e-01	1.193515593186020851e-01
2.500000000000000052e-04	6.296804801949971997e-02	1.199407186359167099e-01	1.196442572399973869e-01
2.500000000000000052e-04	5.981690592215031105e-02	1.193758342415094376e-01	1.190995844081044197e-01
1.250000000000000026e-04	5.811546940969515573e-02	1.182955680415034294e-01	1.181335346773266792e-01
1.250000000000000026e-04	5.949862225900722640e-02	1.191348535940051079e-01	1.189200896769762039e-01
1.250000000000000026e-04	5.767136746192279978e-02	1.169856889173388481e-01	1.175194988027215004e-01
1.250000000000000026e-04	5.657485952671570395e-02	1.196475634351372719e-01	1.193567914888262749e-01
1.250000000000000026e-04	5.675936820386331266e-02	1.189382262527942657e-01	1.185300284996628761e-01
1.250000000000000026e-04	5.838008965306644427e-02	1.185393910855054855e-01	1.176607254892587662e-01
1.250000000000000026e-04	5.669502640449548131e-02	1.195497009903192520e-01	1.200660839676856995e-01
1.250000000000000026e-04	5.590736903721773426e-02	1.195138124749064445e-01	1.186897419393062592e-01
1.250000000000000026e-04	5.637011417671095037e-02	1.179793681949377060e-01	1.178758181631565094e-01
1.250000000000000026e-04	5.531503321437895859e-02	1.183712240308523178e-01	1.179062295705080032e-01
1.250000000000000026e-04	5.997530163466176234e-02	1.192254750058054924e-01	1.190100861713290215e-01
1.250000000000000026e-04	5.699665311582480937e-02	1.181284124031662941e-01	1.175410002470016479e-01
1.250000000000000026e-04	5.607246682990955217e-02	1.181667791679501534e-01	1.182723743841052055e-01
1.250000000000000026e-04	5.861079409907135607e-02	1.178026748821139336e-01	1.182936979457736015e-01
1.250000000000000026e-04	5.666268640492536091e-02	1.195181393995881081e-01	1.189543651416897774e-01
1.250000000000000026e-04	5.577685349161112111e-02	1.179486857727169991e-01	1.176067609339952469e-01
1.250000000000000026e-04	5.627325172477130877e-02	1.187899867072701454e-01	1.194027597084641457e-01
1.250000000000000026e-04	5.508831643228289526e-02	1.184958424419164658e-01	1.185001423582434654e-01
1.250000000000000026e-04	5.530604654097858591e-02	1.188978524878621101e-01	1.192483240738511086e-01
1.250000000000000026e-04	5.652317994191676659e-02	1.178314788267016411e-01	1.178019959479570389e-01
1.250000000000000026e-04	5.585301450536220985e-02	1.177886109799146652e-01	1.176478033885359764e-01
1.250000000000000026e-04	5.655547660551493716e-02	1.179782906547188759e-01	1.166064040735363960e-01
1.250000000000000026e-04	5.703127077674564199e-02	1.195475477725267410e-01	1.185867087915539742e-01
1.250000000000000026e-04	5.657570568632475788e-02	1.182753527536988258e-01	1.177750201895833015e-01
6.250000000000000130e-05	5.491930854660045935e-02	1.179092507809400558e-01	1.169662801548838615e-01
6.250000000000000130e-05	5.281599827959567589e-02	1.183583736419677734e-01	1.181762693449854851e-01
6.250000000000000130e-05	5.321981790888158370e-02	1.210959544405341148e-01	1.207458563148975372e-01
6.250000000000000130e-05	5.373682515530646409e-02	1.180805601179599762e-01	1.180510409176349640e-01
6.250000000000000130e-05	5.574941404069526374e-02	1.181503254920244217e-01	1.179040586575865746e-01
6.250000000000000130e-05	5.326445405430431379e-02	1.185348806902766228e-01	1.184843257069587708e-01
6.250000000000000130e-05	5.302706639034838326e-02	1.186404172331094742e-01	1.184657746925950050e-01
6.250000000000000130e-05	5.586252653900580789e-02	1.182337021455168724e-01	1.176731297746300697e-01
6.250000000000000130e-05	5.380374381813821799e-02	1.172262914478778839e-01	1.169965257868170738e-01
6.250000000000000130e-05	5.334409420626073234e-02	1.174396388232707977e-01	1.172257354483008385e-01
6.250000000000000130e-05	5.424416895154156315e-02	1.179802799597382545e-01	1.182410744950175285e-01
6.250000000000000130e-05	5.562718967093697314e-02	1.189873246476054192e-01	1.182568203657865524e-01
6.250000000000000130e-05	5.435261347248584313e-02	1.178830098360776901e-01	1.175260785967111588e-01
6.250000000000000130e-05	5.495980844090256334e-02	1.191332936286926270e-01	1.184857785701751709e-01
6.250000000000000130e-05	5.504597563155089884e-02	1.187572693452239037e-01	1.181481759995222092e-01
6.250000000000000130e-05	5.447294322561613972e-02	1.188203999772667885e-01	1.182725327089428902e-01
6.250000000000000130e-05	5.436667309531682812e-02	1.188120413571596146e-01	1.179071683436632156e-01
6.250000000000000130e-05	5.242992357551297389e-02	1.184812188148498535e-01	1.175828417763113976e-01
6.250000000000000130e-05	5.332849085142341017e-02	1.187209505587816238e-01	1.179776340723037720e-01
6.250000000000000130e-05	5.381135741555238133e-02	1.181956678628921509e-01	1.178380995988845825e-01
6.250000000000000130e-05	5.357518773290175645e-02	1.198912914842367172e-01	1.191163090988993645e-01
3.125000000000000065e-05	5.246696093037158531e-02	1.188709540292620659e-01	1.180542772635817528e-01
3.125000000000000065e-05	5.382801460314400738e-02	1.173362508416175842e-01	1.170538589358329773e-01
3.125000000000000065e-05	5.379881794694103825e-02	1.188939558342099190e-01	1.190478419885039330e-01
3.125000000000000065e-05	5.168781806773777021e-02	1.179899396374821663e-01	1.176595119759440422e-01
3.125000000000000065e-05	5.326181918948511701e-02	1.181910810992121696e-01	1.169413262978196144e-01
3.125000000000000065e-05	5.318276386094998587e-02	1.182460300624370575e-01	1.177663626149296761e-01
3.125000000000000065e-05	5.174937151089499532e-02	1.182447746396064758e-01	1.182963997125625610e-01
3.125000000000000065e-05	5.349379136592526812e-02	1.184257175773382187e-01	1.175200249999761581e-01
3.125000000000000065e-05	5.308553967860680373e-02	1.186508294194936752e-01	1.182613577693700790e-01
3.125000000000000065e-05	5.385170735513107598e-02	1.181917367503046989e-01	1.176886092871427536e-01
3.125000000000000065e-05	5.404172653827486045e-02	1.187274409458041191e-01	1.185538098216056824e-01
3.125000000000000065e-05	5.283486857255802888e-02	1.197821507230401039e-01	1.183370193466544151e-01
3.125000000000000065e-05	5.331254825939105851e-02	1.179142510518431664e-01	1.171513935551047325e-01
3.125000000000000065e-05	5.214584156682219862e-02	1.179852234199643135e-01	1.177882077172398567e-01
3.125000000000000065e-05	5.137885390203210390e-02	1.177678126841783524e-01	1.169570563361048698e-01
3.125000000000000065e-05	5.213109856542152976e-02	1.175143430009484291e-01	1.176143400371074677e-01
3.125000000000000065e-05	5.397542749967756265e-02	1.178382011130452156e-01	1.172306919470429420e-01
3.125000000000000065e-05	5.289418486100208594e-02	1.196815362200140953e-01	1.196126760914921761e-01
3.125000000000000065e-05	5.295850275249421035e-02	1.175381764769554138e-01	1.172881461679935455e-01
3.125000000000000065e-05	5.343340304267557572e-02	1.190405050292611122e-01	1.182047650218009949e-01
3.125000000000000065e-05	5.206291618037827557e-02	1.182417850941419601e-01	1.180631099268794060e-01
1.562500000000000033e-05	5.203317817819269608e-02	1.185146672651171684e-01	1.175874350592494011e-01
1.562500000000000033e-05	5.382723747929440278e-02	1.213887846097350121e-01	1.207517404109239578e-01
1.562500000000000033e-05	5.172186613648752790e-02	1.181917516514658928e-01	1.170678706839680672e-01
1.562500000000000033e-05	5.267766688632059824e-02	1.195057295262813568e-01	1.184676727280020714e-01
1.562500000000000033e-05	5.500144209665588230e-02	1.193432351574301720e-01	1.188044603914022446e-01
1.562500000000000033e-05	5.248191683918614764e-02	1.186985662207007408e-01	1.180871147662401199e-01
1.562500000000000033e-05	5.288159078623674847e-02	1.185926552861928940e-01	1.184271294623613358e-01
1.562500000000000033e-05	5.223104706670664288e-02	1.183509761467576027e-01	1.171418670564889908e-01
1.562500000000000033e-05	5.331116009362136393e-02	1.203813273459672928e-01	1.189514007419347763e-01
1.562500000000000033e-05	5.056214370305025380e-02	1.196613740175962448e-01	1.191849764436483383e-01
1.562500000000000033e-05	5.285691861299019606e-02	1.191582642495632172e-01	1.178503921255469322e-01
1.562500000000000033e-05	5.091246835227253992e-02	1.184672508388757706e-01	1.178100174292922020e-01
1.562500000000000033e-05	5.185509770165516036e-02	1.193620553240180016e-01	1.183745432645082474e-01
1.562500000000000033e-05	5.058985194073447461e-02	1.181891020387411118e-01	1.174619542434811592e-01
1.562500000000000033e-05	5.067577642164652896e-02	1.179850958287715912e-01	1.179663017392158508e-01
1.562500000000000033e-05	5.128218313749832724e-02	1.184190073981881142e-01	1.175922797992825508e-01
1.562500000000000033e-05	5.132460320674920445e-02	1.183803817257285118e-01	1.170347267761826515e-01
1.562500000000000033e-05	5.295587906354590202e-02	1.186668947339057922e-01	1.179795544594526291e-01
1.562500000000000033e-05	5.195482282698908605e-02	1.183926593512296677e-01	1.179695939645171165e-01
1.562500000000000033e-05	5.329011399534683974e-02	1.179357878863811493e-01	1.175789488479495049e-01
1.562500000000000033e-05	5.061830589665642505e-02	1.179087683558464050e-01	1.170138856396079063e-01
7.812500000000000163e-06	5.187008312985866981e-02	1.177154900506138802e-01	1.168966544792056084e-01
7.812500000000000163e-06	5.131155469372302574e-02	1.189897721633315086e-01	1.181238787248730659e-01
7.812500000000000163e-06	5.341559808842743368e-02	1.205991869792342186e-01	1.201844261959195137e-01
7.812500000000000163e-06	5.086572501289693404e-02	1.182521311566233635e-01	1.173466891050338745e-01
7.812500000000000163e-06	5.325399226025689936e-02	1.194365480914711952e-01	1.193940313532948494e-01
7.812500000000000163e-06	5.186420575350145917e-02	1.181666310876607895e-01	1.172372894361615181e-01
7.812500000000000163e-06	5.243911580005778533e-02	1.187898973003029823e-01	1.191976936534047127e-01
7.812500000000000163e-06	5.127278621060938485e-02	1.182934530079364777e-01	1.175707699730992317e-01
7.812500000000000163e-06	5.016335448886774517e-02	1.183593329042196274e-01	1.176943527534604073e-01
7.812500000000000163e-06	5.099471997988375138e-02	1.188095258548855782e-01	1.182691734284162521e-01
7.812500000000000163e-06	5.180099625376206190e-02	1.180122476071119308e-01	1.176502266898751259e-01
7.812500000000000163e-06	5.018725345217728978e-02	1.187981758266687393e-01	1.176971402019262314e-01
7.812500000000000163e-06	5.212402480501163171e-02	1.188143724575638771e-01	1.179885510355234146e-01
7.812500000000000163e-06	5.210391196269023584e-02	1.177675249055027962e-01	1.177008338272571564e-01
7.812500000000000163e-06	5.094569341479977809e-02	1.183300446718931198e-01	1.174168409779667854e-01
7.812500000000000163e-06	5.182652557386627917e-02	1.198708079755306244e-01	1.196443503722548485e-01
7.812500000000000163e-06	5.214055839784537821e-02	1.199665283784270287e-01	1.190645359456539154e-01
7.812500000000000163e-06	5.205030253604997492e-02	1.187477186322212219e-01	1.186760244891047478e-01
7.812500000000000163e-06	5.207225524737865013e-02	1.194521030411124229e-01	1.186395138502120972e-01
7.812500000000000163e-06	5.080664931218835390e-02	1.184895420446991920e-01	1.182556077837944031e-01
7.812500000000000163e-06	5.210009754835805140e-02	1.179344728589057922e-01	1.175541412085294724e-01
3.906250000000000081e-06	5.253917002413846515e-02	1.188777033239603043e-01	1.186353508383035660e-01
3.906250000000000081e-06	5.181732754918593614e-02	1.190017377957701683e-01	1.181431692093610764e-01
3.906250000000000081e-06	5.302088519063177102e-02	1.184673849493265152e-01	1.175062395632266998e-01
3.906250000000000081e-06	5.174070610841618317e-02	1.191248381510376930e-01	1.184278717264533043e-01
3.906250000000000081e-06	5.111267295064805122e-02	1.183766797184944153e-01	1.177356187254190445e-01
3.906250000000000081e-06	5.077364715405657120e-02	1.186917265877127647e-01	1.184454699978232384e-01
3.906250000000000081e-06	5.190232481005825627e-02	1.190192541107535362e-01	1.193930981680750847e-01
3.906250000000000081e-06	5.109010815997667293e-02	1.186287263408303261e-01	1.175066456198692322e-01
3.906250000000000081e-06	5.099075424331653283e-02	1.186612099409103394e-01	1.181355044245719910e-01
3.906250000000000081e-06	5.328358940874473870e-02	1.179699618369340897e-01	1.173101421445608139e-01
3.906250000000000081e-06	5.123508952652351678e-02	1.179732028394937515e-01	1.176300030201673508e-01
3.906250000000000081e-06	5.156383550242532587e-02	1.186538366600871086e-01	1.174747031182050705e-01
3.906250000000000081e-06	5.104971450718143178e-02	1.187989590689539909e-01	1.181132914498448372e-01
3.906250000000000081e-06	5.227776418758343924e-02	1.177925849333405495e-01	1.171475108712911606e-01
3.906250000000000081e-06	5.205331384381161469e-02	1.187122073024511337e-01	1.180138746276497841e-01
3.906250000000000081e-06	5.066887591081329495e-02	1.182156000286340714e-01	1.175911948084831238e-01
3.906250000000000081e-06	5.069156835162186986e-02	1.194055955857038498e-01	1.185470977798104286e-01
3.906250000000000081e-06	5.182443931698799133e-02	1.191396228969097137e-01	1.185115342959761620e-01
3.906250000000000081e-06	5.374664445466632856e-02	1.196867721155285835e-01	1.198124084621667862e-01
3.906250000000000081e-06	5.042353031944624836e-02	1.187159642577171326e-01	1.185532081872224808e-01
3.906250000000000081e-06	5.091627508024625798e-02	1.195115763694047928e-01	1.186822997406125069e-01
1.953125000000000041e-06	5.089088081370426314e-02	1.176298223435878754e-01	1.171024357900023460e-01
1.953125000000000041e-06	5.194907885374901862e-02	1.188872922211885452e-01	1.182083711028099060e-01
1.953125000000000041e-06	5.055229299807850046e-02	1.182185830548405647e-01	1.177414692938327789e-01
1.953125000000000041e-06	5.293465415133705859e-02	1.182343820109963417e-01	1.178396614268422127e-01
1.953125000000000041e-06	5.119191661854333858e-02	1.186346700415015221e-01	1.180398846045136452e-01
1.953125000000000041e-06	5.082214321893981784e-02	1.184957437217235565e-01	1.178176058456301689e-01
1.953125000000000041e-06	4.999513263943829167e-02	1.178476233035326004e-01	1.174394506961107254e-01
1.953125000000000041e-06	5.293416599684123980e-02	1.180305695161223412e-01	1.171775301918387413e-01
1.953125000000000041e-06	5.160983920663218122e-02	1.175572713837027550e-01	1.173288756981492043e-01
1.953125000000000041e-06	5.269401185686075489e-02	1.180348955094814301e-01	1.169896665960550308e-01
1.953125000000000041e-06	5.273943304826941847e-02	1.193258203566074371e-01	1.186668341979384422e-01
1.953125000000000041e-06	5.030444556776481058e-02	1.183520341292023659e-01	1.178978634998202324e-01
1.953125000000000041e-06	5.323819636921339055e-02	1.178022483363747597e-01	1.178275374695658684e-01
1.953125000000000041e-06	5.101798026810718673e-02	1.186919482424855232e-01	1.183011494576931000e-01
1.953125000000000041e-06	5.135275555562369282e-02	1.185750048607587814e-01	1.182004380971193314e-01
1.953125000000000041e-06	5.265968491004992258e-02	1.189907481893897057e-01	1.190293021500110626e-01
1.953125000000000041e-06	5.117736091908020590e-02	1.175629934296011925e-01	1.172485537827014923e-01
1.953125000000000041e-06	5.197809947819649612e-02	1.201431024819612503e-01	1.193744800984859467e-01
1.953125000000000041e-06	5.175077528515948516e-02	1.188919534906744957e-01	1.185132348909974098e-01
1.953125000000000041e-06	5.188277726875075574e-02	1.183127984404563904e-01	1.177739920094609261e-01
1.953125000000000041e-06	5.126238699200787174e-02	1.184855718165636063e-01	1.182405715808272362e-01
9.765625000000000203e-07	5.270048848624470789e-02	1.196956727653741837e-01	1.189271649345755577e-01
9.765625000000000203e-07	5.105985238959517836e-02	1.182227842509746552e-01	1.179257743060588837e-01
9.765625000000000203e-07	5.212271345567099506e-02	1.184948952868580818e-01	1.177273839712142944e-01
9.765625000000000203e-07	5.213409865015669609e-02	1.195277553051710129e-01	1.189611488953232765e-01
9.765625000000000203e-07	5.004995943436139905e-02	1.182559886947274208e-01	1.186090148985385895e-01
9.765625000000000203e-07	5.132505231643024607e-02	1.199759822338819504e-01	1.195768853649497032e-01
9.765625000000000203e-07	5.197233004094679171e-02	1.182425180450081825e-01	1.177839506417512894e-01
9.765625000000000203e-07	5.081250763769391138e-02	1.182113103568553925e-01	1.177145568653941154e-01
9.765625000000000203e-07	5.013084048523178821e-02	1.190530592575669289e-01	1.183598181232810020e-01
9.765625000000000203e-07	5.136061558806443578e-02	1.179719893261790276e-01	1.177109293639659882e-01
9.765625000000000203e-07	5.120445660586598474e-02	1.188584361225366592e-01	1.181983621791005135e-01
9.765625000000000203e-07	5.177762929963160288e-02	1.187987588346004486e-01	1.178291682153940201e-01
9.765625000000000203e-07	5.175100969551484770e-02	1.194668775424361229e-01	1.188844190910458565e-01
9.765625000000000203e-07	5.130980489186093979e-02	1.182306036353111267e-01	1.176045984029769897e-01
9.765625000000000203e-07	5.304822141799745566e-02	1.193668339401483536e-01	1.189078418537974358e-01
9.765625000000000203e-07	5.155256668789476998e-02	1.188800502568483353e-01	1.184816882014274597e-01
9.765625000000000203e-07	5.216131340476531236e-02	1.187111949548125267e-01	1.180339138954877853e-01
9.765625000000000203e-07	5.169561943864520864e-02	1.185362283140420914e-01	1.180452369153499603e-01
9.765625000000000203e-07	4.878119780104371583e-02	1.192453354597091675e-01	1.175218997523188591e-01
9.765625000000000203e-07	5.109936489334589160e-02	1.180346794426441193e-01	1.178908534348011017e-01
9.765625000000000203e-07	5.027351009694835948e-02	1.177346380427479744e-01	1.166874915361404419e-01
4.882812500000000102e-07	5.157894726040997135e-02	1.181142432615160942e-01	1.175040109083056450e-01
4.882812500000000102e-07	5.376898403031916268e-02	1.185257295146584511e-01	1.178478430956602097e-01
4.882812500000000102e-07	5.264118398669399845e-02	1.184966117143630981e-01	1.180652836337685585e-01
4.882812500000000102e-07	5.215550860083555812e-02	1.181344492360949516e-01	1.174189802259206772e-01
4.882812500000000102e-07	5.104492538714710398e-02	1.187284234911203384e-01	1.181764900684356689e-01
4.882812500000000102e-07	5.324306933185721930e-02	1.192162344232201576e-01	1.186832059174776077e-01
4.882812500000000102e-07	5.127921426975274449e-02	1.187517559155821800e-01	1.189554966986179352e-01
4.882812500000000102e-07	5.163224984573412668e-02	1.182137625291943550e-01	1.182031091302633286e-01
4.882812500000000102e-07	5.066857802905613828e-02	1.186941815540194511e-01	1.183464489877223969e-01
4.882812500000000102e-07	5.247957929025722640e-02	1.176155013963580132e-01	1.173568498343229294e-01
4.882812500000000102e-07	4.971080702505534243e-02	1.188676254823803902e-01	1.188388913869857788e-01
4.882812500000000102e-07	5.153245238375060017e-02	1.182395666837692261e-01	1.178523618727922440e-01
4.882812500000000102e-07	5.087698562235772048e-02	1.183553887531161308e-01	1.174765853211283684e-01
4.882812500000000102e-07	5.116460632674301595e-02	1.186212394386529922e-01	1.180210271850228310e-01
4.882812500000000102e-07	5.019074140847483434e-02	1.181102991104125977e-01	1.181233441457152367e-01
4.882812500000000102e-07	5.256102432178545725e-02	1.178469518199563026e-01	1.174577297642827034e-01
4.882812500000000102e-07	5.178230321860011892e-02	1.189152281731367111e-01	1.186642367392778397e-01
4.882812500000000102e-07	5.171730562667303105e-02	1.193867977708578110e-01	1.191568402573466301e-01
4.882812500000000102e-07	5.075065503957905400e-02	1.181037100031971931e-01	1.172163505107164383e-01
4.882812500000000102e-07	5.264751132153257240e-02	1.183769060298800468e-01	1.178110614418983459e-01
4.882812500000000102e-07	5.400804265201845922e-02	1.184647819027304649e-01	1.180229848250746727e-01
2.441406250000000051e-07	4.897045881687840663e-02	1.188989477232098579e-01	1.176885021850466728e-01
2.441406250000000051e-07	5.290063008477416395e-02	1.184843666851520538e-01	1.185349738225340843e-01
2.441406250000000051e-07	5.106618741079221868e-02	1.182112125679850578e-01	1.170265395194292068e-01
2.441406250000000051e-07	5.135068636906298112e-02	1.181587008759379387e-01	1.180096138268709183e-01
2.441406250000000051e-07	5.162557775649843222e-02	1.188851231709122658e-01	1.175991222262382507e-01
2.441406250000000051e-07	5.121487539403046102e-02	1.191701963543891907e-01	1.179337063804268837e-01
2.441406250000000051e-07	5.110357880969591121e-02	1.183015210554003716e-01	1.184274172410368919e-01
2.441406250000000051e-07	5.130200785926625900e-02	1.182774184271693230e-01	1.178001929074525833e-01
2.441406250000000051e-07	5.035644552752941566e-02	1.186032043769955635e-01	1.172948488965630531e-01
2.441406250000000051e-07	5.100948113618018059e-02	1.203405633568763733e-01	1.190244602039456367e-01
2.441406250000000051e-07	5.137824253002299529e-02	1.187188727781176567e-01	1.180414492264389992e-01
2.441406250000000051e-07	5.096556835725337548e-02	1.195796560496091843e-01	1.181376585736870766e-01
2.441406250000000051e-07	5.134078421736065073e-02	1.190911289304494858e-01	1.174664786085486412e-01
2.441406250000000051e-07	5.065303805130946802e-02	1.175857624039053917e-01	1.172075448557734489e-01
2.441406250000000051e-07	5.137919540269465096e-02	1.179307792335748672e-01	1.173607176169753075e-01
2.441406250000000051e-07	5.303930057377755081e-02	1.185285169631242752e-01	1.172115216031670570e-01
2.441406250000000051e-07	5.085554893446873892e-02	1.187860565260052681e-01	1.179419839754700661e-01
2.441406250000000051e-07	5.104478524078296525e-02	1.191571643576025963e-01	1.180407050997018814e-01
2.441406250000000051e-07	5.122394708892966803e-02	1.185610722750425339e-01	1.177286375313997269e-01
2.441406250000000051e-07	5.255475758185869373e-02	1.185971749946475029e-01	1.179456189274787903e-01
2.441406250000000051e-07	5.100359706373154556e-02	1.190453805029392242e-01	1.184246568009257317e-01
1.220703125000000025e-07	5.200175049750110912e-02	1.186469616368412971e-01	1.179834278300404549e-01
1.220703125000000025e-07	5.242135116382490301e-02	1.187760923057794571e-01	1.185394730418920517e-01
1.220703125000000025e-07	5.152974508797066033e-02	1.182409953325986862e-01	1.181145720183849335e-01
1.220703125000000025e-07	5.127385617056979400e-02	1.191789889708161354e-01	1.189975496381521225e-01
1.220703125000000025e-07	5.163180064174193590e-02	1.182806566357612610e-01	1.178117068484425545e-01
1.220703125000000025e-07	4.979718089858187896e-02	1.186224166303873062e-01	1.178227327764034271e-01
1.220703125000000025e-07	5.195813107339641856e-02	1.187378931790590286e-01	1.174618517979979515e-01
1.220703125000000025e-07	5.137537476382678103e-02	1.180749209597706795e-01	1.177778467535972595e-01
1.220703125000000025e-07	5.116168980168391001e-02	1.183090424165129662e-01	1.177146835252642632e-01
1.220703125000000025e-07	4.978387760399263090e-02	1.184645406901836395e-01	1.178149525076150894e-01
1.220703125000000025e-07	5.110601349910603303e-02	1.190153136849403381e-01	1.179529763758182526e-01
1.220703125000000025e-07	5.306303953822655295e-02	1.188832018524408340e-01	1.188586140051484108e-01
1.220703125000000025e-07	5.252655751154392677e-02	1.186331938952207565e-01	1.183003187179565430e-01
1.220703125000000025e-07	5.164268952381761979e-02	1.197956502437591553e-01	1.194692142307758331e-01
1.220703125000000025e-07	5.198923559694350327e-02	1.191954351961612701e-01	1.189530296251177788e-01
1.220703125000000025e-07	5.177577712301966589e-02	1.208199942484498024e-01	1.203718381002545357e-01
1.220703125000000025e-07	5.061604337224477612e-02	1.188753657042980194e-01	1.182583607733249664e-01
1.220703125000000025e-07	5.211710481892658370e-02	1.190732475370168686e-01	1.186049114912748337e-01
1.220703125000000025e-07	5.290727803035627508e-02	1.193151036277413368e-01	1.197534678503870964e-01
1.220703125000000025e-07	5.185535785895359351e-02	1.194354770705103874e-01	1.186038777232170105e-01
1.220703125000000025e-07	5.315198654992670663e-02	1.183418622240424156e-01	1.179184820502996445e-01
6.103515625000000127e-08	5.158075581811651100e-02	1.190636614337563515e-01	1.188836209475994110e-01
6.103515625000000127e-08	5.079687631960156519e-02	1.178792268037796021e-01	1.179692549630999565e-01
6.103515625000000127e-08	5.196767955829825758e-02	1.177129913121461868e-01	1.176443537697196007e-01
6.103515625000000127e-08	5.203557783101178669e-02	1.186690255999565125e-01	1.183492708951234818e-01
6.103515625000000127e-08	5.004364469006091637e-02	1.187479579821228981e-01	1.184100490063428879e-01
6.103515625000000127e-08	5.104030946953386910e-02	1.193480826914310455e-01	1.178940366953611374e-01
6.103515625000000127e-08	5.125387894767749475e-02	1.183746019378304482e-01	1.182383727282285690e-01
6.103515625000000127e-08	5.174923320359821333e-02	1.183091038838028908e-01	1.174650490283966064e-01
6.103515625000000127e-08	5.179069676919828558e-02	1.184309097006917000e-01	1.170292664319276810e-01
6.103515625000000127e-08	5.020361879392515325e-02	1.203834284096956253e-01	1.194986272603273392e-01
6.103515625000000127e-08	5.109830195956592547e-02	1.185841169208288193e-01	1.179931527003645897e-01
6.103515625000000127e-08	5.203799865668332775e-02	1.191149251535534859e-01	1.184687586501240730e-01
6.103515625000000127e-08	5.180763118440592091e-02	1.183633506298065186e-01	1.180281881242990494e-01
6.103515625000000127e-08	5.253564538080481017e-02	1.180303441360592842e-01	1.176686799153685570e-01
6.103515625000000127e-08	5.228497403897816587e-02	1.179788894951343536e-01	1.172550171613693237e-01
6.103515625000000127e-08	5.040618649955037195e-02	1.197119299322366714e-01	1.184401810169219971e-01
6.103515625000000127e-08	5.318750757016713071e-02	1.181791527196764946e-01	1.179111003875732422e-01
6.103515625000000127e-08	5.131462570044059007e-02	1.179862599819898605e-01	1.173250013962388039e-01
6.103515625000000127e-08	5.132302877646457984e-02	1.189428288489580154e-01	1.182661820203065872e-01
6.103515625000000127e-08	5.175022832766364156e-02	1.176485130563378334e-01	1.171813365072011948e-01
6.103515625000000127e-08	5.118744551569600482e-02	1.193855274468660355e-01	1.183341713622212410e-01
3.051757812500000064e-08	5.085984829671775370e-02	1.178268622606992722e-01	1.176563110202550888e-01
3.051757812500000064e-08	5.286693620153620071e-02	1.191855883225798607e-01	1.181922163814306259e-01
3.051757812500000064e-08	5.216622319591196488e-02	1.187410792335867882e-01	1.185847204178571701e-01
3.051757812500000064e-08	5.090240473988690006e-02	1.205854872241616249e-01	1.202937969937920570e-01
3.051757812500000064e-08	5.320925317421744405e-02	1.213832153007388115e-01	1.211736211553215981e-01
3.051757812500000064e-08	5.227653889716425695e-02	1.190521344542503357e-01	1.185090159997344017e-01
3.051757812500000064e-08	5.229550020038327418e-02	1.199234696105122566e-01	1.184870973229408264e-01
3.051757812500000064e-08	5.083200679738310301e-02	1.193781839683651924e-01	1.175630996003746986e-01
3.051757812500000064e-08	5.074675649970392804e-02	1.186537444591522217e-01	1.178867062553763390e-01
3.051757812500000064e-08	5.270857835495019322e-02	1.178195122629404068e-01	1.177939036861062050e-01
3.051757812500000064e-08	4.948327162220508141e-02	1.193304965272545815e-01	1.181940780952572823e-01
3.051757812500000064e-08	5.041993352808529782e-02	1.195055432617664337e-01	1.180748632177710533e-01
3.051757812500000064e-08	5.188971673008761776e-02	1.189042897894978523e-01	1.186632793396711349e-01
3.051757812500000064e-08	4.998393064435524558e-02	1.174041181802749634e-01	1.171960299834609032e-01
3.051757812500000064e-08	5.040880773640886436e-02	1.184433568269014359e-01	1.175114698708057404e-01
3.051757812500000064e-08	5.097313060224810399e-02	1.182784577831625938e-01	1.174635067582130432e-01
3.051757812500000064e-08	5.199797640118417746e-02	1.186030907556414604e-01	1.181006748229265213e-01
3.051757812500000064e-08	5.205242962965482556e-02	1.186949415132403374e-01	1.186177488416433334e-01
3.051757812500000064e-08	5.128738604768921794e-02	1.190705653280019760e-01	1.187952971085906029e-01
3.051757812500000064e-08	5.279229963316193347e-02	1.186973163858056068e-01	1.176997516304254532e-01
3.051757812500000064e-08	5.099420400359962885e-02	1.178538631647825241e-01	1.173031870275735855e-01
1.525878906250000032e-08	5.165482708547688984e-02	1.186258820816874504e-01	1.176778906956315041e-01
1.525878906250000032e-08	5.192855505060545857e-02	1.186698349192738533e-01	1.177732022479176521e-01
1.525878906250000032e-08	5.149003500236740832e-02	1.202271766960620880e-01	1.189399771392345428e-01
1.525878906250000032e-08	5.007338910540447968e-02	1.189783820882439613e-01	1.187554206699132919e-01
1.525878906250000032e-08	5.121884169646456070e-02	1.189439659938216209e-01	1.176849482581019402e-01
1.525878906250000032e-08	5.043153002669539808e-02	1.175349894911050797e-01	1.167373312637209892e-01
1.525878906250000032e-08	5.030360351069063790e-02	1.182613810524344444e-01	1.173973847180604935e-01
1.525878906250000032e-08	5.159916766459429066e-02	1.181776802986860275e-01	1.173909893259406090e-01
1.525878906250000032e-08	5.273466609135459005e-02	1.184143591672182083e-01	1.178920678794384003e-01
1.525878906250000032e-08	4.941468124714078897e-02	1.181024378165602684e-01	1.175320921465754509e-01
1.525878906250000032e-08	5.002437531948089600e-02	1.175577854737639427e-01	1.169103113934397697e-01
1.525878906250000032e-08	5.089293226976938228e-02	1.197160426527261734e-01	1.188861299306154251e-01
1.525878906250000032e-08	5.176147191396242297e-02	1.176586011424660683e-01	1.170100308954715729e-01
1.525878906250000032e-08	5.336138455173636969e-02	1.196661712601780891e-01	1.192129394039511681e-01
1.525878906250000032e-08	5.073494450012339813e-02	1.180475940927863121e-01	1.174687733873724937e-01
1.525878906250000032e-08	5.187712987012500776e-02	1.206128299236297607e-01	1.197632057592272758e-01
1.525878906250000032e-08	5.251837314306935511e-02	1.180223217234015465e-01	1.173771191388368607e-01
1.525878906250000032e-08	5.042184780858739723e-02	1.185333123430609703e-01	1.178368227556347847e-01
1.525878906250000032e-08	5.130400900033455641e-02	1.183257754892110825e-01	1.177797522395849228e-01
1.525878906250000032e-08	4.966566301410711010e-02	1.181155303493142128e-01	1.176448175683617592e-01
1.525878906250000032e-08	5.293595625818529882e-02	1.193275414407253265e-01	1.195925008505582809e-01
1.525878906250000032e-08	5.227078096587446654e-02	1.179740866646170616e-01	1.178187150508165359e-01
1.525878906250000032e-08	5.225621215716193257e-02	1.192000368610024452e-01	1.188700934872031212e-01
1.525878906250000032e-08	5.388900373555437218e-02	1.186340013518929482e-01	1.168967019766569138e-01
