2.000000000000000042e-03	4.082276945627188458e-01	4.784783162176609039e-01	4.688852950930595398e-01
2.000000000000000042e-03	3.107287631004671535e-01	3.911145143210887909e-01	3.900147750973701477e-01
2.000000000000000042e-03	2.763042768722848153e-01	3.026971630752086639e-01	2.996552214026451111e-01
2.000000000000000042e-03	2.591629307481306821e-01	2.622197065502405167e-01	2.651337515562772751e-01
2.000000000000000042e-03	2.418664578772798390e-01	2.495055478066205978e-01	2.468486167490482330e-01
2.000000000000000042e-03	2.248117039098015413e-01	2.565520759671926498e-01	2.570047248154878616e-01
2.000000000000000042e-03	2.159417586613305018e-01	2.325336541980504990e-01	2.331166751682758331e-01
2.000000000000000042e-03	2.114177900779096453e-01	2.144231963902711868e-01	2.175368051975965500e-01
2.000000000000000042e-03	2.100619288939463980e-01	2.496563550084829330e-01	2.506773080676794052e-01
2.000000000000000042e-03	2.021355953397630245e-01	2.184878587722778320e-01	2.204299047589302063e-01
2.000000000000000042e-03	2.031959183985674045e-01	1.834691185504198074e-01	1.859460882842540741e-01
2.000000000000000042e-03	1.981687834368476286e-01	2.070022150874137878e-01	2.097761128097772598e-01
2.000000000000000042e-03	1.886095183936855324e-01	2.170835584402084351e-01	2.170626241713762283e-01
2.000000000000000042e-03	1.842346074460428085e-01	1.962524931877851486e-01	1.982644796371459961e-01
2.000000000000000042e-03	1.853180967177016913e-01	2.688716351985931396e-01	2.712189573794603348e-01
2.000000000000000042e-03	1.843353755111935832e-01	1.807906087487936020e-01	1.786732319742441177e-01
2.000000000000000042e-03	1.802150016721290882e-01	2.254504822194576263e-01	2.247776668518781662e-01
2.000000000000000042e-03	1.767455230030832436e-01	1.842232029885053635e-01	1.848949883133172989e-01
2.000000000000000042e-03	1.773483458953567793e-01	2.130156420171260834e-01	2.148668598383665085e-01
2.000000000000000042e-03	1.779365635748151042e-01	1.884208749979734421e-01	1.924640685319900513e-01
2.000000000000000042e-03	1.729122041901455520e-01	1.860679481178522110e-01	1.879748106002807617e-01
2.000000000000000042e-03	1.721458533142186387e-01	1.742623224854469299e-01	1.751637700945138931e-01
2.000000000000000042e-03	1.695723167703121481e-01	1.667004544287919998e-01	1.679705325514078140e-01
2.000000000000000042e-03	1.679993254851691320e-01	1.582329515367746353e-01	1.586466748267412186e-01
2.000000000000000042e-03	1.665639237889760538e-01	1.614380944520235062e-01	1.622638739645481110e-01
2.000000000000000042e-03	1.610660068219220975e-01	2.048717103898525238e-01	2.066259328275918961e-01
2.000000000000000042e-03	1.622584918631783113e-01	1.646477244794368744e-01	1.685165576636791229e-01
2.000000000000000042e-03	1.611265964523146410e-01	1.677996478974819183e-01	1.677043884992599487e-01
2.000000000000000042e-03	1.580830014581921794e-01	1.600860785692930222e-01	1.626985110342502594e-01
2.000000000000000042e-03	1.614827840011331117e-01	1.524948067963123322e-01	1.526152025908231735e-01
2.000000000000000042e-03	1.537850118136104283e-01	1.702677588909864426e-01	1.709865257143974304e-01
2.000000000000000042e-03	1.577011741037610271e-01	1.566096078604459763e-01	1.586232744157314301e-01
2.000000000000000042e-03	1.560381254817866103e-01	1.557068973779678345e-01	1.581226941198110580e-01
2.000000000000000042e-03	1.547826551183869581e-01	1.811531577259302139e-01	1.809210907667875290e-01
2.000000000000000042e-03	1.532533038643341949e-01	1.643451955169439316e-01	1.658291481435298920e-01
2.000000000000000042e-03	1.531520776356322944e-01	1.473294608294963837e-01	1.485687419772148132e-01
2.000000000000000042e-03	1.561069745994821401e-01	1.672415211796760559e-01	1.659172885119915009e-01
2.000000000000000042e-03	1.522266308340845253e-01	1.618042718619108200e-01	1.606316883116960526e-01
2.000000000000000042e-03	1.473981506085094151e-01	1.598257124423980713e-01	1.615822017192840576e-01
2.000000000000000042e-03	1.475781314546548983e-01	1.622861735522747040e-01	1.651139389723539352e-01
2.000000000000000042e-03	1.458266556640214484e-01	1.482852958142757416e-01	1.476046908646821976e-01
2.000000000000000042e-03	1.462511397615263720e-01	1.488068476319313049e-01	1.497030481696128845e-01
2.000000000000000042e-03	1.487061187059064427e-01	1.474360898137092590e-01	1.494846232235431671e-01
2.000000000000000042e-03	1.437428199414965413e-01	1.498053576797246933e-01	1.519133634865283966e-01
2.000000000000000042e-03	1.415906293859964804e-01	1.392955165356397629e-01	1.411414649337530136e-01
2.000000000000000042e-03	1.477453666208665695e-01	1.475080288946628571e-01	1.454151235520839691e-01
2.000000000000000042e-03	1.433820107692404533e-01	1.540651004761457443e-01	1.544617526233196259e-01
2.000000000000000042e-03	1.406282650519020960e-01	1.474875099956989288e-01	1.489999536424875259e-01
2.000000000000000042e-03	1.436975706793084950e-01	1.637810375541448593e-01	1.663166116923093796e-01
2.000000000000000042e-03	1.402977981333491109e-01	1.448284238576889038e-01	1.422708593308925629e-01
2.000000000000000042e-03	1.396425796460501745e-01	1.426769755780696869e-01	1.442442778497934341e-01
2.000000000000000042e-03	1.397209856894951752e-01	1.471086060628294945e-01	1.472302470356225967e-01
2.000000000000000042e-03	1.367816229032564890e-01	1.403125952929258347e-01	1.394345005974173546e-01
2.000000000000000042e-03	1.383441791315621894e-01	1.672363188117742538e-01	1.688921153545379639e-01
2.000000000000000042e-03	1.362162896349460306e-01	1.639070827513933182e-01	1.654169131070375443e-01
2.000000000000000042e-03	1.366245976731746969e-01	1.589172817766666412e-01	1.614291444420814514e-01
2.000000000000000042e-03	1.346863859061953328e-01	1.407801490277051926e-01	1.424771640449762344e-01
2.000000000000000042e-03	1.316253428783597801e-01	1.404629424214363098e-01	1.433133147656917572e-01
2.000000000000000042e-03	1.395470098226885280e-01	1.434660069644451141e-01	1.433551479130983353e-01
2.000000000000000042e-03	1.327809914946556091e-01	1.360916737467050552e-01	1.365500427782535553e-01
2.000000000000000042e-03	1.325680416407464535e-01	1.367538869380950928e-01	1.376697719097137451e-01
2.000000000000000042e-03	1.314130190618430505e-01	1.614249553531408310e-01	1.592621933668851852e-01
2.000000000000000042e-03	1.315858843205850448e-01	1.581629272550344467e-01	1.578757502138614655e-01
2.000000000000000042e-03	1.322405540113207600e-01	1.577612664550542831e-01	1.566543634980916977e-01
2.000000000000000042e-03	1.353093217822569916e-01	1.720180772244930267e-01	1.733141578733921051e-01
2.000000000000000042e-03	1.350983482184289486e-01	1.485469993203878403e-01	1.512090470641851425e-01
2.000000000000000042e-03	1.289000844087781761e-01	1.466970667243003845e-01	1.467174571007490158e-01
2.000000000000000042e-03	1.287208767254141295e-01	1.383419036865234375e-01	1.380699276924133301e-01
2.000000000000000042e-03	1.327138130046144338e-01	1.460846625268459320e-01	1.468154005706310272e-01
2.000000000000000042e-03	1.304933332566973470e-01	1.552571337670087814e-01	1.545292288064956665e-01
2.000000000000000042e-03	1.329326609833331174e-01	1.342718088999390602e-01	1.340477950870990753e-01
2.000000000000000042e-03	1.250703520601308683e-01	1.327075492590665817e-01	1.331948023289442062e-01
2.000000000000000042e-03	1.267046504948712571e-01	1.444852501153945923e-01	1.474825460463762283e-01
2.000000000000000042e-03	1.263615024995200231e-01	1.400093398988246918e-01	1.435838919132947922e-01
2.000000000000000042e-03	1.250597616728348072e-01	1.374322753399610519e-01	1.387144792824983597e-01
2.000000000000000042e-03	1.267677483302128427e-01	1.426347456872463226e-01	1.427201610058546066e-01
2.000000000000000042e-03	1.376347289998320067e-01	1.390683799982070923e-01	1.403893809765577316e-01
2.000000000000000042e-03	1.280336855333062684e-01	1.596783306449651718e-01	1.616812124848365784e-01
2.000000000000000042e-03	1.222616618004026268e-01	1.447518151253461838e-01	1.462528947740793228e-01
2.000000000000000042e-03	1.216762057399447955e-01	1.387553587555885315e-01	1.377717908471822739e-01
2.000000000000000042e-03	1.199415362899816512e-01	1.425525620579719543e-01	1.431292481720447540e-01
2.000000000000000042e-03	1.215865813855883382e-01	1.385911554098129272e-01	1.417055279016494751e-01
2.000000000000000042e-03	1.200540688218949686e-01	1.427110843360424042e-01	1.430450957268476486e-01
2.000000000000000042e-03	1.180555626184125462e-01	1.336024040356278419e-01	1.332044098526239395e-01
2.000000000000000042e-03	1.187567723136913889e-01	1.353042619302868843e-01	1.358297439292073250e-01
2.000000000000000042e-03	1.136371183998977075e-01	1.754370518028736115e-01	1.785939503461122513e-01
2.000000000000000042e-03	1.196222634443753902e-01	1.418793741613626480e-01	1.429182030260562897e-01
2.000000000000000042e-03	1.143556618237797223e-01	1.344467364251613617e-01	1.342349424958229065e-01
2.000000000000000042e-03	1.270045135405999115e-01	1.441939752548933029e-01	1.445532999932765961e-01
2.000000000000000042e-03	1.247438090511515107e-01	1.379929482936859131e-01	1.391314733773469925e-01
2.000000000000000042e-03	1.153060946660705716e-01	1.300492538139224052e-01	1.290972782298922539e-01
2.000000000000000042e-03	1.133408687914474050e-01	1.318778991699218750e-01	1.315733119845390320e-01
2.000000000000000042e-03	1.114068396295173208e-01	1.406761426478624344e-01	1.442546453326940536e-01
2.000000000000000042e-03	1.163658404463454171e-01	1.291797310113906860e-01	1.317105647176504135e-01
2.000000000000000042e-03	1.122809041150008569e-01	1.310613155364990234e-01	1.331396643072366714e-01
2.000000000000000042e-03	1.142885276599775318e-01	1.343236770480871201e-01	1.336350804194808006e-01
2.000000000000000042e-03	1.172354669321941378e-01	1.359556820243597031e-01	1.363158039748668671e-01
2.000000000000000042e-03	1.124519293632688377e-01	1.371401250362396240e-01	1.359541211277246475e-01
2.000000000000000042e-03	1.216382747398147141e-01	1.313862279057502747e-01	1.332981614395976067e-01
2.000000000000000042e-03	1.123844409667992955e-01	1.262750895693898201e-01	1.260535363107919693e-01
2.000000000000000042e-03	1.106743598474731888e-01	1.263083564117550850e-01	1.268643485382199287e-01
2.000000000000000042e-03	1.115974566038650806e-01	1.346387155354022980e-01	1.337196473032236099e-01
2.000000000000000042e-03	1.097980074678795298e-01	1.335487803444266319e-01	1.357489721849560738e-01
2.000000000000000042e-03	1.084685830187193945e-01	1.291053052991628647e-01	1.292643360793590546e-01
2.000000000000000042e-03	1.101887099727799635e-01	1.374332178384065628e-01	1.389961391687393188e-01
2.000000000000000042e-03	1.099316942729527402e-01	1.430997252464294434e-01	1.467708498239517212e-01
2.000000000000000042e-03	1.127714469463010349e-01	1.373955812305212021e-01	1.378753921017050743e-01
2.000000000000000042e-03	1.076713219473633548e-01	1.416384149342775345e-01	1.423745509237051010e-01
2.000000000000000042e-03	1.122002599737312173e-01	1.368084745481610298e-01	1.367192491888999939e-01
2.000000000000000042e-03	1.054715994226781695e-01	1.292236801236867905e-01	1.298369662836194038e-01
2.000000000000000042e-03	1.039603501558303833e-01	1.265533464029431343e-01	1.288265287876129150e-01
2.000000000000000042e-03	1.069103324715095227e-01	1.415973547846078873e-01	1.416843254119157791e-01
2.000000000000000042e-03	1.084345917724355846e-01	1.338623566552996635e-01	1.324624661356210709e-01
2.000000000000000042e-03	1.075477749109268188e-01	1.319916043430566788e-01	1.336351875215768814e-01
2.000000000000000042e-03	1.074444781753081252e-01	1.302382024005055428e-01	1.317026428878307343e-01
2.000000000000000042e-03	1.026144546421268317e-01	1.410647034645080566e-01	1.390793658792972565e-01
2.000000000000000042e-03	1.028396591921395958e-01	1.280660564079880714e-01	1.299601756036281586e-01
2.000000000000000042e-03	1.034872223493419063e-01	1.308879246935248375e-01	1.313585732132196426e-01
2.000000000000000042e-03	1.003672921959357922e-01	1.228633662685751915e-01	1.240643039345741272e-01
2.000000000000000042e-03	1.023558208459540292e-01	1.384584577754139900e-01	1.383610423654317856e-01
2.000000000000000042e-03	9.861655552175981054e-02	1.296827448531985283e-01	1.321497634053230286e-01
2.000000000000000042e-03	1.008602321336540958e-01	1.312631350010633469e-01	1.307430956512689590e-01
2.000000000000000042e-03	9.822613745927810669e-02	1.349861966446042061e-01	1.360445227473974228e-01
2.000000000000000042e-03	1.039533999901783579e-01	1.344815474003553391e-01	1.326724477112293243e-01
2.000000000000000042e-03	1.015813163941419600e-01	1.281627723947167397e-01	1.271186368539929390e-01
2.000000000000000042e-03	9.772621981705291450e-02	1.298612952232360840e-01	1.322873122990131378e-01
2.000000000000000042e-03	9.935565566337561938e-02	1.329460218548774719e-01	1.314408732578158379e-01
2.000000000000000042e-03	1.015556418820272450e-01	1.292711505666375160e-01	1.294573312625288963e-01
2.000000000000000042e-03	9.617530252737334362e-02	1.329888626933097839e-01	1.333260349929332733e-01
2.000000000000000042e-03	9.738094623707517494e-02	1.241660341620445251e-01	1.249959990382194519e-01
2.000000000000000042e-03	9.927402540475507853e-02	1.357520241290330887e-01	1.356073934584856033e-01
2.000000000000000042e-03	9.369784442684318815e-02	1.308268234133720398e-01	1.315499525517225266e-01
2.000000000000000042e-03	1.001158855572531481e-01	1.266113128513097763e-01	1.266850195825099945e-01
2.000000000000000042e-03	9.650171991390517345e-02	1.278778165578842163e-01	1.278054062277078629e-01
2.000000000000000042e-03	9.457993846905382584e-02	1.260116407647728920e-01	1.266403151676058769e-01
2.000000000000000042e-03	9.797442063123365519e-02	1.282245814800262451e-01	1.281335540115833282e-01
2.000000000000000042e-03	9.552569781677631988e-02	1.293485108762979507e-01	1.291931495070457458e-01
2.000000000000000042e-03	9.206648982023890593e-02	1.291903117671608925e-01	1.306793428957462311e-01
2.000000000000000042e-03	9.328702893815463137e-02	1.307117473334074020e-01	1.301670856773853302e-01
2.000000000000000042e-03	9.557651256835913989e-02	1.395452097058296204e-01	1.400669831782579422e-01
1.000000000000000021e-03	8.443595393549037376e-02	1.218120697885751724e-01	1.206075064837932587e-01
1.000000000000000021e-03	8.324709412040590117e-02	1.248295437544584274e-01	1.257416261360049248e-01
1.000000000000000021e-03	8.207808859363387166e-02	1.194963399320840836e-01	1.186769418418407440e-01
1.000000000000000021e-03	8.109927828176112519e-02	1.222517518326640129e-01	1.221124120056629181e-01
1.000000000000000021e-03	7.953070434211176321e-02	1.193893495947122574e-01	1.211613044142723083e-01
1.000000000000000021e-03	7.720531466641003537e-02	1.190695418044924736e-01	1.183556355535984039e-01
1.000000000000000021e-03	7.962763026545319200e-02	1.262224335223436356e-01	1.249891370534896851e-01
1.000000000000000021e-03	7.939458468669577385e-02	1.222119759768247604e-01	1.222417913377285004e-01
1.000000000000000021e-03	7.930368477407889749e-02	1.268307510763406754e-01	1.281143594533205032e-01
1.000000000000000021e-03	7.788000727378868726e-02	1.196326203644275665e-01	1.188678508624434471e-01
1.000000000000000021e-03	7.648095248054855022e-02	1.175555521622300148e-01	1.179706286638975143e-01
1.000000000000000021e-03	7.833748277795465897e-02	1.200106050819158554e-01	1.215967731550335884e-01
1.000000000000000021e-03	7.714449604855308507e-02	1.215710127726197243e-01	1.217531133443117142e-01
1.000000000000000021e-03	7.694141236664372996e-02	1.234634416177868843e-01	1.246222518384456635e-01
1.000000000000000021e-03	7.872011257877832568e-02	1.213989425450563431e-01	1.210589697584509850e-01
1.000000000000000021e-03	7.709172311462933469e-02	1.230437895283102989e-01	1.229291614145040512e-01
1.000000000000000021e-03	7.675266100824633397e-02	1.162003846839070320e-01	1.161241475492715836e-01
1.000000000000000021e-03	7.529521573193465045e-02	1.207237001508474350e-01	1.225072266533970833e-01
1.000000000000000021e-03	7.449400957815255353e-02	1.202138755470514297e-01	1.218966981396079063e-01
1.000000000000000021e-03	7.588347528554216515e-02	1.182737564668059349e-01	1.174843152984976768e-01
1.000000000000000021e-03	7.408724046206172087e-02	1.186439692974090576e-01	1.191289527341723442e-01
1.000000000000000021e-03	7.758806631723537406e-02	1.245181420817971230e-01	1.236184136942028999e-01
1.000000000000000021e-03	7.963915956737119273e-02	1.205199174582958221e-01	1.181259490549564362e-01
1.000000000000000021e-03	7.481886550218244669e-02	1.192738590762019157e-01	1.197720188647508621e-01
1.000000000000000021e-03	7.169364760570888506e-02	1.232028715312480927e-01	1.236764630302786827e-01
1.000000000000000021e-03	7.296656024984166100e-02	1.224405094981193542e-01	1.224408857524394989e-01
1.000000000000000021e-03	7.301009271906901132e-02	1.236853869631886482e-01	1.224751491099596024e-01
1.000000000000000021e-03	7.593951529905765274e-02	1.230883840471506119e-01	1.209560865536332130e-01
1.000000000000000021e-03	7.346038053495974884e-02	1.216000625863671303e-01	1.208000518381595612e-01
1.000000000000000021e-03	7.140043717396410416e-02	1.193888075649738312e-01	1.195977218449115753e-01
1.000000000000000021e-03	7.303110717595377721e-02	1.239218739792704582e-01	1.240096790716052055e-01
1.000000000000000021e-03	7.215556290142144391e-02	1.238293228670954704e-01	1.238377224653959274e-01
1.000000000000000021e-03	7.019160291816614605e-02	1.203004233539104462e-01	1.183479707688093185e-01
1.000000000000000021e-03	7.017666134464589645e-02	1.247675353661179543e-01	1.249247984960675240e-01
1.000000000000000021e-03	7.354227080941200256e-02	1.207467857748270035e-01	1.197320623323321342e-01
1.000000000000000021e-03	7.183916173592398702e-02	1.203741803765296936e-01	1.198848485946655273e-01
1.000000000000000021e-03	7.029291435698920010e-02	1.199441263452172279e-01	1.211967486888170242e-01
1.000000000000000021e-03	7.152981164900562572e-02	1.212522070854902267e-01	1.192931281402707100e-01
5.000000000000000104e-04	6.813037612392933151e-02	1.195020191371440887e-01	1.182689787819981575e-01
5.000000000000000104e-04	6.366559943254990195e-02	1.154698664322495461e-01	1.147928079590201378e-01
5.000000000000000104e-04	6.183631704012049896e-02	1.168321818113327026e-01	1.156281651929020882e-01
5.000000000000000104e-04	6.281185239742073656e-02	1.184538304805755615e-01	1.161486664786934853e-01
5.000000000000000104e-04	6.119345986767660284e-02	1.194295603781938553e-01	1.180523522198200226e-01
5.000000000000000104e-04	6.325354860930502976e-02	1.171427266672253609e-01	1.167097436264157295e-01
5.000000000000000104e-04	6.050897705592686582e-02	1.156421434134244919e-01	1.143555054441094398e-01
5.000000000000000104e-04	6.152276756076872910e-02	1.169961467385292053e-01	1.156476354226469994e-01
5.000000000000000104e-04	6.375729264337805235e-02	1.193974949419498444e-01	1.186075499281287193e-01
5.000000000000000104e-04	6.161173093545285750e-02	1.181869683787226677e-01	1.163097601383924484e-01
5.000000000000000104e-04	6.332435241982906082e-02	1.181792290881276131e-01	1.152894943952560425e-01
5.000000000000000104e-04	6.074037105788158281e-02	1.168684680014848709e-01	1.158717172220349312e-01
5.000000000000000104e-04	6.236373751035219348e-02	1.180822672322392464e-01	1.172187570482492447e-01
5.000000000000000104e-04	6.085258618563036542e-02	1.184403309598565102e-01	1.172932162880897522e-01
5.000000000000000104e-04	5.922786353886881627e-02	1.163729606196284294e-01	1.154370447620749474e-01
5.000000000000000104e-04	6.096778413917444683e-02	1.194512043148279190e-01	1.193809825927019119e-01
5.000000000000000104e-04	6.164966731131830968e-02	1.181764733046293259e-01	1.171507490798830986e-01
5.000000000000000104e-04	5.965629927342450817e-02	1.185597674921154976e-01	1.170369153842329979e-01
5.000000000000000104e-04	5.974422404660454516e-02	1.164734307676553726e-01	1.153120258823037148e-01
5.000000000000000104e-04	6.096879364568975890e-02	1.177865955978631973e-01	1.166045293211936951e-01
5.000000000000000104e-04	5.866056496772584922e-02	1.153700426220893860e-01	1.157292956486344337e-01
5.000000000000000104e-04	5.745721042533464412e-02	1.155474483966827393e-01	1.157806701958179474e-01
5.000000000000000104e-04	5.888129874498029132e-02	1.194374691694974899e-01	1.183373788371682167e-01
5.000000000000000104e-04	5.928514478138730698e-02	1.184078212827444077e-01	1.185740940272808075e-01
5.000000000000000104e-04	5.906431890929801642e-02	1.167639195919036865e-01	1.155679635703563690e-01
5.000000000000000104e-04	5.895480244785924334e-02	1.162545960396528244e-01	1.153576942160725594e-01
5.000000000000000104e-04	5.924950257132324816e-02	1.166662536561489105e-01	1.151434825733304024e-01
5.000000000000000104e-04	5.726828968411759591e-02	1.193125890567898750e-01	1.170024350285530090e-01
5.000000000000000104e-04	5.904099944082996654e-02	1.175897428765892982e-01	1.162441931664943695e-01
5.000000000000000104e-04	5.688172824020627100e-02	1.176113914698362350e-01	1.167733939364552498e-01
5.000000000000000104e-04	5.867225714499437611e-02	1.169423665851354599e-01	1.147037427872419357e-01
5.000000000000000104e-04	5.881803152681906038e-02	1.167232654988765717e-01	1.155651099979877472e-01
5.000000000000000104e-04	5.904480923391595970e-02	1.178962625563144684e-01	1.165675818920135498e-01
5.000000000000000104e-04	5.759165714247316964e-02	1.156160291284322739e-01	1.149518163874745369e-01
5.000000000000000104e-04	5.732663909468469626e-02	1.204070979729294777e-01	1.193883782252669334e-01
5.000000000000000104e-04	5.826791734257830840e-02	1.171670006588101387e-01	1.152709079906344414e-01
5.000000000000000104e-04	5.876768998141530115e-02	1.189150093123316765e-01	1.176513703539967537e-01
5.000000000000000104e-04	5.748910324860222881e-02	1.192095512524247169e-01	1.191087448969483376e-01
5.000000000000000104e-04	6.045419887839993678e-02	1.188079863786697388e-01	1.172391753643751144e-01
5.000000000000000104e-04	5.803905842424948031e-02	1.173113575205206871e-01	1.162734013050794601e-01
5.000000000000000104e-04	5.528020901204664522e-02	1.200641188770532608e-01	1.188427722081542015e-01
5.000000000000000104e-04	5.669951533214955680e-02	1.184109663590788841e-01	1.182549465447664261e-01
2.500000000000000052e-04	5.210410822418671400e-02	1.159055680036544800e-01	1.141010960564017296e-01
2.500000000000000052e-04	5.406201621399649854e-02	1.176860909909009933e-01	1.165653783828020096e-01
2.500000000000000052e-04	5.245821281701703448e-02	1.177973281592130661e-01	1.159868193790316582e-01
2.500000000000000052e-04	5.236676453223711170e-02	1.156578715890645981e-01	1.136966049671173096e-01
2.500000000000000052e-04	5.426552406028856135e-02	1.195838078856468201e-01	1.183618288487195969e-01
2.500000000000000052e-04	5.327910920487174268e-02	1.157387541607022285e-01	1.139399483799934387e-01
2.500000000000000052e-04	5.309875568822969294e-02	1.176171479746699333e-01	1.152443261817097664e-01
2.500000000000000052e-04	5.102569727769380725e-02	1.165121784433722496e-01	1.147713363170623779e-01
2.500000000000000052e-04	5.390510792973675358e-02	1.159581542015075684e-01	1.142573757097125053e-01
2.500000000000000052e-04	5.229329209350332131e-02	1.163152847439050674e-01	1.152999112382531166e-01
2.500000000000000052e-04	5.089070765843874133e-02	1.177591374143958092e-01	1.158422911539673805e-01
2.500000000000000052e-04	5.175413092291807765e-02	1.183059262111783028e-01	1.165977129712700844e-01
2.500000000000000052e-04	5.164392919668668591e-02	1.161572271957993507e-01	1.136159803718328476e-01
2.500000000000000052e-04	5.019693321819546777e-02	1.164725003764033318e-01	1.150103025138378143e-01
2.500000000000000052e-04	5.110600345496889990e-02	1.165614137426018715e-01	1.143520679324865341e-01
2.500000000000000052e-04	5.196519950522652392e-02	1.165091032162308693e-01	1.140460930764675140e-01
2.500000000000000052e-04	5.098421631168715412e-02	1.173036238178610802e-01	1.150448331609368324e-01
2.500000000000000052e-04	4.992178780368611984e-02	1.160792186856269836e-01	1.141173811629414558e-01
2.500000000000000052e-04	5.100505634010592260e-02	1.171087985858321190e-01	1.148918075487017632e-01
2.500000000000000052e-04	5.151104898769644225e-02	1.168902814388275146e-01	1.160251377150416374e-01
2.500000000000000052e-04	4.892355491277537716e-02	1.159127522259950638e-01	1.143688326701521873e-01
1.250000000000000026e-04	5.023742552045025456e-02	1.176312966272234917e-01	1.151081835851073265e-01
1.250000000000000026e-04	4.928661118957061021e-02	1.162931108847260475e-01	1.145018320530653000e-01
1.250000000000000026e-04	4.753875586239597606e-02	1.165330111980438232e-01	1.134962439537048340e-01
1.250000000000000026e-04	4.776518881509575487e-02	1.167070223018527031e-01	1.143366331234574318e-01
1.250000000000000026e-04	4.879103105845330329e-02	1.159155750647187233e-01	1.139378622174263000e-01
1.250000000000000026e-04	4.883071388813513963e-02	1.161494348198175430e-01	1.135105034336447716e-01
1.250000000000000026e-04	4.729939332302612875e-02	1.158392122015357018e-01	1.140705281868577003e-01
1.250000000000000026e-04	4.826329794676997853e-02	1.159475529566407204e-01	1.151512768119573593e-01
1.250000000000000026e-04	5.019557791986042905e-02	1.158672077581286430e-01	1.151207434013485909e-01
1.250000000000000026e-04	4.825336358781102258e-02	1.162223191931843758e-01	1.143105262890458107e-01
1.250000000000000026e-04	4.958472943192795968e-02	1.158008491620421410e-01	1.150848260149359703e-01
1.250000000000000026e-04	4.741251690289641912e-02	1.159069174900650978e-01	1.138742472976446152e-01
1.250000000000000026e-04	4.804242661670793391e-02	1.163657708093523979e-01	1.142332255840301514e-01
1.250000000000000026e-04	4.799360013272188641e-02	1.159739941358566284e-01	1.134672351181507111e-01
1.250000000000000026e-04	4.871532684074172254e-02	1.153021808713674545e-01	1.145361447706818581e-01
1.250000000000000026e-04	4.692310802166974742e-02	1.176513032987713814e-01	1.146234069019556046e-01
1.250000000000000026e-04	4.987831654239304607e-02	1.159687787294387817e-01	1.143938945606350899e-01
1.250000000000000026e-04	4.830945613263528532e-02	1.161373443901538849e-01	1.150104226544499397e-01
1.250000000000000026e-04	4.761845439295225163e-02	1.168491616845130920e-01	1.154957143589854240e-01
1.250000000000000026e-04	4.705756968712505178e-02	1.156361307948827744e-01	1.137907393276691437e-01
1.250000000000000026e-04	4.788402477397194629e-02	1.167215863242745399e-01	1.148335700854659081e-01
1.250000000000000026e-04	4.964868356532688154e-02	1.160426987335085869e-01	1.144203199073672295e-01
1.250000000000000026e-04	4.661360533931587641e-02	1.164385508745908737e-01	1.148074846714735031e-01
1.250000000000000026e-04	4.839371856820734452e-02	1.168374316766858101e-01	1.148850154131650925e-01
1.250000000000000026e-04	4.774759818292871605e-02	1.171456864103674889e-01	1.154833016917109489e-01
1.250000000000000026e-04	4.734905026381528576e-02	1.182159241288900375e-01	1.156338946893811226e-01
1.250000000000000026e-04	4.755798147260388575e-02	1.164002073928713799e-01	1.143279485404491425e-01
1.250000000000000026e-04	4.775652619479577726e-02	1.159413885325193405e-01	1.138137048110365868e-01
1.250000000000000026e-04	4.766181691349306859e-02	1.164411604404449463e-01	1.140709845349192619e-01
1.250000000000000026e-04	4.757796477856515022e-02	1.163670513778924942e-01	1.142408037558197975e-01
1.250000000000000026e-04	4.708390484882306326e-02	1.169620221480727196e-01	1.151433056220412254e-01
1.250000000000000026e-04	4.653198309714281361e-02	1.161973131820559502e-01	1.141415331512689590e-01
1.250000000000000026e-04	4.748956991147391254e-02	1.176744494587182999e-01	1.150203105062246323e-01
1.250000000000000026e-04	4.754991074906119580e-02	1.169693814590573311e-01	1.154192071408033371e-01
1.250000000000000026e-04	4.669114112665381788e-02	1.158899627625942230e-01	1.137405550107359886e-01
1.250000000000000026e-04	4.775756276861022054e-02	1.175750428810715675e-01	1.150705888867378235e-01
6.250000000000000130e-05	4.574952406596533711e-02	1.159024527296423912e-01	1.136543843895196915e-01
6.250000000000000130e-05	4.576200628771057849e-02	1.167280627414584160e-01	1.141694793477654457e-01
6.250000000000000130e-05	4.662159698296197002e-02	1.160102486610412598e-01	1.139636356383562088e-01
6.250000000000000130e-05	4.671276148550117940e-02	1.160052837803959846e-01	1.139826159924268723e-01
6.250000000000000130e-05	4.577531583041329760e-02	1.160762971267104149e-01	1.139982426539063454e-01
6.250000000000000130e-05	4.672703054981141441e-02	1.178449643775820732e-01	1.153367878869175911e-01
6.250000000000000130e-05	4.672756630785857707e-02	1.168642267584800720e-01	1.147762034088373184e-01
6.250000000000000130e-05	4.765881135871138929e-02	1.163431908935308456e-01	1.149132773280143738e-01
6.250000000000000130e-05	4.372282941601698947e-02	1.156966714188456535e-01	1.144017400220036507e-01
6.250000000000000130e-05	4.465521914483625704e-02	1.159485783427953720e-01	1.141324304044246674e-01
6.250000000000000130e-05	4.510473087430000305e-02	1.163439648225903511e-01	1.143120462074875832e-01
6.250000000000000130e-05	4.589194271572028666e-02	1.161589026451110840e-01	1.146732028573751450e-01
6.250000000000000130e-05	4.607536101454420829e-02	1.163239032030105591e-01	1.145073492079973221e-01
6.250000000000000130e-05	4.538015219606930661e-02	1.166650187224149704e-01	1.152578964829444885e-01
6.250000000000000130e-05	4.471650762082655245e-02	1.167468652129173279e-01	1.142193200066685677e-01
6.250000000000000130e-05	4.476259818559960579e-02	1.170462388545274734e-01	1.144215092062950134e-01
6.250000000000000130e-05	4.470103309501575334e-02	1.162685025483369827e-01	1.143984422087669373e-01
6.250000000000000130e-05	4.551695023156419884e-02	1.159389847889542580e-01	1.139330174773931503e-01
6.250000000000000130e-05	4.555498851062376314e-02	1.156419152393937111e-01	1.142253056168556213e-01
6.250000000000000130e-05	4.627177557801898794e-02	1.171625647693872452e-01	1.149812946096062660e-01
6.250000000000000130e-05	4.691675286504286974e-02	1.158922072499990463e-01	1.145087787881493568e-01
3.125000000000000065e-05	4.491907424187358694e-02	1.177451871335506439e-01	1.150887161493301392e-01
3.125000000000000065e-05	4.470178376458867897e-02	1.158821415156126022e-01	1.141093550249934196e-01
3.125000000000000065e-05	4.300112621505049193e-02	1.159461466595530510e-01	1.140107493847608566e-01
3.125000000000000065e-05	4.481241319187079936e-02	1.157318642362952232e-01	1.142038162797689438e-01
3.125000000000000065e-05	4.508334695349765914e-02	1.163966516032814980e-01	1.144199809059500694e-01
3.125000000000000065e-05	4.575346683776831264e-02	1.159642916172742844e-01	1.139156809076666832e-01
3.125000000000000065e-05	4.512970625788350482e-02	1.162407342344522476e-01	1.140518598258495331e-01
3.125000000000000065e-05	4.647205279597753369e-02	1.166267441585659981e-01	1.145004229620099068e-01
3.125000000000000065e-05	4.435098836127715494e-02	1.166938701644539833e-01	1.150386082008481026e-01
3.125000000000000065e-05	4.393838077217717547e-02	1.172874923795461655e-01	1.154268877580761909e-01
3.125000000000000065e-05	4.488121887928323006e-02	1.170173278078436852e-01	1.147606289014220238e-01
3.125000000000000065e-05	4.473553508331504225e-02	1.159749804064631462e-01	1.139536248520016670e-01
3.125000000000000065e-05	4.488978119967858976e-02	1.169609911739826202e-01	1.146544776856899261e-01
3.125000000000000065e-05	4.627574485125420661e-02	1.170486044138669968e-01	1.144326534122228622e-01
3.125000000000000065e-05	4.481040931577923853e-02	1.160155422985553741e-01	1.146024614572525024e-01
3.125000000000000065e-05	4.387572784967060102e-02	1.164737297222018242e-01	1.151487873867154121e-01
3.125000000000000065e-05	4.444935356702985757e-02	1.176401227712631226e-01	1.146565154194831848e-01
3.125000000000000065e-05	4.416244759967055677e-02	1.158985197544097900e-01	1.140889702364802361e-01
3.125000000000000065e-05	4.586516110863111950e-02	1.166145559400320053e-01	1.149017270654439926e-01
3.125000000000000065e-05	4.334334991400754650e-02	1.165376380085945129e-01	1.140113091096282005e-01
3.125000000000000065e-05	4.443683564851555468e-02	1.168320560827851295e-01	1.142838029190897942e-01
1.562500000000000033e-05	4.432468682150297185e-02	1.160644097253680229e-01	1.139789037406444550e-01
1.562500000000000033e-05	4.520796588327311016e-02	1.181336883455514908e-01	1.158933937549591064e-01
1.562500000000000033e-05	4.359315562097332286e-02	1.158667001873254776e-01	1.140889069065451622e-01
1.562500000000000033e-05	4.591697666652595072e-02	1.168427830561995506e-01	1.148902829736471176e-01
1.562500000000000033e-05	4.507137311598922308e-02	1.171483807265758514e-01	1.148463888093829155e-01
1.562500000000000033e-05	4.495792548301853764e-02	1.168277570977807045e-01	1.151552051305770874e-01
1.562500000000000033e-05	4.370021662097188508e-02	1.159749366343021393e-01	1.146706305444240570e-01
1.562500000000000033e-05	4.472896324682839458e-02	1.192707056179642677e-01	1.166151734068989754e-01
1.562500000000000033e-05	4.447006417697743630e-02	1.165797468274831772e-01	1.146064167842268944e-01
1.562500000000000033e-05	4.538770017650308602e-02	1.174474423751235008e-01	1.148136397823691368e-01
1.562500000000000033e-05	4.422215466635136955e-02	1.160466531291604042e-01	1.147712795063853264e-01
1.562500000000000033e-05	4.375497888349279274e-02	1.160138668492436409e-01	1.140200765803456306e-01
1.562500000000000033e-05	4.460069240082668168e-02	1.155132493004202843e-01	1.141025042161345482e-01
1.562500000000000033e-05	4.244542124244985587e-02	1.158274197950959206e-01	1.139924498274922371e-01
1.562500000000000033e-05	4.483261162155791069e-02	1.164233172312378883e-01	1.139503866434097290e-01
1.562500000000000033e-05	4.558512719371651117e-02	1.179488971829414368e-01	1.153635336086153984e-01
1.562500000000000033e-05	4.471313835510724866e-02	1.161685883998870850e-01	1.143047930672764778e-01
1.562500000000000033e-05	4.386293166611768268e-02	1.163875004276633263e-01	1.141887856647372246e-01
1.562500000000000033e-05	4.373677640776090642e-02	1.174884326756000519e-01	1.152490312233567238e-01
1.562500000000000033e-05	4.545239660936065823e-02	1.160463811829686165e-01	1.136907590553164482e-01
1.562500000000000033e-05	4.527746876583823438e-02	1.168917259201407433e-01	1.149029061198234558e-01
7.812500000000000163e-06	4.551503783728502728e-02	1.159830782562494278e-01	1.135793756693601608e-01
7.812500000000000163e-06	4.399523516244525922e-02	1.163497967645525932e-01	1.139555023983120918e-01
7.812500000000000163e-06	4.567218548323534466e-02	1.164472866803407669e-01	1.147637786343693733e-01
7.812500000000000163e-06	4.426347822705401641e-02	1.162162199616432190e-01	1.143089486286044121e-01
7.812500000000000163e-06	4.240308404911922319e-02	1.162533815950155258e-01	1.143236337229609489e-01
7.812500000000000163e-06	4.534612659695027442e-02	1.157227940857410431e-01	1.142419856041669846e-01
7.812500000000000163e-06	4.398294672652890147e-02	1.166349174454808235e-01	1.150390021502971649e-01
7.812500000000000163e-06	4.471087427456167662e-02	1.169200530275702477e-01	1.141817262396216393e-01
7.812500000000000163e-06	4.265661589518378316e-02	1.167620960623025894e-01	1.143042901530861855e-01
7.812500000000000163e-06	4.496103671344020558e-02	1.165447216480970383e-01	1.141388779506087303e-01
7.812500000000000163e-06	4.424884854049622451e-02	1.164147388190031052e-01	1.140749296173453331e-01
7.812500000000000163e-06	4.409696211260330512e-02	1.158616309985518456e-01	1.140687512233853340e-01
7.812500000000000163e-06	4.448704765755918944e-02	1.163774402812123299e-01	1.143949627876281738e-01
7.812500000000000163e-06	4.464091761391374147e-02	1.186524005606770515e-01	1.167779611423611641e-01
7.812500000000000163e-06	4.341276150338257284e-02	1.160852136090397835e-01	1.141249090433120728e-01
7.812500000000000163e-06	4.530695934273019920e-02	1.167641533538699150e-01	1.151952017098665237e-01
7.812500000000000163e-06	4.452283704016782306e-02	1.166061060503125191e-01	1.145325927063822746e-01
7.812500000000000163e-06	4.477744860739647781e-02	1.173997269943356514e-01	1.146327536553144455e-01
7.812500000000000163e-06	4.406084311253662122e-02	1.172583345323801041e-01	1.147254062816500664e-01
7.812500000000000163e-06	4.379675942885724593e-02	1.166906878352165222e-01	1.141724027693271637e-01
7.812500000000000163e-06	4.407174630632883228e-02	1.166101898998022079e-01	1.140992026776075363e-01
3.906250000000000081e-06	4.517558792346640373e-02	1.166685549542307854e-01	1.146177137270569801e-01
3.906250000000000081e-06	4.453281185860875208e-02	1.165676759555935860e-01	1.141859153285622597e-01
3.906250000000000081e-06	4.278004424104207837e-02	1.166954617947340012e-01	1.147647807374596596e-01
3.906250000000000081e-06	4.382488454538810418e-02	1.163914194330573082e-01	1.141428695991635323e-01
3.906250000000000081e-06	4.368196618802185072e-02	1.160123515874147415e-01	1.145625812932848930e-01
3.906250000000000081e-06	4.447348439429379963e-02	1.176810236647725105e-01	1.152583966031670570e-01
3.906250000000000081e-06	4.428730968716023536e-02	1.165648968890309334e-01	1.146029261872172356e-01
3.906250000000000081e-06	4.368718730026407981e-02	1.157404035329818726e-01	1.140058171004056931e-01
3.906250000000000081e-06	4.368884083402307938e-02	1.161881526932120323e-01	1.149141276255249977e-01
3.906250000000000081e-06	4.478993007465253973e-02	1.163049507886171341e-01	1.149288816377520561e-01
3.906250000000000081e-06	4.319968112284624379e-02	1.189007768407464027e-01	1.167278569191694260e-01
3.906250000000000081e-06	4.502689722878269046e-02	1.170214004814624786e-01	1.145900320261716843e-01
3.906250000000000081e-06	4.429085246181186514e-02	1.165184462442994118e-01	1.142302127555012703e-01
3.906250000000000081e-06	4.529218823660777909e-02	1.155977789312601089e-01	1.136780809611082077e-01
3.906250000000000081e-06	4.403840887207019494e-02	1.169047625735402107e-01	1.155336862429976463e-01
3.906250000000000081e-06	4.321998725586299883e-02	1.165261939167976379e-01	1.148331509903073311e-01
3.906250000000000081e-06	4.591099172830581665e-02	1.169422371312975883e-01	1.158761009573936462e-01
3.906250000000000081e-06	4.269190790438199407e-02	1.162973735481500626e-01	1.142683178186416626e-01
3.906250000000000081e-06	4.469590542154221885e-02	1.160419471561908722e-01	1.145734330639243126e-01
3.906250000000000081e-06	4.315074179557305128e-02	1.164805134758353233e-01	1.144820535555481911e-01
3.906250000000000081e-06	4.307195105696026011e-02	1.164418784901499748e-01	1.148559851571917534e-01
1.953125000000000041e-06	4.493881677147708309e-02	1.161125311627984047e-01	1.151367425918579102e-01
1.953125000000000041e-06	4.509213514908959330e-02	1.161265717819333076e-01	1.145455148071050644e-01
1.953125000000000041e-06	4.379142372857166426e-02	1.179994493722915649e-01	1.157250721007585526e-01
1.953125000000000041e-06	4.406346272252782692e-02	1.160722337663173676e-01	1.139292623847723007e-01
1.953125000000000041e-06	4.337344981164117236e-02	1.169852213934063911e-01	1.151851899921894073e-01
1.953125000000000041e-06	4.399115691267991429e-02	1.158249583095312119e-01	1.140551622956991196e-01
1.953125000000000041e-06	4.325841744489307417e-02	1.162156099453568459e-01	1.143824663013219833e-01
1.953125000000000041e-06	4.660917893995212419e-02	1.198352882638573647e-01	1.179655520245432854e-01
1.953125000000000041e-06	4.461866117353680689e-02	1.182083236053586006e-01	1.159626422449946404e-01
1.953125000000000041e-06	4.325963799617713046e-02	1.164018493145704269e-01	1.148067759349942207e-01
1.953125000000000041e-06	4.517950499548187976e-02	1.164443027228116989e-01	1.146854888647794724e-01
1.953125000000000041e-06	4.364334131720699894e-02	1.169184772297739983e-01	1.150568155571818352e-01
1.953125000000000041e-06	4.459509706195396994e-02	1.170960869640111923e-01	1.145956581458449364e-01
1.953125000000000041e-06	4.414860949014560998e-02	1.168640581890940666e-01	1.151907099410891533e-01
1.953125000000000041e-06	4.368937496520296226e-02	1.174836149439215660e-01	1.164395408704876900e-01
1.953125000000000041e-06	4.576438094807576407e-02	1.162154702469706535e-01	1.142506338655948639e-01
1.953125000000000041e-06	4.338516592036319869e-02	1.161627853289246559e-01	1.141284825280308723e-01
1.953125000000000041e-06	4.282158752313897782e-02	1.168267037719488144e-01	1.140778101980686188e-01
1.953125000000000041e-06	4.392938848726356954e-02	1.163722295314073563e-01	1.140488162636756897e-01
1.953125000000000041e-06	4.301602270784257026e-02	1.159323677420616150e-01	1.134655028581619263e-01
1.953125000000000041e-06	4.230066702430006903e-02	1.168745104223489761e-01	1.142796594649553299e-01
9.765625000000000203e-07	4.385428635191313679e-02	1.162169789895415306e-01	1.144878286868333817e-01
9.765625000000000203e-07	4.390864545785928136e-02	1.163475289940834045e-01	1.145910378545522690e-01
9.765625000000000203e-07	4.543889530851871056e-02	1.173860570415854454e-01	1.161018861457705498e-01
9.765625000000000203e-07	4.319098459768899029e-02	1.174195697531104088e-01	1.157852606847882271e-01
9.765625000000000203e-07	4.458748195556145461e-02	1.182985855266451836e-01	1.156331067904829979e-01
9.765625000000000203e-07	4.549059427425831276e-02	1.158919213339686394e-01	1.146143507212400436e-01
9.765625000000000203e-07	4.271671128801152878e-02	1.163697419688105583e-01	1.137836771085858345e-01
9.765625000000000203e-07	4.415135566569582115e-02	1.173442322760820389e-01	1.146804569289088249e-01
9.765625000000000203e-07	4.381749283852456184e-02	1.161880390718579292e-01	1.147601883858442307e-01
9.765625000000000203e-07	4.373904864622067679e-02	1.159892790019512177e-01	1.138152126222848892e-01
9.765625000000000203e-07	4.311925290694719470e-02	1.171366386115550995e-01	1.156925726681947708e-01
9.765625000000000203e-07	4.384915092134777231e-02	1.156222838908433914e-01	1.139106452465057373e-01
9.765625000000000203e-07	4.486757832803303647e-02	1.174079421907663345e-01	1.159438062459230423e-01
9.765625000000000203e-07	4.293928724489634585e-02	1.183387488126754761e-01	1.159064657986164093e-01
9.765625000000000203e-07	4.401351179031631755e-02	1.161072384566068649e-01	1.146113630384206772e-01
9.765625000000000203e-07	4.428204637067981869e-02	1.158363129943609238e-01	1.139339040964841843e-01
9.765625000000000203e-07	4.314280626705930405e-02	1.161247221753001213e-01	1.137835653498768806e-01
9.765625000000000203e-07	4.522295692298985981e-02	1.171775013208389282e-01	1.154101137071847916e-01
9.765625000000000203e-07	4.334481044000462746e-02	1.157764773815870285e-01	1.142313731834292412e-01
9.765625000000000203e-07	4.438605074641070736e-02	1.158614456653594971e-01	1.145171262323856354e-01
9.765625000000000203e-07	4.452581658865077674e-02	1.156905656680464745e-01	1.142350798472762108e-01
4.882812500000000102e-07	4.246739944136595363e-02	1.164035405963659286e-01	1.139516392722725868e-01
4.882812500000000102e-07	4.407888983340957356e-02	1.158262323588132858e-01	1.141637759283185005e-01
4.882812500000000102e-07	4.398312089563925081e-02	1.176397670060396194e-01	1.156183388084173203e-01
4.882812500000000102e-07	4.422701909383641022e-02	1.162409344688057899e-01	1.144996508955955505e-01
4.882812500000000102e-07	4.279173681913297361e-02	1.158062750473618507e-01	1.145657617598772049e-01
4.882812500000000102e-07	4.352307272485540085e-02	1.164699671790003777e-01	1.142853694036602974e-01
4.882812500000000102e-07	4.437411437400533981e-02	1.168103152886033058e-01	1.149833370000123978e-01
4.882812500000000102e-07	4.459793934056276166e-02	1.155783599242568016e-01	1.140983058139681816e-01
4.882812500000000102e-07	4.435478249871278172e-02	1.167042898014187813e-01	1.147349644452333450e-01
4.882812500000000102e-07	4.482802357288855760e-02	1.160996891558170319e-01	1.143164513632655144e-01
4.882812500000000102e-07	4.595056874088094406e-02	1.169035322964191437e-01	1.157145593315362930e-01
4.882812500000000102e-07	4.388728905233401506e-02	1.158205466344952583e-01	1.139035401865839958e-01
4.882812500000000102e-07	4.323031456221507890e-02	1.168289631605148315e-01	1.144853467121720314e-01
4.882812500000000102e-07	4.451088555440117778e-02	1.162659786641597748e-01	1.142791295424103737e-01
4.882812500000000102e-07	4.451204428472851221e-02	1.165788220241665840e-01	1.136838244274258614e-01
4.882812500000000102e-07	4.393294750701023238e-02	1.168893221765756607e-01	1.142730545252561569e-01
4.882812500000000102e-07	4.284186774416814947e-02	1.165754804387688637e-01	1.144320080056786537e-01
4.882812500000000102e-07	4.479193654430063676e-02	1.171490680426359177e-01	1.150337401777505875e-01
4.882812500000000102e-07	4.309057151969475363e-02	1.169210067018866539e-01	1.146669480949640274e-01
4.882812500000000102e-07	4.480942178376113444e-02	1.168932616710662842e-01	1.144602717831730843e-01
4.882812500000000102e-07	4.306445900303653568e-02	1.177079211920499802e-01	1.153647536411881447e-01
2.441406250000000051e-07	4.530277214001251357e-02	1.158489231020212173e-01	1.142471795901656151e-01
2.441406250000000051e-07	4.440808602714840098e-02	1.166859548538923264e-01	1.152745597064495087e-01
2.441406250000000051e-07	4.300346984704838532e-02	1.158768469467759132e-01	1.143022747710347176e-01
2.441406250000000051e-07	4.325415165741232359e-02	1.161306481808423996e-01	1.143427053466439247e-01
2.441406250000000051e-07	4.436018794209142108e-02	1.165921576321125031e-01	1.143517158925533295e-01
2.441406250000000051e-07	4.475375123416321099e-02	1.171783739700913429e-01	1.152554536238312721e-01
2.441406250000000051e-07	4.382895560392850720e-02	1.174547467380762100e-01	1.149720754474401474e-01
2.441406250000000051e-07	4.400045332746415488e-02	1.166649628430604935e-01	1.147235259413719177e-01
2.441406250000000051e-07	4.438107797899578516e-02	1.160788694396615028e-01	1.140077020972967148e-01
2.441406250000000051e-07	4.429053328931331635e-02	1.159198367968201637e-01	1.145939677953720093e-01
2.441406250000000051e-07	4.397180318077908295e-02	1.169912833720445633e-01	1.154402261599898338e-01
2.441406250000000051e-07	4.292077514566952634e-02	1.169838672503829002e-01	1.147939572110772133e-01
2.441406250000000051e-07	4.321102647087241705e-02	1.168282311409711838e-01	1.146010002121329308e-01
2.441406250000000051e-07	4.556469081700602330e-02	1.178465886041522026e-01	1.152429627254605293e-01
2.441406250000000051e-07	4.451783010853996997e-02	1.166835436597466469e-01	1.149400724098086357e-01
2.441406250000000051e-07	4.344916419137882097e-02	1.153432028368115425e-01	1.132549475878477097e-01
2.441406250000000051e-07	4.365394797317589254e-02	1.159186558797955513e-01	1.140341972932219505e-01
2.441406250000000051e-07	4.557625187820271706e-02	1.166895451024174690e-01	1.147686801850795746e-01
2.441406250000000051e-07	4.299040879063968645e-02	1.162741715088486671e-01	1.143131321296095848e-01
2.441406250000000051e-07	4.409794209972967005e-02	1.162367733195424080e-01	1.141602620482444763e-01
2.441406250000000051e-07	4.501139514053924262e-02	1.155925383791327477e-01	1.134422514587640762e-01
1.220703125000000025e-07	4.453247601661500937e-02	1.160566592589020729e-01	1.139376992359757423e-01
1.220703125000000025e-07	4.332407849216008550e-02	1.164243221282958984e-01	1.142859635874629021e-01
1.220703125000000025e-07	4.328157219894324809e-02	1.167211439460515976e-01	1.149830250069499016e-01
1.220703125000000025e-07	4.440480286750612265e-02	1.163466731086373329e-01	1.149563239887356758e-01
1.220703125000000025e-07	4.258211346083803917e-02	1.165992049500346184e-01	1.147744925692677498e-01
1.220703125000000025e-07	4.382502844062032693e-02	1.164268730208277702e-01	1.143849473446607590e-01
1.220703125000000025e-07	4.449032579513290120e-02	1.166796926409006119e-01	1.145485164597630501e-01
1.220703125000000025e-07	4.405462171269368399e-02	1.158359814435243607e-01	1.138717532157897949e-01
1.220703125000000025e-07	4.356663825013969843e-02	1.162481084465980530e-01	1.149467919021844864e-01
1.220703125000000025e-07	4.370773748695096217e-02	1.166733186691999435e-01	1.147858556360006332e-01
1.220703125000000025e-07	4.471687043580827720e-02	1.163896257057785988e-01	1.147321248427033424e-01
1.220703125000000025e-07	4.334323485440845503e-02	1.164512913674116135e-01	1.142778145149350166e-01
1.220703125000000025e-07	4.383650870074199540e-02	1.165413390845060349e-01	1.145813260227441788e-01
1.220703125000000025e-07	4.233028565215159189e-02	1.174095654860138893e-01	1.150697469711303711e-01
1.220703125000000025e-07	4.370788234887244134e-02	1.160405967384576797e-01	1.141595020890235901e-01
1.220703125000000025e-07	4.226371976016442961e-02	1.159338075667619705e-01	1.141177779063582420e-01
1.220703125000000025e-07	4.421194727662243473e-02	1.167707704007625580e-01	1.147161247208714485e-01
1.220703125000000025e-07	4.258222076334530759e-02	1.161460261791944504e-01	1.140516456216573715e-01
1.220703125000000025e-07	4.489355484801757501e-02	1.162559781223535538e-01	1.144085479900240898e-01
1.220703125000000025e-07	4.436806051791468419e-02	1.166007891297340393e-01	1.149582611396908760e-01
1.220703125000000025e-07	4.228177869433089042e-02	1.159575106576085091e-01	1.136774681508541107e-01
6.103515625000000127e-08	4.347393048714987690e-02	1.162347979843616486e-01	1.142324442043900490e-01
6.103515625000000127e-08	4.482970688539215237e-02	1.175648076459765434e-01	1.150971055030822754e-01
6.103515625000000127e-08	4.559794756807858396e-02	1.152459979057312012e-01	1.140065751969814301e-01
6.103515625000000127e-08	4.364026427457604052e-02	1.157412277534604073e-01	1.142905261367559433e-01
6.103515625000000127e-08	4.421183268857907522e-02	1.157631939277052879e-01	1.144262608140707016e-01
6.103515625000000127e-08	4.361160691308824111e-02	1.180234011262655258e-01	1.161687197163701057e-01
6.103515625000000127e-08	4.372032366315774937e-02	1.166272275149822235e-01	1.143662342801690102e-01
6.103515625000000127e-08	4.356016117277779209e-02	1.161248842254281044e-01	1.140161389485001564e-01
6.103515625000000127e-08	4.363072498501101293e-02	1.160824811086058617e-01	1.139260437339544296e-01
6.103515625000000127e-08	4.386963174218618672e-02	1.167576238512992859e-01	1.145566171035170555e-01
6.103515625000000127e-08	4.574484354521654583e-02	1.164103848859667778e-01	1.143455496057868004e-01
6.103515625000000127e-08	4.437562262144269937e-02	1.167209520936012268e-01	1.154041355475783348e-01
6.103515625000000127e-08	4.496927997922595815e-02	1.164206648245453835e-01	1.148619605228304863e-01
