1.000000000000000021e-03	3.039617794953230479e-01	1.750104653585643766e-01	1.649289235472679027e-01
1.000000000000000021e-03	2.037742302047089726e-01	2.168723663110383448e-01	2.075406368821859360e-01
1.000000000000000021e-03	1.719850613245303972e-01	1.690540085912374813e-01	1.588224310427904240e-01
1.000000000000000021e-03	1.544996539977069872e-01	1.046478240433787732e-01	9.276221673935651502e-02
1.000000000000000021e-03	1.436143845727167745e-01	1.050982857171777612e-01	9.469235837459563654e-02
1.000000000000000021e-03	1.332243589978012732e-01	1.065952123303687965e-01	9.844280928373336237e-02
1.000000000000000021e-03	1.226921400457291200e-01	1.016801967826813369e-01	9.149900488555431921e-02
1.000000000000000021e-03	1.119905371476807854e-01	1.202319839783988070e-01	1.140070836991071701e-01
1.000000000000000021e-03	1.019150768387726835e-01	1.080196492412951598e-01	1.010177018120884951e-01
1.000000000000000021e-03	9.674138311186178396e-02	7.411054231187436114e-02	6.998917190358042162e-02
1.000000000000000021e-03	9.012743700869975394e-02	6.869222680155519234e-02	6.864117076620460112e-02
1.000000000000000021e-03	8.631002634694369402e-02	6.844182897612687000e-02	7.194952424615622122e-02
1.000000000000000021e-03	8.396979733876810958e-02	8.757247056090394777e-02	8.382752835750580112e-02
1.000000000000000021e-03	8.049838840874770640e-02	8.386281719772603616e-02	9.632582869380712509e-02
1.000000000000000021e-03	7.778753148020180197e-02	8.715753834597103622e-02	9.068723972886801044e-02
1.000000000000000021e-03	7.620496431570403240e-02	6.251532498610581912e-02	6.902207303792237680e-02
1.000000000000000021e-03	7.414261869102317659e-02	5.806059084091511058e-02	6.156064467504620413e-02
1.000000000000000021e-03	7.202701653944953986e-02	5.619050094282439928e-02	5.963824866339564185e-02
1.000000000000000021e-03	7.077255337095454679e-02	6.853296504360843755e-02	7.326945029199123660e-02
1.000000000000000021e-03	6.793279581989848659e-02	6.884285930485625760e-02	7.225418407469988424e-02
1.000000000000000021e-03	6.626570454043936853e-02	5.678656157008640099e-02	6.241823090240359445e-02
1.000000000000000021e-03	6.579837924028773821e-02	5.430994124312675531e-02	5.840804278850555281e-02
1.000000000000000021e-03	6.374243959793175762e-02	7.078837673545507192e-02	7.482788152992725372e-02
1.000000000000000021e-03	6.159432820971446482e-02	4.870943805076064642e-02	5.255435262806713859e-02
1.000000000000000021e-03	6.115904724124630182e-02	6.165037325617530456e-02	6.514829825609921854e-02
1.000000000000000021e-03	6.178222909470052621e-02	4.629932604340046554e-02	4.843464549630880495e-02
1.000000000000000021e-03	5.816393702086700840e-02	6.442217456654728003e-02	6.789214704185723981e-02
1.000000000000000021e-03	5.908609517655482452e-02	4.987372820758070868e-02	4.844698552042246004e-02
1.000000000000000021e-03	5.648627829992056842e-02	5.299150368384041715e-02	5.570557992905378342e-02
1.000000000000000021e-03	5.573111733854024807e-02	4.780664138925012907e-02	4.807248138822615285e-02
1.000000000000000021e-03	5.582155534968326338e-02	4.626341731682497710e-02	4.787098178640007695e-02
1.000000000000000021e-03	5.331522536232694703e-02	4.519732672896684816e-02	4.693563291803002496e-02
1.000000000000000021e-03	5.301447694990057968e-02	5.018549599728659022e-02	5.267249513417482376e-02
1.000000000000000021e-03	5.221264361966793804e-02	5.718651766942433462e-02	6.136466944590211053e-02
1.000000000000000021e-03	5.301885724873858785e-02	5.058060243179660770e-02	5.327616306021809578e-02
1.000000000000000021e-03	5.108908325576761583e-02	4.386845109155353140e-02	5.008520614355802675e-02
1.000000000000000021e-03	5.020338706693863035e-02	4.780698971364510941e-02	5.095091578550636768e-02
1.000000000000000021e-03	4.994479170336738744e-02	6.470021363640331147e-02	7.086889706552028378e-02
1.000000000000000021e-03	5.052783080919007880e-02	4.155052241659601409e-02	4.751439117826521119e-02
1.000000000000000021e-03	4.808398344082115416e-02	4.372788715073887278e-02	5.060309693217277666e-02
1.000000000000000021e-03	4.750292026776432169e-02	5.300872164402956749e-02	6.258718594908714572e-02
1.000000000000000021e-03	4.877965991483343422e-02	4.270205416604486159e-02	4.805788123048841676e-02
1.000000000000000021e-03	4.900644398324187356e-02	3.960673268201775343e-02	4.730866015888750276e-02
1.000000000000000021e-03	4.827666949478604669e-02	4.388448854430495455e-02	4.096781676635145863e-02
1.000000000000000021e-03	4.606441338289227888e-02	4.010485884055729061e-02	4.433735390193760395e-02
1.000000000000000021e-03	4.534709551211808104e-02	3.884866087653562200e-02	4.289038744755089422e-02
1.000000000000000021e-03	4.500338607567940657e-02	4.168421488391791524e-02	4.646176081150769910e-02
1.000000000000000021e-03	4.551623880954208667e-02	4.200499113746650887e-02	4.671884826384484907e-02
1.000000000000000021e-03	4.365831162019861988e-02	4.789083548553327296e-02	5.607909997925162454e-02
1.000000000000000021e-03	4.359932258452108716e-02	4.167923633574815295e-02	4.658273244276642938e-02
1.000000000000000021e-03	4.356008035918007559e-02	3.642528925422598707e-02	4.041711976751685004e-02
1.000000000000000021e-03	4.123125379713313970e-02	4.697445309989115025e-02	5.059087751433253427e-02
1.000000000000000021e-03	4.101995241770291928e-02	3.983865821665806550e-02	4.529401254840195040e-02
1.000000000000000021e-03	4.095043230600278056e-02	4.048814860548024391e-02	4.569067582488060136e-02
1.000000000000000021e-03	4.067420819693003120e-02	4.017512875740752998e-02	4.781745513901114464e-02
1.000000000000000021e-03	4.023691327779739535e-02	4.599107384525668446e-02	5.237907152622937879e-02
1.000000000000000021e-03	4.024951927008463964e-02	4.410332634420919412e-02	4.324926626868545732e-02
1.000000000000000021e-03	3.925429392928921762e-02	4.483527289362165824e-02	5.308151543140411655e-02
1.000000000000000021e-03	4.055214287098789921e-02	3.931994326607719109e-02	4.768345816992223402e-02
1.000000000000000021e-03	3.865305616922888599e-02	3.727359322743266368e-02	4.160848949104547362e-02
1.000000000000000021e-03	3.850985652051427954e-02	6.138506913996491510e-02	7.054659528657794554e-02
1.000000000000000021e-03	3.998000400141964866e-02	3.338881648335781382e-02	3.789125336334109306e-02
1.000000000000000021e-03	3.789769974063134789e-02	3.455546382249025800e-02	4.159484542906284610e-02
1.000000000000000021e-03	3.659790813155719413e-02	3.587590672894921950e-02	4.183233748190105100e-02
1.000000000000000021e-03	3.743208733936116001e-02	3.462068183610888389e-02	4.137344784103334089e-02
1.000000000000000021e-03	3.609068103789104393e-02	4.361251421779862442e-02	5.029436349868774553e-02
1.000000000000000021e-03	3.612606592883788048e-02	3.769013852232101780e-02	4.052410828880965987e-02
1.000000000000000021e-03	3.790565824364770103e-02	4.159597498584167996e-02	4.587264321744442125e-02
1.000000000000000021e-03	3.595199250660017359e-02	3.405595233381106257e-02	4.103779783472418646e-02
1.000000000000000021e-03	3.569829196860409976e-02	3.751470202199763682e-02	4.233905295841396133e-02
1.000000000000000021e-03	3.591548943152047396e-02	3.093330839073470812e-02	3.642526818439364295e-02
1.000000000000000021e-03	3.493554368961891005e-02	3.202317380078176234e-02	3.684918577782810012e-02
1.000000000000000021e-03	3.459969859888832600e-02	3.940465959539900254e-02	4.251351426355540891e-02
1.000000000000000021e-03	3.505241558922280593e-02	3.312047950299310678e-02	3.817136525176465650e-02
1.000000000000000021e-03	3.403125846798576992e-02	3.521658241241702042e-02	3.749374062754214088e-02
1.000000000000000021e-03	3.411945708122032794e-02	3.537826256641230654e-02	4.096316928043961664e-02
1.000000000000000021e-03	3.437353597673272615e-02	3.213910872594536589e-02	3.845884343609214107e-02
1.000000000000000021e-03	3.423277426721260674e-02	3.563098973199647218e-02	4.183213957585394521e-02
1.000000000000000021e-03	3.429677653266739734e-02	3.609412026967053627e-02	3.968338673003017625e-02
1.000000000000000021e-03	3.329179535656213995e-02	3.386824017302840495e-02	3.744990141130984107e-02
1.000000000000000021e-03	3.262579284278960962e-02	3.161394790166023594e-02	3.653528350405395309e-02
1.000000000000000021e-03	3.265333209683064092e-02	3.158936517907998814e-02	3.778075585141778270e-02
1.000000000000000021e-03	3.294822458804104459e-02	3.344353151883130287e-02	3.622036082670092305e-02
1.000000000000000021e-03	3.243109687768386956e-02	4.128718291316669370e-02	4.736038744449615201e-02
1.000000000000000021e-03	3.217169151485937267e-02	3.256020724227291080e-02	3.684547157026827474e-02
1.000000000000000021e-03	3.238585933830552543e-02	3.003757847814347848e-02	3.545786114409565926e-02
1.000000000000000021e-03	3.192469363662654019e-02	3.666850530508301148e-02	4.353538518771529059e-02
1.000000000000000021e-03	3.058169627862312306e-02	4.115258099716059131e-02	4.667573412880301337e-02
1.000000000000000021e-03	3.138404414642855661e-02	4.769231993412471893e-02	5.186300268396735330e-02
1.000000000000000021e-03	3.101857842843916760e-02	3.164856287002251745e-02	3.683476550504564961e-02
1.000000000000000021e-03	3.001652810334673807e-02	2.912995307974478379e-02	3.476403490640223026e-02
1.000000000000000021e-03	3.055125731951001747e-02	3.040727155760944780e-02	3.525467896834015569e-02
1.000000000000000021e-03	3.058200921817808005e-02	3.581451452020262965e-02	4.039203645661473135e-02
1.000000000000000021e-03	3.013718959297323821e-02	2.902519262117865192e-02	3.292215391993522783e-02
1.000000000000000021e-03	2.954735671597521693e-02	3.809059240626103127e-02	4.331635008566081524e-02
1.000000000000000021e-03	3.000684489819495718e-02	2.888573791968260598e-02	3.297982518561184268e-02
1.000000000000000021e-03	2.937523467187759529e-02	3.121721041413189762e-02	3.572346549481153488e-02
1.000000000000000021e-03	2.918457294369486074e-02	2.901884095245943138e-02	3.407369591295719008e-02
1.000000000000000021e-03	2.995233549592868014e-02	2.852785636071135389e-02	3.271760372444987297e-02
1.000000000000000021e-03	2.923159387315893767e-02	3.086665449225153499e-02	3.667881381697953025e-02
1.000000000000000021e-03	2.954784140788309019e-02	3.463434017414510069e-02	3.988900166004896025e-02
1.000000000000000021e-03	2.934266568430812794e-02	3.062304893401280800e-02	3.659176100045442859e-02
1.000000000000000021e-03	2.932637246729781141e-02	3.216819526598403700e-02	3.943470520898699483e-02
1.000000000000000021e-03	2.935910606437155262e-02	2.809199249050068140e-02	3.455341695807874480e-02
1.000000000000000021e-03	2.768654072166373478e-02	3.040376766852995530e-02	3.818519387859851261e-02
1.000000000000000021e-03	2.892861003083257651e-02	2.722834073085123388e-02	3.501695552840829173e-02
1.000000000000000021e-03	2.778038487310774407e-02	2.794717279560278780e-02	3.536617718636989732e-02
1.000000000000000021e-03	2.830151221896410815e-02	4.016474961103257135e-02	4.851304255425929746e-02
1.000000000000000021e-03	2.788397758969426987e-02	3.190708726995590550e-02	3.959619132801890651e-02
1.000000000000000021e-03	2.793587163337758403e-02	2.767285468612665916e-02	3.487504259683191915e-02
1.000000000000000021e-03	2.777611816040803303e-02	2.618875464726804977e-02	3.417546390555799285e-02
1.000000000000000021e-03	2.765197896925757418e-02	3.424463941866814909e-02	4.199148183688521108e-02
1.000000000000000021e-03	2.890014785995848740e-02	3.123383119663331042e-02	3.864873819984495501e-02
1.000000000000000021e-03	2.706723894767892186e-02	2.847864779190243181e-02	3.715633517131209512e-02
1.000000000000000021e-03	2.708247554482520400e-02	2.772485150794708197e-02	3.591536246240138730e-02
1.000000000000000021e-03	2.714362742033651216e-02	2.966843866279924094e-02	3.746450147591531138e-02
1.000000000000000021e-03	2.748463891821503399e-02	3.059510178668960884e-02	3.743618046864867488e-02
1.000000000000000021e-03	2.672786066831978752e-02	3.186012267169215789e-02	3.780112122185528417e-02
1.000000000000000021e-03	2.743506305236120130e-02	2.858533810687627005e-02	3.606633720919490138e-02
1.000000000000000021e-03	2.677970717283461102e-02	2.887872317854646778e-02	3.710691672749817649e-02
1.000000000000000021e-03	2.669657268867529562e-02	2.913691199028679152e-02	3.600542894564569274e-02
1.000000000000000021e-03	2.650365763067020347e-02	3.119559829849847393e-02	3.841411836910992722e-02
1.000000000000000021e-03	2.622160290158231932e-02	3.172669182312114200e-02	3.899244945496320447e-02
1.000000000000000021e-03	2.647843215085778426e-02	3.100069435752187200e-02	3.795622149482369423e-02
1.000000000000000021e-03	2.688576893067207499e-02	2.761430967189566765e-02	3.584443703293800632e-02
1.000000000000000021e-03	2.581940924693516479e-02	2.767970153564558097e-02	3.638802785426378111e-02
1.000000000000000021e-03	2.629549680857411545e-02	2.804909928345867415e-02	3.513454198837280551e-02
1.000000000000000021e-03	2.629249654829484903e-02	3.126517263928633300e-02	3.494285005144774636e-02
1.000000000000000021e-03	2.678351582652645918e-02	2.843897930146511988e-02	3.936239676550030986e-02
1.000000000000000021e-03	2.648789545010781996e-02	2.751156437108341971e-02	3.490362493321299414e-02
1.000000000000000021e-03	2.549262715903408139e-02	3.264321448252151259e-02	4.001597166061401228e-02
1.000000000000000021e-03	2.575570544354734495e-02	3.003769398164686869e-02	3.456123792566358904e-02
5.000000000000000104e-04	2.067074715958961209e-02	2.260029570965086526e-02	2.986437315121293068e-02
5.000000000000000104e-04	2.004080302113967274e-02	2.238559637569788319e-02	2.890112949535250664e-02
5.000000000000000104e-04	1.996688898804490839e-02	2.429052356981638294e-02	3.000597055070102284e-02
5.000000000000000104e-04	1.954674231697907730e-02	2.322506659825122888e-02	3.135289170313626528e-02
5.000000000000000104e-04	1.968020110956158683e-02	2.519503257271506896e-02	3.279823749326169630e-02
5.000000000000000104e-04	1.917865813653991947e-02	2.277727417784367395e-02	3.055542707443237305e-02
5.000000000000000104e-04	1.927395621146692564e-02	2.560631116530346155e-02	3.287062929011881629e-02
5.000000000000000104e-04	1.860674081934770782e-02	2.189088513323773910e-02	3.047804327215999226e-02
5.000000000000000104e-04	1.904770259004803443e-02	2.295101771413967859e-02	8.843498646747320613e-02
5.000000000000000104e-04	1.860108192405463684e-02	2.660465197569412618e-02	3.466278063133358678e-02
5.000000000000000104e-04	1.890103247530277447e-02	2.230927771864293224e-02	2.929039699956774781e-02
5.000000000000000104e-04	1.904075176126219029e-02	2.260349937153892375e-02	2.958954297937452932e-02
5.000000000000000104e-04	1.852257300543188809e-02	2.293483142531355101e-02	3.108371060807257891e-02
5.000000000000000104e-04	1.843769539747909525e-02	2.264583161032480627e-02	3.004540428519248893e-02
5.000000000000000104e-04	1.847557897325724507e-02	2.242305970394798537e-02	3.061492852866649558e-02
5.000000000000000104e-04	1.819955535046647796e-02	2.860127287034277058e-02	3.527267836034297943e-02
5.000000000000000104e-04	1.807396500108632634e-02	2.209862200689565598e-02	3.045521909371018410e-02
5.000000000000000104e-04	1.820232591593400756e-02	2.530044936989458287e-02	3.263148902915417870e-02
5.000000000000000104e-04	1.849509149013978809e-02	2.243763609199311837e-02	3.012132132425904274e-02
5.000000000000000104e-04	1.811528806219775758e-02	2.204868001424517207e-02	2.957141378428786854e-02
5.000000000000000104e-04	1.816108286892209600e-02	2.417121820775938387e-02	3.222135649994015832e-02
5.000000000000000104e-04	1.825688856612152008e-02	2.244488588236857526e-02	3.048941562883555889e-02
5.000000000000000104e-04	1.806428541611921137e-02	2.353844381088673887e-02	3.142923202831297835e-02
5.000000000000000104e-04	1.784478628779303730e-02	2.181887248755281367e-02	2.978526428341865540e-02
5.000000000000000104e-04	1.806980150374147900e-02	2.256889731491579579e-02	2.953214903827756574e-02
5.000000000000000104e-04	1.754910100864733036e-02	2.338478195417613772e-02	3.091865442693233351e-02
5.000000000000000104e-04	1.783458373621496160e-02	2.207612635382494998e-02	3.012624601833522459e-02
5.000000000000000104e-04	1.777247220511836076e-02	2.358296066425077595e-02	2.964981608092785020e-02
5.000000000000000104e-04	1.776782869089908387e-02	2.347349820180713240e-02	3.128563691861927648e-02
5.000000000000000104e-04	1.748099885263315958e-02	2.194530891829916258e-02	2.971910955384373526e-02
5.000000000000000104e-04	1.780256970366761102e-02	2.425902352926774877e-02	3.188253100961446762e-02
5.000000000000000104e-04	1.737819283489850861e-02	2.174752221701188939e-02	2.909920185338705709e-02
5.000000000000000104e-04	1.748913379170438306e-02	2.191485944862297044e-02	2.953778009396046400e-02
5.000000000000000104e-04	1.728173402214445639e-02	2.243365422963940203e-02	3.074258663691580365e-02
5.000000000000000104e-04	1.754457895048591037e-02	2.325681277614145490e-02	3.024535912554711034e-02
5.000000000000000104e-04	1.718696886364754275e-02	2.488483053129849146e-02	3.181972512975335399e-02
5.000000000000000104e-04	1.732658261705218028e-02	2.309205982326993298e-02	2.913624199572950602e-02
5.000000000000000104e-04	1.697979356287401473e-02	2.283937503530092741e-02	3.015202358365058968e-02
5.000000000000000104e-04	1.726855303270827952e-02	2.410827059279249673e-02	3.197258342988788804e-02
5.000000000000000104e-04	1.729456250246455898e-02	2.474897526477643980e-02	3.288064328953623633e-02
5.000000000000000104e-04	1.753306937300496554e-02	2.323270785617422701e-02	3.080918842460960219e-02
5.000000000000000104e-04	1.696179997080578261e-02	2.177372057946564549e-02	2.939553244505077600e-02
5.000000000000000104e-04	1.746085860266406026e-02	2.122914917396469259e-02	2.815237916074693134e-02
5.000000000000000104e-04	1.725928806399123702e-02	2.474960103065399625e-02	3.270989633165299892e-02
5.000000000000000104e-04	1.700197741413113015e-02	2.155625260391160619e-02	2.881346705835312674e-02
5.000000000000000104e-04	1.736484710376334784e-02	2.291165662354043703e-02	3.005886259488761356e-02
5.000000000000000104e-04	1.689349938565437234e-02	2.126876237992372798e-02	2.932622551452368498e-02
5.000000000000000104e-04	1.688529187710462870e-02	2.219367353489417813e-02	3.054385730065405438e-02
5.000000000000000104e-04	1.688439740705639097e-02	2.174794080506288474e-02	2.992465128190815310e-02
5.000000000000000104e-04	1.671868040854324750e-02	2.108210836737099692e-02	2.889587872195988755e-02
5.000000000000000104e-04	1.694621285613260100e-02	2.297334899121398002e-02	3.079489669762551854e-02
5.000000000000000104e-04	1.705643251146026634e-02	2.266609042161266130e-02	3.049928438849747181e-02
5.000000000000000104e-04	1.667867784961026348e-02	2.121750860723681589e-02	2.894806491676717858e-02
5.000000000000000104e-04	1.653917907851511562e-02	2.158988754299142471e-02	2.900435652118176291e-02
5.000000000000000104e-04	1.683784183168945264e-02	2.177482493299776403e-02	2.931965475436299970e-02
5.000000000000000104e-04	1.708090407074953909e-02	2.220812327282123064e-02	2.931633568368852139e-02
5.000000000000000104e-04	1.691473923285490011e-02	2.597879283910334292e-02	3.369291042909026285e-02
5.000000000000000104e-04	1.681744525942641469e-02	2.323914824921579150e-02	3.145080390386283120e-02
5.000000000000000104e-04	1.647684939309668542e-02	2.200389267262363793e-02	2.940483302809298108e-02
5.000000000000000104e-04	1.669157810732418978e-02	2.342047076184712237e-02	3.133613006211817542e-02
5.000000000000000104e-04	1.648449209324230960e-02	2.085557037291570562e-02	2.805145327001810213e-02
5.000000000000000104e-04	1.679897286353276148e-02	2.138202777863797144e-02	2.916067631449550251e-02
5.000000000000000104e-04	1.640023630808057006e-02	2.146227721671003369e-02	2.915444085374474525e-02
5.000000000000000104e-04	1.661638911963029402e-02	2.079156323467717601e-02	2.857681170571595500e-02
5.000000000000000104e-04	1.648793240804322796e-02	2.091472786583045348e-02	2.861462668515741756e-02
5.000000000000000104e-04	1.657977595073650487e-02	2.328462441359202897e-02	3.107528244145214488e-02
5.000000000000000104e-04	1.649245528808733832e-02	2.215803049368228125e-02	2.909318455494940350e-02
5.000000000000000104e-04	1.633246965736688192e-02	2.235610104843739968e-02	3.051713106688112159e-02
5.000000000000000104e-04	1.630027984215326811e-02	2.327057340362777282e-02	3.115867953747510771e-02
5.000000000000000104e-04	1.614323615000614123e-02	2.078946651549551383e-02	2.888692170381546021e-02
5.000000000000000104e-04	1.631064617701867211e-02	2.206432905672264452e-02	2.940055658109486103e-02
5.000000000000000104e-04	1.649441508334639414e-02	2.175093320788357154e-02	3.010831950232386450e-02
5.000000000000000104e-04	1.606983257811939181e-02	2.170228820625712263e-02	2.945129314903170009e-02
5.000000000000000104e-04	1.596357688468129365e-02	2.585127664954250254e-02	3.509153868071734905e-02
5.000000000000000104e-04	1.628136337388560312e-02	2.228646212457362219e-02	2.966696561779826741e-02
5.000000000000000104e-04	1.601824409817629788e-02	2.276994399141266806e-02	3.029399299994111130e-02
5.000000000000000104e-04	1.627082060350710721e-02	2.051079593579338556e-02	2.794897072017192910e-02
5.000000000000000104e-04	1.623476479135328027e-02	2.150141089393986515e-02	2.863302803598344326e-02
5.000000000000000104e-04	1.612394768419638316e-02	2.188880502182931689e-02	2.897096022497862647e-02
5.000000000000000104e-04	1.647766907182004678e-02	2.099726140908701744e-02	2.805711012333631654e-02
5.000000000000000104e-04	1.604814172319855500e-02	2.179701618011553252e-02	2.953231360297649960e-02
5.000000000000000104e-04	1.601920760474522670e-02	2.556600566972924704e-02	3.345265812240540843e-02
5.000000000000000104e-04	1.621781119132991930e-02	2.176966683461247984e-02	2.950341184623539448e-02
5.000000000000000104e-04	1.592819984469166089e-02	2.129990557276921839e-02	2.840616633184254308e-02
5.000000000000000104e-04	1.626009058365473700e-02	2.088048133550514038e-02	2.885735696181655069e-02
5.000000000000000104e-04	1.589799343828824860e-02	2.644636475173902865e-02	3.366426746360957900e-02
5.000000000000000104e-04	1.592141954166518755e-02	2.232766094378619767e-02	2.994844636414200137e-02
5.000000000000000104e-04	1.588985755164100400e-02	2.340469195346557563e-02	3.133942335844040056e-02
5.000000000000000104e-04	1.634678724446724657e-02	2.147938007323061532e-02	2.987627268303185563e-02
5.000000000000000104e-04	1.606563351172878018e-02	2.105328292434752169e-02	2.906741942279040744e-02
5.000000000000000104e-04	1.592729773606461549e-02	2.622511540173860095e-02	3.379716472700237950e-02
5.000000000000000104e-04	1.602030559721955016e-02	2.070766412384847030e-02	2.911285068839788298e-02
5.000000000000000104e-04	1.595238190677413653e-02	2.178733287310881048e-02	2.965168552473187308e-02
5.000000000000000104e-04	1.575688230509827981e-02	2.093111587620062261e-02	2.843858543783426424e-02
5.000000000000000104e-04	1.579317385672118768e-02	2.098991927637167479e-02	2.897927125450223615e-02
5.000000000000000104e-04	1.581096026554504319e-02	2.359051186669403402e-02	3.094919705763459275e-02
5.000000000000000104e-04	1.571354509448852702e-02	2.107971797926419533e-02	2.899072614964097808e-02
5.000000000000000104e-04	1.568997243322852592e-02	2.317227453910087470e-02	3.135823463089763841e-02
2.500000000000000052e-04	1.369772208697439368e-02	1.925112188096446061e-02	2.729110235814004998e-02
2.500000000000000052e-04	1.322304581223167352e-02	2.152873082232725083e-02	2.952851431909948518e-02
2.500000000000000052e-04	1.304034902939032146e-02	2.034902791078178202e-02	2.828936423175036977e-02
2.500000000000000052e-04	1.300667314624945857e-02	2.079711472664360142e-02	2.911918701138347526e-02
2.500000000000000052e-04	1.284914892470250675e-02	1.919467012393068911e-02	2.683641554322093586e-02
2.500000000000000052e-04	1.298211726352979829e-02	2.139509409295482778e-02	2.955544115975499223e-02
2.500000000000000052e-04	1.277989082508669029e-02	1.954191061546197219e-02	2.726973912212997744e-02
2.500000000000000052e-04	1.301299326431706177e-02	1.906685108874792839e-02	2.684339440893381695e-02
2.500000000000000052e-04	1.280686388782606433e-02	1.952505920140843246e-02	2.742663591634482076e-02
2.500000000000000052e-04	1.265736690485647423e-02	1.882356605175590156e-02	2.642701908480376075e-02
2.500000000000000052e-04	1.262962090722683471e-02	1.905155797240309576e-02	2.667770173866301775e-02
2.500000000000000052e-04	1.281410679459537086e-02	1.948042106644021221e-02	2.749541937373578548e-02
2.500000000000000052e-04	1.266236526516676363e-02	1.916644827058022055e-02	2.699661960359662702e-02
2.500000000000000052e-04	1.268757724459432072e-02	1.919984348917974995e-02	2.748279001098126104e-02
2.500000000000000052e-04	1.270073897504898387e-02	1.920168577200923390e-02	2.691535537596791844e-02
2.500000000000000052e-04	1.272671927988893240e-02	2.105740211045866936e-02	2.919369447045028210e-02
2.500000000000000052e-04	1.285040746900779039e-02	1.924592415992346095e-02	2.725111262407153845e-02
2.500000000000000052e-04	1.250829474286432527e-02	1.933290719673895833e-02	2.748980633914470742e-02
2.500000000000000052e-04	1.258155679570780762e-02	1.963651678598051994e-02	2.715431987307965686e-02
2.500000000000000052e-04	1.257330286758125658e-02	2.171850449732305038e-02	2.967722509056329797e-02
2.500000000000000052e-04	1.263218343208060215e-02	2.003363727626063934e-02	2.779581872746348520e-02
2.500000000000000052e-04	1.249401015757760185e-02	1.965460206591645997e-02	2.743457751348614762e-02
2.500000000000000052e-04	1.242334866292726936e-02	1.943999261678201404e-02	2.773134650196880033e-02
2.500000000000000052e-04	1.260571274933485961e-02	2.063013712207528369e-02	2.860370201524347136e-02
2.500000000000000052e-04	1.246813488820781163e-02	1.988315351151358906e-02	2.825230909511446814e-02
2.500000000000000052e-04	1.244710666171387238e-02	1.964328769613934988e-02	2.748765570577233960e-02
2.500000000000000052e-04	1.250279995078061764e-02	1.967560787104967457e-02	2.815834379289299319e-02
2.500000000000000052e-04	1.224902065182586867e-02	1.902569409615862545e-02	2.716908117290586094e-02
2.500000000000000052e-04	1.250695765512568024e-02	1.910218291218680406e-02	2.574856709688901762e-02
2.500000000000000052e-04	1.240094723651286382e-02	1.901941092109492998e-02	2.636004071682691505e-02
2.500000000000000052e-04	1.239595410710394620e-02	1.918152768984046977e-02	2.675926976371556520e-02
1.250000000000000026e-04	1.124149086869442524e-02	1.902840652683486511e-02	2.665187667589634726e-02
1.250000000000000026e-04	1.133899624205349926e-02	1.882558240901425345e-02	2.601867727935314178e-02
1.250000000000000026e-04	1.106384854141780928e-02	1.816406622236467830e-02	2.567656168248504470e-02
1.250000000000000026e-04	1.104899413164200060e-02	1.906807343256099185e-02	2.645053765736520360e-02
1.250000000000000026e-04	1.101894601377690491e-02	1.839262978490734460e-02	2.613536445423960547e-02
1.250000000000000026e-04	1.105616352731636151e-02	1.869163411079433068e-02	2.621575649827718665e-02
1.250000000000000026e-04	1.102814774601620050e-02	1.825161609818173880e-02	2.549517001025378843e-02
1.250000000000000026e-04	1.096117279046432413e-02	1.801306075606670665e-02	2.601446402259171078e-02
1.250000000000000026e-04	1.103823349706572858e-02	1.894111566109027076e-02	2.681232255417853594e-02
1.250000000000000026e-04	1.112165775094798963e-02	1.843245357216496613e-02	2.631251600105315516e-02
1.250000000000000026e-04	1.092849149617381062e-02	1.808425983053227326e-02	2.549547392409294913e-02
1.250000000000000026e-04	1.099058805594850356e-02	1.815225797856509504e-02	2.585749470163136582e-02
1.250000000000000026e-04	1.093521314944558356e-02	1.847107392974705123e-02	2.636399506591260294e-02
1.250000000000000026e-04	1.094421328393793344e-02	1.824660931289663959e-02	2.609118428081274102e-02
1.250000000000000026e-04	1.084957276636202596e-02	1.860553896571485316e-02	3.108589113689958980e-02
1.250000000000000026e-04	1.092969110493459926e-02	1.859841806355727253e-02	2.650704381521791150e-02
1.250000000000000026e-04	1.086718912213095918e-02	1.808331277787061236e-02	2.570038300473242998e-02
1.250000000000000026e-04	1.093521893865289675e-02	1.797027222285563913e-02	2.580360253341495991e-02
1.250000000000000026e-04	1.081988787215686261e-02	1.829494944534688569e-02	2.587882135994732519e-02
1.250000000000000026e-04	1.090033368005429749e-02	1.822908636163042551e-02	2.566360938362777233e-02
1.250000000000000026e-04	1.084217505118852468e-02	1.832165674876948258e-02	2.605393789708614419e-02
1.250000000000000026e-04	1.089633335378356951e-02	1.823592520470082579e-02	2.593195147346705198e-02
1.250000000000000026e-04	1.072987531723022282e-02	1.826518324949822497e-02	2.695083182770758798e-02
1.250000000000000026e-04	1.077154983992299926e-02	1.855046792121613913e-02	2.633745742496102979e-02
1.250000000000000026e-04	1.080475704567837418e-02	1.884198400889235472e-02	2.660154791083186795e-02
1.250000000000000026e-04	1.084754121565130458e-02	1.839084404944905590e-02	2.606102316640317509e-02
1.250000000000000026e-04	1.079039137031386798e-02	1.790245590702245482e-02	2.630126045551151037e-02
1.250000000000000026e-04	1.071125956050674594e-02	1.842836171135072212e-02	2.623119102790951590e-02
1.250000000000000026e-04	1.068428695801084197e-02	1.836270677579166996e-02	2.607140578329563210e-02
1.250000000000000026e-04	1.074027612322097334e-02	1.875152545664167045e-02	2.620640383101999898e-02
1.250000000000000026e-04	1.073711826246602323e-02	1.821899896789907700e-02	2.580666884314268897e-02
1.250000000000000026e-04	1.077322772075056320e-02	1.806569401740403674e-02	2.602348322980106016e-02
1.250000000000000026e-04	1.070809143813735397e-02	1.802673607245477636e-02	2.594511688221246004e-02
1.250000000000000026e-04	1.070621069152300452e-02	1.817218899843892413e-02	2.566568171605467658e-02
1.250000000000000026e-04	1.076116676346429782e-02	1.868855898604967342e-02	2.654778023716062446e-02
1.250000000000000026e-04	1.074272070140721430e-02	1.801584827767304872e-02	2.565330027136951754e-02
1.250000000000000026e-04	1.077826724508522578e-02	1.907213897254142476e-02	2.708888230845332007e-02
1.250000000000000026e-04	1.060972315025770010e-02	1.909184497805477970e-02	2.660368278156965971e-02
1.250000000000000026e-04	1.068136822963225603e-02	1.848139813784217475e-02	2.671872433274984429e-02
1.250000000000000026e-04	1.075874611550054621e-02	1.917351524867312584e-02	2.686037241946905713e-02
1.250000000000000026e-04	1.068510692604557853e-02	1.843024727873777274e-02	2.646219702437519958e-02
1.250000000000000026e-04	1.071070667292322448e-02	1.834544871021939749e-02	2.718743297737091780e-02
1.250000000000000026e-04	1.066375439423133779e-02	1.867765997638877115e-02	2.618460729718208313e-02
1.250000000000000026e-04	1.057892202016631408e-02	1.855799337819764860e-02	2.612764840014279027e-02
1.250000000000000026e-04	1.067994832569964074e-02	1.823499447700240722e-02	2.589886693749576807e-02
1.250000000000000026e-04	1.056439991972131336e-02	1.865210968279401582e-02	2.674379432573914528e-02
1.250000000000000026e-04	1.050447315950685592e-02	1.854052733025313843e-02	2.597163135651498964e-02
1.250000000000000026e-04	1.060336786297915411e-02	1.843516709019688352e-02	2.628232471179216961e-02
6.250000000000000130e-05	1.000748623900414580e-02	1.801899980012502955e-02	2.611098904162645340e-02
6.250000000000000130e-05	9.883320412515658043e-03	1.790170571449851630e-02	2.555863137822598358e-02
6.250000000000000130e-05	9.935904189417655782e-03	1.812681514789296622e-02	2.542117033153772424e-02
6.250000000000000130e-05	9.936811458514466233e-03	1.818263834995749104e-02	2.595324662979692221e-02
6.250000000000000130e-05	9.898960068897755607e-03	1.799001593718119879e-02	2.582040443085133891e-02
6.250000000000000130e-05	9.863393104116694246e-03	1.856521597005309984e-02	2.598429382778704236e-02
6.250000000000000130e-05	9.866888257509628946e-03	1.777152639584547722e-02	2.562724915333092213e-02
6.250000000000000130e-05	9.837294562485171187e-03	1.791438108787954744e-02	2.564942135941237350e-02
6.250000000000000130e-05	9.843150276469675442e-03	1.808111356932143310e-02	2.580839267466217279e-02
6.250000000000000130e-05	9.795763128647855256e-03	1.908127066840208108e-02	2.654808536171913286e-02
6.250000000000000130e-05	9.759068383969076235e-03	1.786206987886372610e-02	2.552365986630320688e-02
6.250000000000000130e-05	9.821668455790058885e-03	1.798951046063481871e-02	2.580410072114318679e-02
6.250000000000000130e-05	9.851898021460740729e-03	1.800851090396730220e-02	2.538714632391929696e-02
6.250000000000000130e-05	9.827500807610082406e-03	1.757041201073461859e-02	2.531763406004756620e-02
6.250000000000000130e-05	9.822274404651051144e-03	1.776522916317454029e-02	2.551014849450439215e-02
6.250000000000000130e-05	9.799906990472975060e-03	1.797698457184106202e-02	2.543840368743986030e-02
6.250000000000000130e-05	9.748745906866172067e-03	1.797425525545761835e-02	2.561951267998665432e-02
6.250000000000000130e-05	9.794696976136526081e-03	1.823877899161496091e-02	2.615586521569639514e-02
6.250000000000000130e-05	9.814975687062639509e-03	1.779813374543845472e-02	2.552309862803667923e-02
6.250000000000000130e-05	9.736727070390588032e-03	1.779285299040728185e-02	2.512657701736316015e-02
6.250000000000000130e-05	9.766179000944714625e-03	1.791253103752723022e-02	2.558389515615999699e-02
6.250000000000000130e-05	9.730052338114497656e-03	1.816288304286009514e-02	2.590996366925537447e-02
6.250000000000000130e-05	9.743428419855027639e-03	1.855656068713565018e-02	2.612895281054079463e-02
6.250000000000000130e-05	9.754122421253796221e-03	1.849676356577748329e-02	2.657097328919917276e-02
6.250000000000000130e-05	9.740849428633017310e-03	1.781362750572371839e-02	2.550536948256194522e-02
6.250000000000000130e-05	9.661757312184108409e-03	1.835884490776904659e-02	2.605726362671702961e-02
6.250000000000000130e-05	9.723650537260037155e-03	1.762128696918331683e-02	2.537162818480282953e-02
6.250000000000000130e-05	9.684329192300932324e-03	1.771836825865881482e-02	2.551492494530975888e-02
6.250000000000000130e-05	9.686113566262057745e-03	1.778281796528562858e-02	2.572609367780387402e-02
6.250000000000000130e-05	9.718536503868715690e-03	1.825312435802520922e-02	2.604770038742572000e-02
6.250000000000000130e-05	9.711807918772231291e-03	1.810078495499039056e-02	8.450099073816090545e-02
6.250000000000000130e-05	9.663809514255059310e-03	1.767833856134358450e-02	2.548581813462078710e-02
6.250000000000000130e-05	9.645731740161438486e-03	1.830176888180028855e-02	2.579505967441946337e-02
6.250000000000000130e-05	9.687812959340819097e-03	1.845108270547620929e-02	2.688630279153585503e-02
6.250000000000000130e-05	9.740593935264931988e-03	1.795241274719774904e-02	2.624472491443157265e-02
3.125000000000000065e-05	9.352455818521778971e-03	1.779611279983171063e-02	2.559249822515994449e-02
3.125000000000000065e-05	9.360814762614350429e-03	1.790838919248412264e-02	2.602826799266040256e-02
3.125000000000000065e-05	9.325495509592217000e-03	1.769850837037513502e-02	2.553247937466949363e-02
3.125000000000000065e-05	9.328011238060072291e-03	1.798621151128208459e-02	2.562575155170634250e-02
3.125000000000000065e-05	9.337524585469195518e-03	1.770669474456634807e-02	2.585600775200873683e-02
3.125000000000000065e-05	9.283236341161946181e-03	1.766530834918558779e-02	2.602357415016740699e-02
3.125000000000000065e-05	9.252944246580289966e-03	1.761007239232668595e-02	2.545451687183231115e-02
3.125000000000000065e-05	9.298786380636511750e-03	1.765990485949197816e-02	2.529145430307835202e-02
3.125000000000000065e-05	9.294141952160783066e-03	1.819058436490790520e-02	2.576849237084388733e-02
3.125000000000000065e-05	9.319837682692462544e-03	1.804578523712320470e-02	2.569203332532197376e-02
3.125000000000000065e-05	9.316100755466962327e-03	1.811932481786343585e-02	2.572463389951735666e-02
3.125000000000000065e-05	9.360911430267659580e-03	1.766180405051920310e-02	2.702570110559463640e-02
3.125000000000000065e-05	9.314769225053103410e-03	1.773420838317322015e-02	2.524258645717054536e-02
3.125000000000000065e-05	9.282742295665596249e-03	1.752785040328952090e-02	2.510420868638902833e-02
3.125000000000000065e-05	9.288158530229621845e-03	1.765865007542190626e-02	2.542528707999736071e-02
3.125000000000000065e-05	9.302842450274535074e-03	1.769786421209573746e-02	2.565479627810418606e-02
3.125000000000000065e-05	9.253967401678303561e-03	1.789205305824417142e-02	2.547959932126104762e-02
3.125000000000000065e-05	9.285928706414758871e-03	1.782461755582331192e-02	2.554356341715902090e-02
3.125000000000000065e-05	9.261152909937519356e-03	1.761724861797081890e-02	2.548062058631330590e-02
3.125000000000000065e-05	9.310760910212646096e-03	1.831737210418229317e-02	2.651271692011505227e-02
3.125000000000000065e-05	9.289054754024902993e-03	1.778409031283169003e-02	2.529613673686981201e-02
3.125000000000000065e-05	9.272621679886386761e-03	1.763156809751431978e-02	2.582895483355969121e-02
3.125000000000000065e-05	9.184740716997813817e-03	1.804802156692244045e-02	2.549547923263162374e-02
3.125000000000000065e-05	9.275476704500594527e-03	1.797463501564651109e-02	2.721879859454929759e-02
3.125000000000000065e-05	9.257188587221401241e-03	1.790750706422079147e-02	2.546432260423898628e-02
3.125000000000000065e-05	9.318605156635963518e-03	1.791309670140450033e-02	2.549162185750901768e-02
3.125000000000000065e-05	9.248156895305162037e-03	1.780136480576392788e-02	2.540638833306729794e-02
3.125000000000000065e-05	9.293834209645848374e-03	1.841600824888620092e-02	2.603380645159631898e-02
3.125000000000000065e-05	9.248531508297941003e-03	1.778425915039958879e-02	2.578715488780290027e-02
3.125000000000000065e-05	9.224445926141451244e-03	1.780843999997483440e-02	2.570255610626191040e-02
3.125000000000000065e-05	9.317633385459581433e-03	1.768637295929393130e-02	2.542273509316146304e-02
3.125000000000000065e-05	9.336231620153363081e-03	1.819279602197296231e-02	2.643747988622635603e-02
3.125000000000000065e-05	9.208418842819001554e-03	1.768442219932666107e-02	2.585696587339043548e-02
3.125000000000000065e-05	9.198029750688277092e-03	1.763494008011062819e-02	2.577822383027523687e-02
3.125000000000000065e-05	9.296209700383925925e-03	1.782603850051838607e-02	2.580305226147174696e-02
1.562500000000000033e-05	9.077933142606414360e-03	1.762589507038992906e-02	2.530049504712223937e-02
1.562500000000000033e-05	9.068026066253339484e-03	1.750256174307375165e-02	2.550195760559290786e-02
1.562500000000000033e-05	9.053956660094772402e-03	1.786882206017434416e-02	2.556877036113291979e-02
1.562500000000000033e-05	9.053206538815113461e-03	1.744398082660130953e-02	8.351770227309315842e-02
1.562500000000000033e-05	9.074505329145082788e-03	1.792187841989451025e-02	2.551751318387687067e-02
1.562500000000000033e-05	9.018405160740441961e-03	1.747986243267334039e-02	2.506397175602614880e-02
1.562500000000000033e-05	8.986264042482603256e-03	1.762925568207396321e-02	2.526040400844067196e-02
1.562500000000000033e-05	9.048623805177583024e-03	1.774108416708039884e-02	2.543596269097179313e-02
1.562500000000000033e-05	9.046188124128816746e-03	1.738303097657352067e-02	2.503067147918045660e-02
1.562500000000000033e-05	9.033903604998552370e-03	1.771288028191677494e-02	2.519267739262431860e-02
1.562500000000000033e-05	9.032805074535098233e-03	1.761390864166445872e-02	2.555040926672518323e-02
1.562500000000000033e-05	9.000078293615697625e-03	1.747937991981106734e-02	2.513687598984688451e-02
1.562500000000000033e-05	9.026844967362526034e-03	1.769030781667581959e-02	2.547175581566989491e-02
1.562500000000000033e-05	9.034322925809166321e-03	1.774361052340706069e-02	2.552928708028048138e-02
1.562500000000000033e-05	9.041756214362685340e-03	1.752513841633241212e-02	2.527604969218373229e-02
1.562500000000000033e-05	9.006689071282528505e-03	1.755116837030929952e-02	2.515175228472799063e-02
1.562500000000000033e-05	9.005711369764725360e-03	1.778552129240560178e-02	2.527231518179178307e-02
1.562500000000000033e-05	9.027363086382600779e-03	1.753779148185596534e-02	2.578921683598309894e-02
1.562500000000000033e-05	8.974016679547306904e-03	1.752895393277182148e-02	2.505522326100617647e-02
1.562500000000000033e-05	8.983674915339483549e-03	1.760268500513587422e-02	2.555133979767560889e-02
1.562500000000000033e-05	8.998815512849173137e-03	1.776158859885019689e-02	2.546245858538895984e-02
1.562500000000000033e-05	8.984880418684105391e-03	1.748553105186261350e-02	2.521881817374378373e-02
1.562500000000000033e-05	8.997364467851830944e-03	1.746208098819430551e-02	2.499376188497990509e-02
1.562500000000000033e-05	9.030728917861484753e-03	1.772680789407791307e-02	2.531852403189987014e-02
1.562500000000000033e-05	9.018590061049290563e-03	1.767822516916309900e-02	2.512834407389163971e-02
1.562500000000000033e-05	9.000929784400301184e-03	1.762560861311969831e-02	2.515180979389697313e-02
1.562500000000000033e-05	9.015191501898256118e-03	1.735755958209175137e-02	2.535395671147853275e-02
1.562500000000000033e-05	9.015668945310072527e-03	1.754751653746940837e-02	2.527331411838531355e-02
1.562500000000000033e-05	8.976192859669473653e-03	1.764227379191452352e-02	2.515344400890171667e-02
1.562500000000000033e-05	8.940934013128887942e-03	1.748760749649315091e-02	2.525080544874071936e-02
1.562500000000000033e-05	9.018405060239955556e-03	1.753085066627769681e-02	2.523132099304348230e-02
1.562500000000000033e-05	8.904207768455069463e-03	1.791023345498358316e-02	2.542928003240376572e-02
1.562500000000000033e-05	8.995400514689865998e-03	1.779714442731042054e-02	2.557878496591001888e-02
1.562500000000000033e-05	8.985110613560264373e-03	1.775062247057547851e-02	2.531162309460342069e-02
1.562500000000000033e-05	8.984362730380406406e-03	1.774427240607158104e-02	2.542149461805820465e-02
1.562500000000000033e-05	8.998311265063466124e-03	1.806597421384606786e-02	2.566220236476510902e-02
1.562500000000000033e-05	9.025120734139071774e-03	1.822577641194403353e-02	2.577033395646139910e-02
1.562500000000000033e-05	8.960043414430329464e-03	1.771238734409290999e-02	2.597326429095119307e-02
1.562500000000000033e-05	8.986737688818059733e-03	1.748008575992590630e-02	2.532218354754149983e-02
1.562500000000000033e-05	8.982655852859695172e-03	1.770273330792082600e-02	2.550285668112337728e-02
1.562500000000000033e-05	8.973384553424628221e-03	1.771137672257049045e-02	2.544852257706224988e-02
1.562500000000000033e-05	9.025133821415461111e-03	1.760123576968908310e-02	2.525858669541776111e-02
1.562500000000000033e-05	9.021159037709270551e-03	1.751025321927526107e-02	2.506123979110270669e-02
1.562500000000000033e-05	8.908882985837484475e-03	1.756806361016022625e-02	2.775932021904736757e-02
1.562500000000000033e-05	8.963283809652815987e-03	1.761965573575172139e-02	2.521953540854155948e-02
1.562500000000000033e-05	8.930193058769323941e-03	1.768093173396993040e-02	2.512917121639475157e-02
1.562500000000000033e-05	8.986392682293616735e-03	1.754395143465378032e-02	2.532338248565792899e-02
1.562500000000000033e-05	9.001308330727514351e-03	1.771148970516408377e-02	2.535352834966033558e-02
7.812500000000000163e-06	8.865150353758052826e-03	1.744498015035197275e-02	2.505048902239650349e-02
7.812500000000000163e-06	8.885611996700452930e-03	1.745050893950212539e-02	8.418120502028614283e-02
7.812500000000000163e-06	8.883297239409119334e-03	1.780063733068436294e-02	2.539658881723880907e-02
7.812500000000000163e-06	8.878714320482278960e-03	1.756295924567427211e-02	2.534916917793452601e-02
7.812500000000000163e-06	8.844382613149664313e-03	1.761301885802708453e-02	2.560045861173421144e-02
7.812500000000000163e-06	8.877064643450484349e-03	1.756482975099099217e-02	2.571446774527430534e-02
7.812500000000000163e-06	8.906526906321550474e-03	1.751167709934305788e-02	2.531043202616274287e-02
7.812500000000000163e-06	8.888900441449696169e-03	1.743450324436288806e-02	2.512899322900920968e-02
7.812500000000000163e-06	8.830175677898441378e-03	1.772258479479719984e-02	2.569925931748002698e-02
7.812500000000000163e-06	8.895844806510132957e-03	1.767473650306307376e-02	2.580476761795580387e-02
7.812500000000000163e-06	8.865084743193323361e-03	1.756225009473206394e-02	2.500920395832508664e-02
7.812500000000000163e-06	8.845369953503956842e-03	1.756537953850018444e-02	2.604363104328513007e-02
7.812500000000000163e-06	8.818228213022256956e-03	1.745527045050372650e-02	2.515973802655935287e-02
7.812500000000000163e-06	8.867358466758760646e-03	1.764290220547877139e-02	2.532558836974203517e-02
7.812500000000000163e-06	8.865716563751178600e-03	1.792988126015007677e-02	2.570469612255692551e-02
7.812500000000000163e-06	8.884010500306563016e-03	1.743504613228337441e-02	2.499832058092579107e-02
7.812500000000000163e-06	8.861986177996746331e-03	1.747702286427557650e-02	2.510517395567148785e-02
7.812500000000000163e-06	8.846108766176226726e-03	1.773829476820080672e-02	2.551533863879740238e-02
7.812500000000000163e-06	8.875922267414616124e-03	1.764157190138757048e-02	2.520111827179789474e-02
7.812500000000000163e-06	8.910985294309049093e-03	1.757059648574490693e-02	2.521433539222926040e-02
7.812500000000000163e-06	8.908299611661412223e-03	1.773244117664573086e-02	2.724673815537244012e-02
3.906250000000000081e-06	8.792530870961200520e-03	1.743335021825517112e-02	2.494715852662920952e-02
3.906250000000000081e-06	8.830315243006359865e-03	1.758239737648458270e-02	2.507015196606516769e-02
3.906250000000000081e-06	8.759876534097880280e-03	1.789458353969595322e-02	2.536767076235264470e-02
3.906250000000000081e-06	8.865572428173661840e-03	1.756024824367611800e-02	2.544340251479297946e-02
3.906250000000000081e-06	8.776810975369324710e-03	1.741163018622791589e-02	2.528499655891209771e-02
3.906250000000000081e-06	8.830427482275594528e-03	1.746256183832883835e-02	2.489991512848064442e-02
3.906250000000000081e-06	8.816504161566530301e-03	1.764483829833450243e-02	2.516572214663028578e-02
3.906250000000000081e-06	8.782276928147442902e-03	1.761741047793346018e-02	2.527268691919743945e-02
3.906250000000000081e-06	8.808366142196008206e-03	1.771385814136391609e-02	2.549182574730366607e-02
3.906250000000000081e-06	8.799092906704383127e-03	1.769659466826947053e-02	2.522376695415005227e-02
3.906250000000000081e-06	8.805946448038767804e-03	1.758650337292261626e-02	2.523796979803592105e-02
3.906250000000000081e-06	8.796466468416756085e-03	1.753151420191788670e-02	2.550256638787686686e-02
3.906250000000000081e-06	8.784312234217340684e-03	1.751656557740497236e-02	2.516906240489334007e-02
3.906250000000000081e-06	8.778025456576880534e-03	1.762076613556652280e-02	2.571860121097415547e-02
3.906250000000000081e-06	8.817034267504559805e-03	1.767090167752735294e-02	2.530267683323472738e-02
3.906250000000000081e-06	8.817906928134387409e-03	1.769554104012344489e-02	2.512348146410658956e-02
3.906250000000000081e-06	8.764060522164713110e-03	1.750093629749501639e-02	2.521878930274397065e-02
3.906250000000000081e-06	8.774942508234993138e-03	1.733827262297662694e-02	2.494649121072143455e-02
3.906250000000000081e-06	8.823621182129818413e-03	1.747200211402789513e-02	2.510555731132626395e-02
3.906250000000000081e-06	8.819830528319038548e-03	1.770650558368697808e-02	2.525876541621983190e-02
3.906250000000000081e-06	8.813011683762039111e-03	1.743936560638444100e-02	2.517165916506201168e-02
3.906250000000000081e-06	8.769621865346013609e-03	1.756794962310354036e-02	2.503565899096429209e-02
3.906250000000000081e-06	8.833436510748315235e-03	1.765509019971518018e-02	2.553109282162040541e-02
3.906250000000000081e-06	8.764031707239296892e-03	1.746388166869810091e-02	2.511364633683115313e-02
3.906250000000000081e-06	8.808178002845848398e-03	1.751108844008745363e-02	2.539428486488759518e-02
3.906250000000000081e-06	8.823970860166127986e-03	1.766955007979383041e-02	2.546975088771432499e-02
3.906250000000000081e-06	8.811647264496003801e-03	1.791075644380759127e-02	2.578153805807232787e-02
3.906250000000000081e-06	8.834950867801939084e-03	1.750809666139917231e-02	2.523696939460933278e-02
3.906250000000000081e-06	8.822044058593988408e-03	1.753473703637329142e-02	2.511117961257696221e-02
3.906250000000000081e-06	8.799578763171814547e-03	1.737813421900515770e-02	2.515565038193017314e-02
3.906250000000000081e-06	8.765771549461608483e-03	1.741958643109854654e-02	2.482608193531632423e-02
3.906250000000000081e-06	8.802019593312929505e-03	1.761190354804562097e-02	2.612071945331990649e-02
3.906250000000000081e-06	8.813413088125950090e-03	1.754865006919150566e-02	2.705651817377656768e-02
3.906250000000000081e-06	8.851367839378558589e-03	1.758889789590660849e-02	2.510758102871477743e-02
3.906250000000000081e-06	8.828413910045570384e-03	1.745632433707957482e-02	2.526643481105566094e-02
3.906250000000000081e-06	8.790328230496458756e-03	1.748224967086190254e-02	2.516140169464051862e-02
3.906250000000000081e-06	8.826026731723873170e-03	1.760351559859139881e-02	2.522633739281445603e-02
3.906250000000000081e-06	8.782366923218536126e-03	1.766746063565552416e-02	2.516281220596283674e-02
3.906250000000000081e-06	8.786669751350758076e-03	1.773260018900426824e-02	2.571828367654234102e-02
1.953125000000000041e-06	8.777992268661259992e-03	1.758589519490122086e-02	2.593487349804490805e-02
1.953125000000000041e-06	8.760053018642206119e-03	1.748553637649220491e-02	2.513259006664157053e-02
1.953125000000000041e-06	8.733235830262330024e-03	1.765816130173144052e-02	2.539612653199583431e-02
1.953125000000000041e-06	8.826920939549813203e-03	1.736993536704185825e-02	2.502652222756296396e-02
1.953125000000000041e-06	8.827722374319493456e-03	1.760485547921420563e-02	2.521602609194815298e-02
1.953125000000000041e-06	8.829166318998044397e-03	1.760486747913491551e-02	2.527546263299882551e-02
1.953125000000000041e-06	8.771141893227670308e-03	1.735862656569605797e-02	2.498475485481321812e-02
1.953125000000000041e-06	8.812695721878413546e-03	1.758976263135515750e-02	2.522723665460944314e-02
1.953125000000000041e-06	8.753307609059839123e-03	1.810110332590591370e-02	2.593730078078806262e-02
1.953125000000000041e-06	8.740654270749251623e-03	1.743135752439186822e-02	2.514704845380038092e-02
1.953125000000000041e-06	8.833967552343172797e-03	1.755074352143010455e-02	2.552586200181394815e-02
1.953125000000000041e-06	8.800691301669489111e-03	1.761747023861133521e-02	2.520135582890361409e-02
1.953125000000000041e-06	8.837752295045778542e-03	1.769820149714878069e-02	2.538613150827586512e-02
