1.000000000000000021e-03	2.938693770450724885e-01	2.306871564756513282e-01	2.183758158236742131e-01
1.000000000000000021e-03	1.927647509543336801e-01	1.713043183712434914e-01	1.610804997384548132e-01
1.000000000000000021e-03	1.664377203327129517e-01	1.370083906965730014e-01	1.264415351673960630e-01
1.000000000000000021e-03	1.515309545728895368e-01	1.308695267476336632e-01	1.239721575751900617e-01
1.000000000000000021e-03	1.418514909518534817e-01	1.285247703263272812e-01	1.192741023376584081e-01
1.000000000000000021e-03	1.343794608983867322e-01	1.004294881801954670e-01	9.258994814008474072e-02
1.000000000000000021e-03	1.287667234821018580e-01	9.363140013673543205e-02	8.327603479847311974e-02
1.000000000000000021e-03	1.181397718692186460e-01	1.377237410289454955e-01	1.275036532431840786e-01
1.000000000000000021e-03	1.138982161437445684e-01	1.045982739376147969e-01	9.883288741111755094e-02
1.000000000000000021e-03	1.073670975599544108e-01	9.522012472932875338e-02	8.686633240431547442e-02
1.000000000000000021e-03	1.000908425878549168e-01	7.785234465727007558e-02	8.091642335057258606e-02
1.000000000000000021e-03	9.872702195364906064e-02	8.356043261461232330e-02	8.177976254373789389e-02
1.000000000000000021e-03	9.176780610253743031e-02	1.014616445331049249e-01	1.029175296425819397e-01
1.000000000000000021e-03	8.792778347695269503e-02	7.457833713729968006e-02	7.850338188000023643e-02
1.000000000000000021e-03	8.633816512892106276e-02	6.622384687524815461e-02	6.652855118736625273e-02
1.000000000000000021e-03	8.103256213189974355e-02	8.423252951802383259e-02	8.565597794950008392e-02
1.000000000000000021e-03	8.223366343382140786e-02	8.861226245214802455e-02	7.868706854060292244e-02
1.000000000000000021e-03	7.876561055043328208e-02	7.649262887255059429e-02	7.663392908871173581e-02
1.000000000000000021e-03	7.457701480010694994e-02	5.788902298630219795e-02	6.110795605927706042e-02
1.000000000000000021e-03	7.293294052690388329e-02	5.573995834635814273e-02	5.945464614778757373e-02
1.000000000000000021e-03	7.085458960312615573e-02	7.417089035685774101e-02	7.197202723473310193e-02
1.000000000000000021e-03	6.871353950592028192e-02	5.747078883788348663e-02	5.880158878862858096e-02
1.000000000000000021e-03	6.809480165398489049e-02	7.345251456215119712e-02	8.098101485520600717e-02
1.000000000000000021e-03	6.628574007052609462e-02	7.753278233149912824e-02	7.921877354383469183e-02
1.000000000000000021e-03	6.350739464519189470e-02	5.610146164816087744e-02	6.089730113744735995e-02
1.000000000000000021e-03	6.283549532086228628e-02	6.418540303385694701e-02	7.021382767707110006e-02
1.000000000000000021e-03	6.308602022333260895e-02	7.037918374956590728e-02	6.451643779873847406e-02
1.000000000000000021e-03	6.097964814053052213e-02	5.522875632135031826e-02	6.429429864510893822e-02
1.000000000000000021e-03	5.980318563775207513e-02	6.796218690837865783e-02	7.483363132923841199e-02
1.000000000000000021e-03	6.022115298582066817e-02	5.441921636345186525e-02	6.188058247789740562e-02
1.000000000000000021e-03	5.828609884786459944e-02	5.957087121552821773e-02	6.657708724960684221e-02
1.000000000000000021e-03	5.769453217763585717e-02	5.565689983948363118e-02	5.889219613745808740e-02
1.000000000000000021e-03	5.609394184954642065e-02	4.739977755822748218e-02	5.003344370052218576e-02
1.000000000000000021e-03	5.557347305006347243e-02	5.249288227623669784e-02	5.500904517248272896e-02
1.000000000000000021e-03	5.417744758570867264e-02	5.272584149116620739e-02	5.697636250406503539e-02
1.000000000000000021e-03	5.486799841026118035e-02	6.390557808713763499e-02	6.728344233706592958e-02
1.000000000000000021e-03	5.577377297760027081e-02	4.591416384225116554e-02	5.234128930605948249e-02
1.000000000000000021e-03	5.183831281491910886e-02	4.723449146950432082e-02	5.093346014618873457e-02
1.000000000000000021e-03	5.356254988718927440e-02	4.322685610444446103e-02	4.684244664385914941e-02
1.000000000000000021e-03	5.262848774297352455e-02	5.155397024181188753e-02	5.698327366262674609e-02
1.000000000000000021e-03	5.123204593462712259e-02	4.971187154113934636e-02	5.097149172797799110e-02
1.000000000000000021e-03	5.060031985589901610e-02	4.888872014290375489e-02	5.356601271778345386e-02
1.000000000000000021e-03	4.977334651352708500e-02	5.209637123174692269e-02	4.596935957670211792e-02
1.000000000000000021e-03	4.902304621839190246e-02	4.257066267011053173e-02	4.668776956386864324e-02
1.000000000000000021e-03	5.056914319937107216e-02	5.792119601712177046e-02	6.232438459992408614e-02
1.000000000000000021e-03	4.837990768574537692e-02	4.732541393742199093e-02	4.104138053953647336e-02
1.000000000000000021e-03	4.752534225479054103e-02	4.022072709082621239e-02	4.131437991745769839e-02
1.000000000000000021e-03	4.717631834066662866e-02	4.914388017660660524e-02	5.093446802347898622e-02
1.000000000000000021e-03	4.675170095391471825e-02	4.243193585328094292e-02	4.550606156699359139e-02
1.000000000000000021e-03	4.592273227649417561e-02	5.017003344849766538e-02	4.651043238118290901e-02
1.000000000000000021e-03	4.608491879041073935e-02	4.036910602754635591e-02	4.588165022432803830e-02
1.000000000000000021e-03	4.436938863067761696e-02	4.312574363152706092e-02	4.455126523971557340e-02
1.000000000000000021e-03	4.488477894278929126e-02	4.673830598241683620e-02	4.836688013747334619e-02
1.000000000000000021e-03	4.478934377219491447e-02	4.436334154290678955e-02	4.371757684275508204e-02
1.000000000000000021e-03	4.554642542520534465e-02	3.907002553499806102e-02	4.448105338960885863e-02
1.000000000000000021e-03	4.382106294251930656e-02	3.892910966152295787e-02	4.249739255756139478e-02
1.000000000000000021e-03	4.404535257691487987e-02	4.358294586704663381e-02	4.809871637262404243e-02
1.000000000000000021e-03	4.310099957288698186e-02	5.251759134662088713e-02	5.278718443587422648e-02
1.000000000000000021e-03	4.269193422532552989e-02	3.747793484030594036e-02	4.042599564418196401e-02
1.000000000000000021e-03	4.289559870329861385e-02	4.278951833580488945e-02	3.966205879114568372e-02
1.000000000000000021e-03	4.284893360082114161e-02	3.822670808715346313e-02	3.492146385833620748e-02
1.000000000000000021e-03	4.136226341505429283e-02	3.901011617707956375e-02	4.371115979738533774e-02
1.000000000000000021e-03	4.122816948323072134e-02	3.735232959789131640e-02	3.498352752067148547e-02
1.000000000000000021e-03	4.226556320421705204e-02	4.344559729060265552e-02	4.670211477205157141e-02
1.000000000000000021e-03	4.142600211242800090e-02	3.592313033240939618e-02	3.741769790649414340e-02
1.000000000000000021e-03	3.996708040592142352e-02	4.470850121600465632e-02	4.917319160886109153e-02
1.000000000000000021e-03	4.065600449112072995e-02	4.145439805862791149e-02	4.214725415222346505e-02
1.000000000000000021e-03	4.057557425565189863e-02	4.172467261903885227e-02	3.472682316787541190e-02
1.000000000000000021e-03	3.926293421569190811e-02	4.594363330702506965e-02	4.947722069919109622e-02
1.000000000000000021e-03	3.941923628575826760e-02	4.184178192734094165e-02	3.552265525795519213e-02
1.000000000000000021e-03	4.012248578951101152e-02	3.474726930689749083e-02	3.954776758328080316e-02
1.000000000000000021e-03	3.844672239614718712e-02	4.253955829049903964e-02	4.366313349455595155e-02
1.000000000000000021e-03	3.860744223466718722e-02	3.709738574805059724e-02	4.141007163561880727e-02
1.000000000000000021e-03	3.877868339714093948e-02	3.498974752597783927e-02	3.886801782064139982e-02
1.000000000000000021e-03	3.852171199358327830e-02	3.564292378723621368e-02	4.064079998061061183e-02
1.000000000000000021e-03	3.748232124393904158e-02	3.880853871010361139e-02	3.900375110097229620e-02
1.000000000000000021e-03	3.732074183531629979e-02	4.523592424720369876e-02	5.100683998316526274e-02
1.000000000000000021e-03	3.711921663401153426e-02	3.485654267185021166e-02	3.935901354998350143e-02
1.000000000000000021e-03	3.683156448288009421e-02	3.826549619982379941e-02	4.144198750145733356e-02
1.000000000000000021e-03	3.655917140362115875e-02	4.625063533870337612e-02	4.769132882356643538e-02
1.000000000000000021e-03	3.568594641290028652e-02	5.780441776230073325e-02	6.497266860678792277e-02
1.000000000000000021e-03	3.573313602606628669e-02	3.228593212966831411e-02	3.767297882586717606e-02
1.000000000000000021e-03	3.552463843360968015e-02	3.314515095964776226e-02	4.012633813545107841e-02
1.000000000000000021e-03	3.454233191630013550e-02	3.980580664664038620e-02	4.165312368422746658e-02
1.000000000000000021e-03	3.452293580661269096e-02	3.297828193461395385e-02	3.865898023359477798e-02
1.000000000000000021e-03	3.391042245533523042e-02	3.228203506642923076e-02	3.973367651924490651e-02
1.000000000000000021e-03	3.547117021422423883e-02	5.003624292412353625e-02	4.715309822931885997e-02
1.000000000000000021e-03	3.443133277973509793e-02	4.024369779642651690e-02	4.339140122756361684e-02
1.000000000000000021e-03	3.383514287471424409e-02	3.792174343819393334e-02	4.413009546697140018e-02
1.000000000000000021e-03	3.405343191486898818e-02	3.715217580618970783e-02	4.425831995904445926e-02
1.000000000000000021e-03	3.380248635365839388e-02	3.234905494055198560e-02	4.055952825583517690e-02
1.000000000000000021e-03	3.250066358585251142e-02	4.179244928296011602e-02	4.835744253359734734e-02
1.000000000000000021e-03	3.277665124626406856e-02	4.120187909971356754e-02	4.877288956195115904e-02
1.000000000000000021e-03	3.244122339779897946e-02	3.155848381953089976e-02	3.864711839705705504e-02
1.000000000000000021e-03	3.299716515699537001e-02	5.798326095283343196e-02	6.417575217783451358e-02
1.000000000000000021e-03	3.197354475418761471e-02	3.364046940979845135e-02	4.021687484346329888e-02
1.000000000000000021e-03	3.211287053658423013e-02	3.202218299058719186e-02	3.789099608547985554e-02
1.000000000000000021e-03	3.175864254252865060e-02	4.648909575418028184e-02	5.435523614287376265e-02
1.000000000000000021e-03	3.172280829141935904e-02	3.400285345019470051e-02	3.980136280879378180e-02
1.000000000000000021e-03	3.131431263371426549e-02	3.142390968716893274e-02	3.180947960354387621e-02
1.000000000000000021e-03	3.033043253016097507e-02	2.966142653521754852e-02	3.467537378892302652e-02
1.000000000000000021e-03	3.092530007848495396e-02	3.354178190582397801e-02	4.031902011483907977e-02
1.000000000000000021e-03	3.056004731642291555e-02	3.479190735409708884e-02	4.061490437015891075e-02
1.000000000000000021e-03	3.086614039785609553e-02	2.960333369516265217e-02	3.528918195515871187e-02
1.000000000000000021e-03	3.061995199876618029e-02	3.545988840660499464e-02	4.092712658457457742e-02
1.000000000000000021e-03	3.075769771846176975e-02	3.529129805365158190e-02	4.148304169066250463e-02
1.000000000000000021e-03	2.974474119860082838e-02	3.243756806234102813e-02	3.129263017326593121e-02
1.000000000000000021e-03	3.063527326066525780e-02	2.964145898896986334e-02	3.629372986033559123e-02
1.000000000000000021e-03	2.961477989990777757e-02	3.607689681906662421e-02	4.062013914808630666e-02
1.000000000000000021e-03	2.958478649331602525e-02	4.196606816343612101e-02	4.896647096611559530e-02
1.000000000000000021e-03	2.948457381345110512e-02	3.601154667466723025e-02	4.048594110645353794e-02
1.000000000000000021e-03	2.841860570290915405e-02	3.172056063892641359e-02	3.768529063090682307e-02
1.000000000000000021e-03	2.942875685704489375e-02	2.845757506319677652e-02	3.424484427087008676e-02
1.000000000000000021e-03	2.919892830976814416e-02	2.847505659255057664e-02	3.356770621612668176e-02
1.000000000000000021e-03	2.895049153165615494e-02	3.275396181416761338e-02	3.420891207642853121e-02
1.000000000000000021e-03	2.848287549253429585e-02	3.283713564900827414e-02	3.983807410113513608e-02
1.000000000000000021e-03	2.780393023074210698e-02	3.142809350999237888e-02	3.757447036914527555e-02
1.000000000000000021e-03	2.870043166796609063e-02	3.095349389572106188e-02	3.486429005861282210e-02
1.000000000000000021e-03	2.838877965102905299e-02	2.761563495854744629e-02	3.397816419601440430e-02
1.000000000000000021e-03	2.777784461087269216e-02	4.313718240844641866e-02	4.972813148051500459e-02
1.000000000000000021e-03	2.757021517521545187e-02	3.408961072174042373e-02	4.130541146732866903e-02
1.000000000000000021e-03	2.754911486115772454e-02	2.986088227383129276e-02	3.623269028030336181e-02
1.000000000000000021e-03	2.671678380367799657e-02	3.048579886321621871e-02	3.689993787556886812e-02
1.000000000000000021e-03	2.739662207433343766e-02	2.965837808725721447e-02	3.226310864556580782e-02
1.000000000000000021e-03	2.702740671729680910e-02	3.073536963519001367e-02	3.434331975877284726e-02
1.000000000000000021e-03	2.607147644776168158e-02	3.412133692251761996e-02	3.591495547443628034e-02
1.000000000000000021e-03	2.652896366419661700e-02	3.608058551960278276e-02	3.812767751514911652e-02
1.000000000000000021e-03	2.708156864793235391e-02	2.993961097916383526e-02	3.707641968503594398e-02
1.000000000000000021e-03	2.633228434554240119e-02	2.745325798997704306e-02	3.131484072655439654e-02
1.000000000000000021e-03	2.648278675191082648e-02	3.330692428490878571e-02	3.645210964605212489e-02
1.000000000000000021e-03	2.557568197583410044e-02	2.935029752552509308e-02	3.162882579490542551e-02
1.000000000000000021e-03	2.567609015000532277e-02	3.317169706624840259e-02	3.583991746418178220e-02
1.000000000000000021e-03	2.732705028696227195e-02	3.689934779446162744e-02	3.949124384671449939e-02
1.000000000000000021e-03	2.784959838030520718e-02	3.451098047235873212e-02	3.756246319971978664e-02
1.000000000000000021e-03	2.639287121869177133e-02	2.996978034991868572e-02	3.106973436661064625e-02
1.000000000000000021e-03	2.459076280776604020e-02	3.581638548386658488e-02	3.942948458716273585e-02
1.000000000000000021e-03	2.496221904881805800e-02	2.873957927548448366e-02	3.259030114859342436e-02
1.000000000000000021e-03	2.579598936375280399e-02	2.822066447575679107e-02	3.193354825489223142e-02
1.000000000000000021e-03	2.493307251405185374e-02	2.825246694746441981e-02	3.013889803551137586e-02
1.000000000000000021e-03	2.524884774849694286e-02	3.528729499517622992e-02	3.912368058227002482e-02
1.000000000000000021e-03	2.452324767645238171e-02	3.238993345793941131e-02	3.688102890737354755e-02
1.000000000000000021e-03	2.456972510144851338e-02	2.729518733996683447e-02	2.892523300834000041e-02
1.000000000000000021e-03	2.476901451690277298e-02	4.305067135713487592e-02	4.984720293432474275e-02
1.000000000000000021e-03	2.498313499405468638e-02	2.934244807556037407e-02	3.262259573675692359e-02
1.000000000000000021e-03	2.436839930069540153e-02	2.785929564523135019e-02	3.099259845912456443e-02
1.000000000000000021e-03	2.432602197972059607e-02	3.143837492113338294e-02	3.569321632385254184e-02
1.000000000000000021e-03	2.474409756871019314e-02	2.826262955890276179e-02	3.225278249010443687e-02
1.000000000000000021e-03	2.401188800925168829e-02	2.936232839930431882e-02	3.352891472168266496e-02
1.000000000000000021e-03	2.389049306815276691e-02	2.728066426648207213e-02	3.142638388089835644e-02
1.000000000000000021e-03	2.445959837521020572e-02	3.115711205136713693e-02	3.467957098037004193e-02
1.000000000000000021e-03	2.382026524827482450e-02	2.762906589784235381e-02	3.071128036826848914e-02
1.000000000000000021e-03	2.368723034290916643e-02	2.948109701236817370e-02	3.105639535933733125e-02
1.000000000000000021e-03	2.376083911024359091e-02	2.705124890461017839e-02	2.976803868077695231e-02
1.000000000000000021e-03	2.418855271925754100e-02	2.892494606371013438e-02	3.435691227205097537e-02
1.000000000000000021e-03	2.377303933249076684e-02	3.411308198153036736e-02	3.856165860779583315e-02
1.000000000000000021e-03	2.395672474539751670e-02	2.696465912484685701e-02	3.020111713558435579e-02
1.000000000000000021e-03	2.346584219062931506e-02	3.309546539764753742e-02	3.779626567848026752e-02
1.000000000000000021e-03	2.336136059626425440e-02	3.751469771158320865e-02	4.326707441359758238e-02
1.000000000000000021e-03	2.340208967186514777e-02	3.087039861379493530e-02	3.779816101305186887e-02
1.000000000000000021e-03	2.291574537561184496e-02	2.904810363436556575e-02	3.267381628975272317e-02
1.000000000000000021e-03	2.362644491655456133e-02	3.129859760169583643e-02	3.838216373696923256e-02
1.000000000000000021e-03	2.385006763621809467e-02	2.566352361296327794e-02	3.243664922192692618e-02
1.000000000000000021e-03	2.319962138753252009e-02	3.080253847216436400e-02	3.392759417183697362e-02
1.000000000000000021e-03	2.369827142937749181e-02	2.801726975951207219e-02	3.073309522587806125e-02
1.000000000000000021e-03	2.325422553168940074e-02	3.004805840239787099e-02	3.390226541087031087e-02
1.000000000000000021e-03	2.273469374619679906e-02	2.767011077577219078e-02	3.039662558585405280e-02
1.000000000000000021e-03	2.296101274006740606e-02	3.103288635611534119e-02	3.402328402735292634e-02
1.000000000000000021e-03	2.253361003459314685e-02	2.941424001729925353e-02	3.521513538435101787e-02
1.000000000000000021e-03	2.243663949394569465e-02	2.807784634422881564e-02	3.237722464837133884e-02
1.000000000000000021e-03	2.315443290322758904e-02	2.737737825891266297e-02	3.047512467019259860e-02
1.000000000000000021e-03	2.306870174382386757e-02	3.447182614999915601e-02	3.805639175698161125e-02
1.000000000000000021e-03	2.341677172845224239e-02	2.739162212579038247e-02	3.304739035665989200e-02
1.000000000000000021e-03	2.394257107540453608e-02	2.591129741021943808e-02	3.157172377686947445e-02
1.000000000000000021e-03	2.214200161895896191e-02	2.695075250888994203e-02	3.490640232339501520e-02
1.000000000000000021e-03	2.217916464796067591e-02	2.743621901925945641e-02	3.345204088836908202e-02
1.000000000000000021e-03	2.269060663725051830e-02	2.738132211745409467e-02	3.443889310583472113e-02
1.000000000000000021e-03	2.185768674335259940e-02	2.623229431895373470e-02	3.177152127027511874e-02
1.000000000000000021e-03	2.218760403903627040e-02	2.546290551063589910e-02	3.175486405380070071e-02
1.000000000000000021e-03	2.184947294038419585e-02	2.945165706710665618e-02	3.617637096904217919e-02
1.000000000000000021e-03	2.176647923871606258e-02	2.691273685759274642e-02	2.880707583390176157e-02
1.000000000000000021e-03	2.230335716829960971e-02	2.770284398493030181e-02	3.322462933138013025e-02
1.000000000000000021e-03	2.184503259101515382e-02	2.991021807788242157e-02	3.385686120018362860e-02
1.000000000000000021e-03	2.216396361173343654e-02	2.587895450323664248e-02	2.769476249814033578e-02
1.000000000000000021e-03	2.166491425842688098e-02	2.492281680936432597e-02	2.978147887624800136e-02
1.000000000000000021e-03	2.151500760486058095e-02	2.602964691349661172e-02	2.872918071225285391e-02
1.000000000000000021e-03	2.181557407889812145e-02	3.056717542102511606e-02	3.291015787981450835e-02
1.000000000000000021e-03	2.184928650304094472e-02	2.715520774311732180e-02	3.310436937026679793e-02
1.000000000000000021e-03	2.169141252733736841e-02	2.845704689114817929e-02	3.446178636513650556e-02
1.000000000000000021e-03	2.187910326607547112e-02	2.601980040074174799e-02	3.060409442987293074e-02
1.000000000000000021e-03	2.187393554619070785e-02	2.688012325755900767e-02	3.249240568839013854e-02
1.000000000000000021e-03	2.210185603726787587e-02	3.001257847428945996e-02	3.742137737572193146e-02
1.000000000000000021e-03	2.117211329997227207e-02	2.828129693982800799e-02	7.779068718664347570e-02
1.000000000000000021e-03	2.147620153971506116e-02	2.681273225870432070e-02	2.993568945676088403e-02
1.000000000000000021e-03	2.059706495700966422e-02	2.741361707839042039e-02	3.258647830225527148e-02
1.000000000000000021e-03	2.157500587076538121e-02	2.768939761786248788e-02	3.170723454095423360e-02
1.000000000000000021e-03	2.146869958142699417e-02	2.940121786522615493e-02	3.576184441335499009e-02
1.000000000000000021e-03	2.118680845467138529e-02	3.592895236626969524e-02	3.870166032575070997e-02
1.000000000000000021e-03	2.133609128735608484e-02	3.364042438449659639e-02	4.020038107410073280e-02
1.000000000000000021e-03	2.097477364164753930e-02	2.947795715826656213e-02	3.541849358007311682e-02
1.000000000000000021e-03	2.083213859979429414e-02	2.774871599065695596e-02	3.480333043262362480e-02
1.000000000000000021e-03	2.122617233382053520e-02	3.629334741979057394e-02	4.422711059451103072e-02
1.000000000000000021e-03	2.114634605047659849e-02	3.556034363884263971e-02	4.129572198726236959e-02
1.000000000000000021e-03	2.275806829092754183e-02	2.768358340516140215e-02	3.332290989346801957e-02
1.000000000000000021e-03	2.112849737360960808e-02	2.553452059860629106e-02	3.222530814819037775e-02
1.000000000000000021e-03	2.019702782339745373e-02	3.113331752999914936e-02	3.741190088912844935e-02
5.000000000000000104e-04	1.669135803563727427e-02	2.419155202708475269e-02	2.737229873891919990e-02
5.000000000000000104e-04	1.646645863525842551e-02	2.959169205570720204e-02	3.245176146738230905e-02
5.000000000000000104e-04	1.601875084655499104e-02	2.222469606539185724e-02	2.708355372305959463e-02
5.000000000000000104e-04	1.584793852426549451e-02	2.453180854525709512e-02	2.893106553237885167e-02
5.000000000000000104e-04	1.545562807182332236e-02	2.293790636476890007e-02	2.713373538572341065e-02
5.000000000000000104e-04	1.554524882438139063e-02	2.537664625774191385e-02	3.091275540646165609e-02
5.000000000000000104e-04	1.520467045813920191e-02	2.672058879275908752e-02	3.199013764970004559e-02
5.000000000000000104e-04	1.542088251513249603e-02	2.362875371722806747e-02	2.957453753333538771e-02
5.000000000000000104e-04	1.535712633609182323e-02	2.486547130447719703e-02	3.021271147299557994e-02
5.000000000000000104e-04	1.537260550619853373e-02	2.199874598415890378e-02	2.720641803462058375e-02
5.000000000000000104e-04	1.510470126196958827e-02	2.359751000493296932e-02	2.859350021462887456e-02
5.000000000000000104e-04	1.544134554341045421e-02	2.236209137862577370e-02	2.814795162994414637e-02
5.000000000000000104e-04	1.521961383224660486e-02	2.401322623256457386e-02	3.030639155767857890e-02
5.000000000000000104e-04	1.509731841924285591e-02	2.371086136325803798e-02	2.877157444600015809e-02
5.000000000000000104e-04	1.490498242662475180e-02	2.504971748247196428e-02	3.118489459156990190e-02
5.000000000000000104e-04	1.495439524330532434e-02	2.375120654000037468e-02	2.910503156017512152e-02
5.000000000000000104e-04	1.483614719892706324e-02	2.195453380980572772e-02	2.755202895496040513e-02
5.000000000000000104e-04	1.484351078185960904e-02	2.400574630799249751e-02	2.950062633026391198e-02
5.000000000000000104e-04	1.494082933483583536e-02	2.236776936955321010e-02	2.802601438015699456e-02
5.000000000000000104e-04	1.463490871386412956e-02	2.200945830996592009e-02	2.767641595564782758e-02
5.000000000000000104e-04	1.467220300462892223e-02	2.500019670117899911e-02	3.158637431915849170e-02
5.000000000000000104e-04	1.452576541875496077e-02	2.237573762409662131e-02	2.922968284692615409e-02
5.000000000000000104e-04	1.502646360689380810e-02	2.302712004592749606e-02	2.929966547526419163e-02
5.000000000000000104e-04	1.458121763044938936e-02	2.683452611389272602e-02	3.245548396371304711e-02
5.000000000000000104e-04	1.473830655106647333e-02	2.237329311688376898e-02	2.835184196010231972e-02
5.000000000000000104e-04	1.455276771792583974e-02	2.123581111938229252e-02	2.781161193270236323e-02
5.000000000000000104e-04	1.463408234847222988e-02	2.324645148092851707e-02	2.916291346773505072e-02
5.000000000000000104e-04	1.478041215827379830e-02	2.388414199810221655e-02	3.030861762817949057e-02
5.000000000000000104e-04	1.440916529468164869e-02	2.209241703367201964e-02	2.784523775335401297e-02
5.000000000000000104e-04	1.461444677077472151e-02	2.337946476053973099e-02	2.955766895320266485e-02
5.000000000000000104e-04	1.464109431731191145e-02	2.331193438024108805e-02	2.836759306956082582e-02
5.000000000000000104e-04	1.446289655228577206e-02	2.264680697324232203e-02	2.857677107676863740e-02
5.000000000000000104e-04	1.445315739084652822e-02	2.154196049842534849e-02	2.777206066530197789e-02
5.000000000000000104e-04	1.447510311175235348e-02	2.335039246339760607e-02	2.995198168791830470e-02
5.000000000000000104e-04	1.429152701953734748e-02	2.276407950192065738e-02	2.951064552180469175e-02
5.000000000000000104e-04	1.469214249309098129e-02	2.319955277739394958e-02	3.003387991338968277e-02
5.000000000000000104e-04	1.437669980365169700e-02	2.365366280254425219e-02	6.134787483606487374e-02
5.000000000000000104e-04	1.435425812178066536e-02	2.157758899930260071e-02	2.625881803687661956e-02
5.000000000000000104e-04	1.443989841574114946e-02	2.201888402582619086e-02	2.715697647072374751e-02
5.000000000000000104e-04	1.440080848845927929e-02	2.198124243463365352e-02	2.916585875209420919e-02
5.000000000000000104e-04	1.418336009560125857e-02	2.589378577622911820e-02	3.193946094252168855e-02
5.000000000000000104e-04	1.429764476700655026e-02	2.404988386439091408e-02	2.924874327145516803e-02
5.000000000000000104e-04	1.402212953040026314e-02	2.190437167395315951e-02	2.821334174368530373e-02
5.000000000000000104e-04	1.411475125676396949e-02	2.407563976085310906e-02	3.154479088261723241e-02
5.000000000000000104e-04	1.402457256288359294e-02	2.156312823178568525e-02	2.786473692394792964e-02
5.000000000000000104e-04	1.386919613752065489e-02	2.191188273200501968e-02	2.763841138221323490e-02
5.000000000000000104e-04	1.426854769527530729e-02	2.176983062060871763e-02	2.786202495917677879e-02
2.500000000000000052e-04	1.225579711443345286e-02	2.175820385793428638e-02	2.779205967672169347e-02
2.500000000000000052e-04	1.181463068735814567e-02	2.144748546397654693e-02	2.791555824223905871e-02
2.500000000000000052e-04	1.183420330326117806e-02	2.140209576631871974e-02	2.766427209135145088e-02
2.500000000000000052e-04	1.181146402427750083e-02	2.074658637134972616e-02	2.712096993345767398e-02
2.500000000000000052e-04	1.173134946869496681e-02	2.098267260178221516e-02	2.648708154447376728e-02
2.500000000000000052e-04	1.172835817219231198e-02	2.017124419476037239e-02	2.657294669188559055e-02
2.500000000000000052e-04	1.167270304974322472e-02	2.249173576217047138e-02	3.004721188917756219e-02
2.500000000000000052e-04	1.161189040428091401e-02	2.550709073027079138e-02	3.139681820757687231e-02
2.500000000000000052e-04	1.167850403890984511e-02	2.055882440187544249e-02	2.673246515914797644e-02
2.500000000000000052e-04	1.156957177694512007e-02	2.220531827063148417e-02	2.806334628257900476e-02
2.500000000000000052e-04	1.152076025278355766e-02	2.085075608859355417e-02	2.728179891128092865e-02
2.500000000000000052e-04	1.148670775883025436e-02	2.194374846538324139e-02	2.829914891626685719e-02
2.500000000000000052e-04	1.162520848748823006e-02	2.054206056627615531e-02	2.664726681541651487e-02
2.500000000000000052e-04	1.150747384754653713e-02	2.093301527202129364e-02	2.762460962403565784e-02
2.500000000000000052e-04	1.143241384044428252e-02	2.109970736039402592e-02	2.703075504396110912e-02
2.500000000000000052e-04	1.138444819773150145e-02	2.147899900138846088e-02	2.774653565138578484e-02
2.500000000000000052e-04	1.133706734568279417e-02	2.077081919945191271e-02	2.672968341503292183e-02
2.500000000000000052e-04	1.115717775220351551e-02	2.025365027360110856e-02	2.617036041337996582e-02
2.500000000000000052e-04	1.141523703046407393e-02	2.268531569889234781e-02	2.867950289510190487e-02
2.500000000000000052e-04	1.128944271548048238e-02	2.290215149170753139e-02	2.946648094803094864e-02
2.500000000000000052e-04	1.135286755037427306e-02	2.119362825791093127e-02	2.644922551698982577e-02
2.500000000000000052e-04	1.135123793686967052e-02	2.175262425075338846e-02	2.813535048626363347e-02
2.500000000000000052e-04	1.134726534819164266e-02	2.069120403593747298e-02	2.674916393589228322e-02
2.500000000000000052e-04	1.120955994165241838e-02	2.051213539707722952e-02	2.644606567919254372e-02
2.500000000000000052e-04	1.132957645680553876e-02	2.089149313271825709e-02	2.652310880366712947e-02
2.500000000000000052e-04	1.119423452185043175e-02	2.049033081461309677e-02	2.653325570281594992e-02
2.500000000000000052e-04	1.126373712641987219e-02	2.158069020107934721e-02	2.726529848296195199e-02
1.250000000000000026e-04	1.031355027146225664e-02	2.006771986943264863e-02	2.615933748893439770e-02
1.250000000000000026e-04	1.009205035315940274e-02	2.100607821552073068e-02	2.731557278893887927e-02
1.250000000000000026e-04	1.008349389987474830e-02	2.030210550484388976e-02	2.639823523350059986e-02
1.250000000000000026e-04	1.007139997138550153e-02	2.018778988145564918e-02	2.606497877277434011e-02
1.250000000000000026e-04	1.007232084786904153e-02	2.046722515500808831e-02	2.660192262846976588e-02
1.250000000000000026e-04	9.959232013341019416e-03	1.994073615745880351e-02	2.605353395920246770e-02
1.250000000000000026e-04	1.000237473166954577e-02	2.007279019432230138e-02	2.628529209177941223e-02
1.250000000000000026e-04	9.965973107362031957e-03	2.211427860722647853e-02	2.899910525884479354e-02
1.250000000000000026e-04	1.006493191118284364e-02	1.968345802803938421e-02	2.568090469576418330e-02
1.250000000000000026e-04	1.007295392563110382e-02	2.043810300041399783e-02	2.700649660546332667e-02
1.250000000000000026e-04	9.906482108862699545e-03	2.054402661261134008e-02	2.706576422788202832e-02
1.250000000000000026e-04	1.004101282772307431e-02	2.098509604452636346e-02	2.724932357668876509e-02
1.250000000000000026e-04	9.958354566612514711e-03	2.076861829891878813e-02	2.717220212798565626e-02
1.250000000000000026e-04	9.982680405071303609e-03	2.013595495860613996e-02	2.623605837579816649e-02
1.250000000000000026e-04	9.991963970170958734e-03	2.120183910004287339e-02	2.758706409949809174e-02
1.250000000000000026e-04	9.868771324574582629e-03	2.082633341696717849e-02	2.682419803459197213e-02
1.250000000000000026e-04	9.941856293934177996e-03	2.055219763217016118e-02	2.674081868026405642e-02
1.250000000000000026e-04	9.869379462233249245e-03	2.063109050382962509e-02	2.684734812937676976e-02
1.250000000000000026e-04	9.878673002344878773e-03	1.970289568099832175e-02	2.602603072300553252e-02
1.250000000000000026e-04	9.833718510805139479e-03	1.982931435322730224e-02	2.594253958668559651e-02
1.250000000000000026e-04	9.876633970713791580e-03	2.094542727127905388e-02	2.656261145602911711e-02
1.250000000000000026e-04	9.811550462233805531e-03	1.969477821492555958e-02	2.638219194486737113e-02
1.250000000000000026e-04	9.845436805855957429e-03	2.051165955950608535e-02	2.655995734967291425e-02
1.250000000000000026e-04	9.849746509738495706e-03	2.247095582957979107e-02	2.875978089869022508e-02
1.250000000000000026e-04	9.806060776170808305e-03	2.018501949911030019e-02	2.742562484927475383e-02
1.250000000000000026e-04	9.793947492533814844e-03	2.124526956318560644e-02	2.764098201878368785e-02
1.250000000000000026e-04	9.750057663876886965e-03	2.058685153079126487e-02	2.646740849595517059e-02
1.250000000000000026e-04	9.763409146565538155e-03	2.072796318192444628e-02	2.681755190715193887e-02
1.250000000000000026e-04	9.756662688093989053e-03	1.982702603027302474e-02	2.616367440205067535e-02
1.250000000000000026e-04	9.686878711145551629e-03	2.108644093850052179e-02	2.849646168760955334e-02
6.250000000000000130e-05	9.214090578606944776e-03	2.050233491896334692e-02	2.676866271067410846e-02
6.250000000000000130e-05	9.170555901334963636e-03	2.153809565114569308e-02	2.803544583730399609e-02
6.250000000000000130e-05	9.161782923949327029e-03	2.129478030472369693e-02	2.835490875877439906e-02
6.250000000000000130e-05	9.173236486630393510e-03	2.019514167847121650e-02	2.632905065547674894e-02
6.250000000000000130e-05	9.198106113450689111e-03	2.160928283296330299e-02	2.774598498363047699e-02
6.250000000000000130e-05	9.136545468325476746e-03	2.025634332204052229e-02	2.664444383699447055e-02
6.250000000000000130e-05	9.212590599082597434e-03	1.965855026412852841e-02	2.602002713829278807e-02
6.250000000000000130e-05	9.153593873627886846e-03	2.004490611362831631e-02	2.618829892016947408e-02
6.250000000000000130e-05	9.115437170844948103e-03	2.105622969723808940e-02	2.735706646926700999e-02
6.250000000000000130e-05	9.095651084322042140e-03	2.047619476660851937e-02	2.674738839268684526e-02
6.250000000000000130e-05	9.069180753192560007e-03	1.993121809438260991e-02	2.629065942019224306e-02
6.250000000000000130e-05	9.084759476752284763e-03	2.047481887159547168e-02	2.693470225203782251e-02
6.250000000000000130e-05	9.114811642809514391e-03	1.974689604529223513e-02	2.637235124129801850e-02
6.250000000000000130e-05	9.178542138964214739e-03	2.107026920951317675e-02	2.751780916005373140e-02
6.250000000000000130e-05	9.063273985773202812e-03	2.007309873027639247e-02	2.710008523426949908e-02
6.250000000000000130e-05	9.047913367504068285e-03	2.027796158147731828e-02	2.654277575202286174e-02
6.250000000000000130e-05	9.058915565972535180e-03	1.950104175262270048e-02	2.570597170852124622e-02
6.250000000000000130e-05	9.108173259202913263e-03	2.035392024578692310e-02	2.653033989481628011e-02
6.250000000000000130e-05	9.000801100975867539e-03	1.978563058009634446e-02	2.621103643905371358e-02
6.250000000000000130e-05	9.063276323560817346e-03	1.978745693292137051e-02	2.604836542159318785e-02
6.250000000000000130e-05	9.083948796750450014e-03	2.021332763876590444e-02	2.628249078989029069e-02
6.250000000000000130e-05	8.977859003069512886e-03	2.071697932926460164e-02	2.683944087475538184e-02
6.250000000000000130e-05	9.053555183944798218e-03	1.981207844923147873e-02	2.620190680027007987e-02
6.250000000000000130e-05	8.984068626675532215e-03	2.001812066687807395e-02	2.619271972216665606e-02
6.250000000000000130e-05	8.966497574142414523e-03	1.981618210517299000e-02	2.612446248531341553e-02
6.250000000000000130e-05	9.045058580461094039e-03	1.981991153034864256e-02	2.630490637384354929e-02
6.250000000000000130e-05	9.072594036613096033e-03	2.066972710835840096e-02	2.683989009819924901e-02
6.250000000000000130e-05	9.046714326530400779e-03	2.104101369050160805e-02	2.735349808353930781e-02
6.250000000000000130e-05	9.005809451197124837e-03	1.986762394650756422e-02	2.582615630235523055e-02
6.250000000000000130e-05	9.007294069587699209e-03	1.973411880667609239e-02	2.570110871456563612e-02
6.250000000000000130e-05	8.980879388097294524e-03	1.971111053123055998e-02	2.584466254338622232e-02
6.250000000000000130e-05	9.003277005516143600e-03	2.041116504105909904e-02	2.736214289907366176e-02
6.250000000000000130e-05	9.005510415925213966e-03	1.992285478840635782e-02	2.607702180976047973e-02
6.250000000000000130e-05	9.006418963084825841e-03	2.078306777841601796e-02	2.711805915459990571e-02
6.250000000000000130e-05	8.951708303581339815e-03	1.948137032794546725e-02	2.575806074310094118e-02
6.250000000000000130e-05	9.002340153518494092e-03	2.095987237209737120e-02	2.780402479693293641e-02
6.250000000000000130e-05	8.893888671798473589e-03	2.060925908854806601e-02	2.687082642223686049e-02
6.250000000000000130e-05	8.975716449706063957e-03	2.176050658957028386e-02	2.826384326908737421e-02
6.250000000000000130e-05	8.964755179316082415e-03	2.001341051027100831e-02	2.656113544944673638e-02
6.250000000000000130e-05	9.054490976759414778e-03	2.057864300477567007e-02	2.709588960278779338e-02
6.250000000000000130e-05	9.021166636196245592e-03	1.953466812451004272e-02	2.566721406765282154e-02
6.250000000000000130e-05	8.913041478745669863e-03	2.037041194015304368e-02	2.648162939585745404e-02
6.250000000000000130e-05	9.035878838595261600e-03	2.019794876272765910e-02	2.639128782320767502e-02
6.250000000000000130e-05	8.911079283665005249e-03	2.053438301602895227e-02	2.698945167940109899e-02
6.250000000000000130e-05	8.942207614086684908e-03	2.134935068776002212e-02	8.541157378349453766e-02
6.250000000000000130e-05	8.938400817893059694e-03	1.983999064513993979e-02	2.624574890360236237e-02
6.250000000000000130e-05	8.945338863071104762e-03	2.007707783767066073e-02	2.680030567571520944e-02
6.250000000000000130e-05	8.980733411004112113e-03	2.050442805913574307e-02	2.711927688214927842e-02
6.250000000000000130e-05	8.904677798127438870e-03	2.138686514610707579e-02	2.767627700231969218e-02
6.250000000000000130e-05	8.902934799756401230e-03	2.008003620089504615e-02	2.649914047215133975e-02
6.250000000000000130e-05	8.964137406342507011e-03	1.986583990303321737e-02	2.604135242290794849e-02
6.250000000000000130e-05	8.876816718500496126e-03	1.967559416451691162e-02	2.602024625521153281e-02
6.250000000000000130e-05	8.893990550849016630e-03	2.045670313594852990e-02	2.655527298338711262e-02
6.250000000000000130e-05	8.894056308507451367e-03	1.951763665800943306e-02	2.586822514422237873e-02
6.250000000000000130e-05	8.928732364912532471e-03	1.944935058014399254e-02	2.568267029710114002e-02
6.250000000000000130e-05	8.845635169413787816e-03	2.075139617459624206e-02	2.711761207319796085e-02
6.250000000000000130e-05	8.841514223595997590e-03	1.941123831022472171e-02	2.574786110781133314e-02
6.250000000000000130e-05	8.903672518300726618e-03	1.997960792825172194e-02	2.617457120213657548e-02
6.250000000000000130e-05	8.868522123163300949e-03	1.959802700372422629e-02	2.598012995440512896e-02
6.250000000000000130e-05	8.915022729368855120e-03	2.105923104270590596e-02	2.753835448529571434e-02
6.250000000000000130e-05	8.878101299746029434e-03	1.934694219868220502e-02	2.578475135378539493e-02
6.250000000000000130e-05	8.843063568363725840e-03	1.993935784880871559e-02	2.596733558457344632e-02
6.250000000000000130e-05	8.890026735240478400e-03	2.020615741064411136e-02	2.636933594476431608e-02
6.250000000000000130e-05	8.906308430723234790e-03	2.077011798669374520e-02	2.690460494486614923e-02
6.250000000000000130e-05	8.858411187395982475e-03	2.083971510831442164e-02	2.698302653152495623e-02
6.250000000000000130e-05	8.815910237006422887e-03	1.979815348963306909e-02	2.622036945540457895e-02
6.250000000000000130e-05	8.892314009305573794e-03	2.007985171125665352e-02	2.624469723086804082e-02
6.250000000000000130e-05	8.777490043888055288e-03	1.977395741220231914e-02	2.663567333947867294e-02
6.250000000000000130e-05	8.859500337181880694e-03	2.028005596503849525e-02	2.659895624965429375e-02
6.250000000000000130e-05	8.867498880025777644e-03	2.008600272628337235e-02	2.635460756719112257e-02
6.250000000000000130e-05	8.866200903771903966e-03	1.945738042875422291e-02	2.599831493571400781e-02
6.250000000000000130e-05	8.807202742595946626e-03	2.111796636856039244e-02	2.744049530010670562e-02
6.250000000000000130e-05	8.780591200696930346e-03	1.984545052129560797e-02	2.588118121493607898e-02
6.250000000000000130e-05	8.862567777567179061e-03	1.977145850307342190e-02	2.634185149800032447e-02
6.250000000000000130e-05	8.739431551481538149e-03	2.082196193020693226e-02	2.745561574120074580e-02
6.250000000000000130e-05	8.841375227358762301e-03	1.997944465423909938e-02	2.615592454094439745e-02
6.250000000000000130e-05	8.791169093151366548e-03	2.040926200284071471e-02	2.671863276045769592e-02
6.250000000000000130e-05	8.761985921758752571e-03	2.046077802328695114e-02	2.645429156254976849e-02
6.250000000000000130e-05	8.885209775600774393e-03	2.106560474622468093e-02	2.730513399001210928e-02
6.250000000000000130e-05	8.844715204748686277e-03	1.998215625111345387e-02	2.639995799399912427e-02
6.250000000000000130e-05	8.827572912216152118e-03	1.947563804725077619e-02	2.553431445267051458e-02
6.250000000000000130e-05	8.753541059772537714e-03	1.998554684065711323e-02	2.668977899011224647e-02
3.125000000000000065e-05	8.558534823657122995e-03	2.044364432584865054e-02	2.673785455990582843e-02
3.125000000000000065e-05	8.517369061790801971e-03	1.954365905900900396e-02	2.615715430583804776e-02
3.125000000000000065e-05	8.488420345844866627e-03	2.036595174369855779e-02	2.668142504990100861e-02
3.125000000000000065e-05	8.457060303016759872e-03	1.983349117894135302e-02	2.604612144641578128e-02
3.125000000000000065e-05	8.478722628531084118e-03	1.995412788856091788e-02	2.610516259446740012e-02
3.125000000000000065e-05	8.492827284084269665e-03	2.035652647155741790e-02	2.651113583706319471e-02
3.125000000000000065e-05	8.434014337721382204e-03	1.998856901166794903e-02	2.607713418547064066e-02
3.125000000000000065e-05	8.456318223672317641e-03	2.093594676341998043e-02	8.505897608119994402e-02
3.125000000000000065e-05	8.480664033555426404e-03	1.996214565435785321e-02	2.614577035419642786e-02
3.125000000000000065e-05	8.483328320705800507e-03	1.953017060688808787e-02	2.598957491572946241e-02
3.125000000000000065e-05	8.424621159638809309e-03	1.989158053750767277e-02	2.617780501022935052e-02
3.125000000000000065e-05	8.460666909282935771e-03	2.027826725032317104e-02	2.675900089088827441e-02
3.125000000000000065e-05	8.399513374294580517e-03	1.976520583248107116e-02	2.607292954344302485e-02
3.125000000000000065e-05	8.438573846806960918e-03	2.098536536741163125e-02	2.743443793151527713e-02
3.125000000000000065e-05	8.438774884080837632e-03	1.983507375930148101e-02	2.594106474425643752e-02
3.125000000000000065e-05	8.468288272714601800e-03	2.076712227304568573e-02	2.700225394219159941e-02
3.125000000000000065e-05	8.378842975315813416e-03	2.001699139193402477e-02	2.631516603287309408e-02
3.125000000000000065e-05	8.406178093633986242e-03	1.970545912444279443e-02	2.607871289364993572e-02
3.125000000000000065e-05	8.456602697480098546e-03	2.098980402642207713e-02	2.722485346021130681e-02
3.125000000000000065e-05	8.392747864072980582e-03	1.967776152768528283e-02	2.655045890714973281e-02
3.125000000000000065e-05	8.437880535120791461e-03	1.964882532066387563e-02	2.599206441082060198e-02
1.562500000000000033e-05	8.317473711020087132e-03	1.976699600513068950e-02	2.599688954651355882e-02
1.562500000000000033e-05	8.303495267825445128e-03	1.989581696299046187e-02	2.668577195145189693e-02
1.562500000000000033e-05	8.270770156676942458e-03	2.068387439562232102e-02	2.699372507631778856e-02
1.562500000000000033e-05	8.274972897430381974e-03	1.961079399779204827e-02	8.918849704787135124e-02
1.562500000000000033e-05	8.263799518188586282e-03	1.953279200687770348e-02	2.583411366213113000e-02
1.562500000000000033e-05	8.223960881509914320e-03	1.985004790985459358e-02	2.641365951858460834e-02
1.562500000000000033e-05	8.318739641704849322e-03	2.123444842379442615e-02	2.735542638693004916e-02
1.562500000000000033e-05	8.264696580120007782e-03	2.041722948697068801e-02	2.675956296734511783e-02
1.562500000000000033e-05	8.274335096958089844e-03	1.967393870694630897e-02	2.613090274389833281e-02
1.562500000000000033e-05	8.319237434162761458e-03	1.974652684659389951e-02	2.596360442694276710e-02
1.562500000000000033e-05	8.289313783306778358e-03	2.079862968128233167e-02	2.713323272764682839e-02
1.562500000000000033e-05	8.241768848636404216e-03	2.066085074604025532e-02	2.680442830314859817e-02
1.562500000000000033e-05	8.329223098646179949e-03	2.049517079076061676e-02	2.680026397574692895e-02
1.562500000000000033e-05	8.208270229663593848e-03	2.003344782281920450e-02	2.633202157448977232e-02
1.562500000000000033e-05	8.259471777854720739e-03	1.967142022053920691e-02	2.661418239586055279e-02
1.562500000000000033e-05	8.176971750291646412e-03	1.939711326255380217e-02	2.571712229400873254e-02
1.562500000000000033e-05	8.231582272301550540e-03	1.979702273237455429e-02	2.644817291293293307e-02
1.562500000000000033e-05	8.211789821741052528e-03	1.965255473121142391e-02	2.576959491707384725e-02
1.562500000000000033e-05	8.250964351470834596e-03	1.955072967462358549e-02	2.576255516614765068e-02
1.562500000000000033e-05	8.290437829516581619e-03	2.092834766856662906e-02	2.704754341393709322e-02
1.562500000000000033e-05	8.242653220959133761e-03	1.963882988406569566e-02	2.578219475690275361e-02
7.812500000000000163e-06	8.188415233667782275e-03	2.068178534156676907e-02	2.698386781848967006e-02
7.812500000000000163e-06	8.143856059575649634e-03	1.969275568460762682e-02	2.608306640759110520e-02
7.812500000000000163e-06	8.176151919327655226e-03	1.970610669594628772e-02	2.585927171166986158e-02
7.812500000000000163e-06	8.119855062530059731e-03	1.944961009732403684e-02	2.570212571881711622e-02
7.812500000000000163e-06	8.114262371052569436e-03	1.947057529971861836e-02	2.573108640499412875e-02
7.812500000000000163e-06	8.174187579062734688e-03	2.005508821457624435e-02	2.626740647247061133e-02
7.812500000000000163e-06	8.140498166009913633e-03	1.977756407345932985e-02	2.612165107857435803e-02
7.812500000000000163e-06	8.130877617629567178e-03	1.997309659378534996e-02	2.624168926849961350e-02
7.812500000000000163e-06	8.154250849352595240e-03	1.977151619631270507e-02	2.610384968575090239e-02
7.812500000000000163e-06	8.136621525228334914e-03	1.945834425985033117e-02	2.568325761239975691e-02
7.812500000000000163e-06	8.137586551765548654e-03	1.979089144090707270e-02	2.634774399921297958e-02
7.812500000000000163e-06	8.088389868561423821e-03	1.950583591355078972e-02	2.593912109732627799e-02
7.812500000000000163e-06	8.117259990959198312e-03	1.984334043690359414e-02	2.600508253090083599e-02
7.812500000000000163e-06	8.068655543311034281e-03	1.965847255964397675e-02	2.633479123469441990e-02
7.812500000000000163e-06	8.141831785262740664e-03	1.983164060197731629e-02	2.673448838759213617e-02
7.812500000000000163e-06	8.126468643104010556e-03	2.084742691757947297e-02	2.721714829094707896e-02
7.812500000000000163e-06	8.189162935350803585e-03	2.069404964574188613e-02	2.700095330365002294e-02
7.812500000000000163e-06	8.110740507013962028e-03	1.929654216598621769e-02	2.612461252138018747e-02
7.812500000000000163e-06	8.080140500881511159e-03	2.012780762194650921e-02	2.645124485716223578e-02
7.812500000000000163e-06	8.100098776433306558e-03	1.990245526939318430e-02	2.610334663186222176e-02
7.812500000000000163e-06	8.145228460639142298e-03	2.020735739296331338e-02	2.677704105153679709e-02
7.812500000000000163e-06	8.103912354649031938e-03	2.067803353539312064e-02	2.698238980956375530e-02
7.812500000000000163e-06	8.181142278607238597e-03	2.103274434570866561e-02	2.725819937186315517e-02
7.812500000000000163e-06	8.087763372904049203e-03	1.987679224188259111e-02	2.611940908245742252e-02
7.812500000000000163e-06	8.132278688691898377e-03	2.037838289114349277e-02	2.650968793313950370e-02
7.812500000000000163e-06	8.138463448043945989e-03	1.951625298572148490e-02	2.779503618367016454e-02
7.812500000000000163e-06	8.166139177954201064e-03	2.039538744681012455e-02	2.680499115958809991e-02
7.812500000000000163e-06	8.129015766732165457e-03	1.980419410636443875e-02	2.611311725340783457e-02
7.812500000000000163e-06	8.065192487227354490e-03	1.969425586973809483e-02	2.597347488626837800e-02
7.812500000000000163e-06	8.108263032932383485e-03	1.951280033888773066e-02	2.587958048097789218e-02
7.812500000000000163e-06	8.118442312281724804e-03	2.004958053865513873e-02	2.617897279560565948e-02
7.812500000000000163e-06	8.111163169533499445e-03	1.960302961512385908e-02	2.663435495924204588e-02
7.812500000000000163e-06	8.100366919589136946e-03	1.991047072882583605e-02	2.632159418426454137e-02
7.812500000000000163e-06	8.169652988409287914e-03	1.991094939937298330e-02	2.615521727129816940e-02
7.812500000000000163e-06	8.156998331402279256e-03	1.959682918636430557e-02	2.587036374025046895e-02
7.812500000000000163e-06	8.128290790620239237e-03	1.986835521026587489e-02	2.646176912821829319e-02
7.812500000000000163e-06	8.124186545491235770e-03	1.965889361009235878e-02	2.680826366413384745e-02
7.812500000000000163e-06	8.091993784611051926e-03	2.000173303683858844e-02	2.647457397542894025e-02
7.812500000000000163e-06	8.124481567786816932e-03	1.963202430530212178e-02	2.604953201953321557e-02
3.906250000000000081e-06	8.091254427719161285e-03	2.074187543945318901e-02	2.700727786868810723e-02
3.906250000000000081e-06	8.081532347570278760e-03	2.191100963903347063e-02	2.814476778730750153e-02
3.906250000000000081e-06	8.083902164500524762e-03	2.008511299628237823e-02	2.678784320596605539e-02
3.906250000000000081e-06	8.079853612082237013e-03	2.005386368142372810e-02	2.638560459017753532e-02
3.906250000000000081e-06	8.076896777765532609e-03	1.963588642687853769e-02	2.583608971908688684e-02
3.906250000000000081e-06	8.074380972906469722e-03	1.986369252672994315e-02	2.629123313818126917e-02
3.906250000000000081e-06	8.089836806312438247e-03	1.984904454387139208e-02	2.605841993354261060e-02
3.906250000000000081e-06	8.058177052339871721e-03	2.001731646252084135e-02	2.666915960144251516e-02
3.906250000000000081e-06	8.101708083963449908e-03	1.950753477270378636e-02	2.591739860363304754e-02
3.906250000000000081e-06	8.109811384614433807e-03	2.083678670832155716e-02	2.717850655317306449e-02
3.906250000000000081e-06	8.071409498567303636e-03	2.050411181417123238e-02	2.683732160367071490e-02
3.906250000000000081e-06	8.051549946188216178e-03	2.027375048699335200e-02	2.690562184434384246e-02
3.906250000000000081e-06	8.107917310172662803e-03	2.005624292779187301e-02	2.635128095280379196e-02
3.906250000000000081e-06	8.061288186869627198e-03	2.029665679968308337e-02	2.665348025038838387e-02
3.906250000000000081e-06	8.122645058182088873e-03	1.971202144272508547e-02	2.589867657516151805e-02
3.906250000000000081e-06	8.102531658909204598e-03	2.021328276949715258e-02	2.645489100832492183e-02
3.906250000000000081e-06	8.074124631650178574e-03	1.955777707543828597e-02	2.634833888150751521e-02
3.906250000000000081e-06	8.065303325178475521e-03	1.975445482509298467e-02	2.615555196534842183e-02
3.906250000000000081e-06	8.068752928012293962e-03	1.978679351430600794e-02	2.634276079479604821e-02
3.906250000000000081e-06	8.045040058820503853e-03	1.953034089263821008e-02	2.652638435829430749e-02
3.906250000000000081e-06	8.071491452244962048e-03	1.946185341504699795e-02	2.570214439183473448e-02
1.953125000000000041e-06	8.052432469681226196e-03	2.061543128019227913e-02	2.741338217165321250e-02
1.953125000000000041e-06	8.063073841060678162e-03	2.083435984747728301e-02	2.697353980038314988e-02
1.953125000000000041e-06	8.066549493024833747e-03	1.935098227601088697e-02	2.597878354135900805e-02
1.953125000000000041e-06	8.052469726376682360e-03	2.047234750718502500e-02	2.674388512969017029e-02
1.953125000000000041e-06	8.024635974755549295e-03	1.958034666381893232e-02	2.618815954774618079e-02
1.953125000000000041e-06	8.060285495133628908e-03	1.958672776428192763e-02	2.596455216407776018e-02
1.953125000000000041e-06	8.060321112397956025e-03	1.981016802382094821e-02	2.615377365145832300e-02
