1.000000000000000021e-03	6.988644924344895593e-01	1.445253536105155945e+00	1.456411689519882202e+00
1.000000000000000021e-03	4.343463216401353688e-01	5.458703003823757172e-01	5.291879922151565552e-01
1.000000000000000021e-03	3.639516985114616410e-01	4.132258184254169464e-01	3.803697302937507629e-01
1.000000000000000021e-03	3.510914999472943832e-01	7.368613854050636292e-01	7.119935601949691772e-01
1.000000000000000021e-03	3.374839161015764089e-01	3.716527372598648071e-01	3.268752396106719971e-01
1.000000000000000021e-03	3.019557580163207411e-01	3.536753952503204346e-01	3.172386549413204193e-01
1.000000000000000021e-03	2.875989505761786247e-01	3.548108413815498352e-01	3.272193334996700287e-01
1.000000000000000021e-03	2.866036414722852865e-01	2.786758262664079666e-01	2.356958333402872086e-01
1.000000000000000021e-03	2.833398874801925649e-01	2.563440203666687012e-01	2.324454318732023239e-01
1.000000000000000021e-03	2.694811356973044747e-01	2.381491005420684814e+00	2.388113915920257568e+00
1.000000000000000021e-03	2.851113871305803737e-01	2.339982315897941589e-01	1.922273989766836166e-01
1.000000000000000021e-03	2.637738472298730708e-01	3.715223707258701324e-01	3.334879800677299500e-01
1.000000000000000021e-03	2.379111445780041911e-01	2.683892659842967987e-01	2.422485500574111938e-01
1.000000000000000021e-03	2.431255405462240948e-01	2.137288581579923630e-01	1.747820749878883362e-01
1.000000000000000021e-03	2.369143161215359616e-01	2.492059729993343353e-01	2.214353717863559723e-01
1.000000000000000021e-03	2.510776587679416361e-01	2.575071360915899277e-01	2.324803285300731659e-01
1.000000000000000021e-03	2.321336299558229010e-01	2.313901558518409729e-01	1.970067843794822693e-01
1.000000000000000021e-03	2.190821885685377557e-01	2.044688817113637924e-01	1.766369044780731201e-01
1.000000000000000021e-03	2.262722928124138166e-01	2.108438778668642044e-01	1.802170686423778534e-01
1.000000000000000021e-03	2.290676964234702184e-01	3.377785831689834595e-01	3.250300176441669464e-01
1.000000000000000021e-03	2.190707012822356303e-01	2.165506891906261444e-01	1.881016958504915237e-01
1.000000000000000021e-03	2.162504337633712470e-01	1.969706285744905472e-01	1.631550770252943039e-01
1.000000000000000021e-03	1.954820484300202887e-01	1.744649000465869904e-01	1.491246148943901062e-01
1.000000000000000021e-03	2.111905231317387222e-01	2.303943987935781479e-01	2.153150141239166260e-01
1.000000000000000021e-03	2.090363796753219316e-01	2.053854018449783325e-01	1.749242302030324936e-01
1.000000000000000021e-03	1.913339589970021182e-01	2.185229361057281494e-01	1.860154476016759872e-01
1.000000000000000021e-03	1.857789742607104666e-01	2.068591769784688950e-01	1.869301088154315948e-01
1.000000000000000021e-03	2.115704413456252764e-01	2.654280383139848709e-01	2.446503937244415283e-01
1.000000000000000021e-03	1.837522290364096422e-01	1.925399694591760635e-01	1.582069788128137589e-01
1.000000000000000021e-03	1.797530002231839397e-01	2.356111742556095123e-01	2.089103292673826218e-01
1.000000000000000021e-03	1.950982473319089749e-01	3.098472654819488525e-01	2.972999997437000275e-01
1.000000000000000021e-03	1.894808056988293576e-01	1.930027473717927933e-01	1.766767352819442749e-01
1.000000000000000021e-03	1.918913641873794262e-01	2.716947887092828751e-01	2.472729217261075974e-01
1.000000000000000021e-03	1.774572244361986018e-01	2.204477023333311081e-01	1.939429752528667450e-01
1.000000000000000021e-03	1.850969715963436124e-01	2.077340353280305862e-01	1.750583760440349579e-01
1.000000000000000021e-03	1.818367779443535726e-01	1.704454310238361359e-01	1.552934162318706512e-01
1.000000000000000021e-03	1.792875188815442888e-01	2.587229143828153610e-01	2.470486611127853394e-01
1.000000000000000021e-03	1.711591729257680161e-01	1.784583702683448792e-01	1.593420393764972687e-01
1.000000000000000021e-03	1.761376066487046754e-01	3.924012705683708191e-01	3.747940137982368469e-01
1.000000000000000021e-03	1.952901641967930424e-01	2.919890284538269043e-01	2.751462236046791077e-01
1.000000000000000021e-03	1.687013502173785873e-01	1.872333791106939316e-01	1.670143604278564453e-01
1.000000000000000021e-03	1.724467946192886347e-01	1.527136126533150673e-01	1.283447612076997757e-01
1.000000000000000021e-03	1.776486836090872545e-01	1.642957814037799835e-01	1.449119001626968384e-01
1.000000000000000021e-03	1.594439096088650920e-01	2.244233358651399612e-01	1.973940413445234299e-01
1.000000000000000021e-03	1.624238103439536174e-01	1.769185941666364670e-01	1.584366820752620697e-01
1.000000000000000021e-03	1.605876146615305977e-01	1.807238589972257614e-01	1.668436639010906219e-01
1.000000000000000021e-03	1.612513851893098982e-01	2.622046861797571182e-01	2.281259167939424515e-01
1.000000000000000021e-03	1.539022891393190817e-01	1.916914898902177811e-01	1.643221564590930939e-01
1.000000000000000021e-03	1.538771642725678956e-01	1.844898369163274765e-01	1.647691801190376282e-01
1.000000000000000021e-03	1.602110386460642300e-01	1.585998348891735077e-01	1.356948427855968475e-01
1.000000000000000021e-03	1.532533851605427377e-01	1.439728857949376106e-01	1.250012647360563278e-01
1.000000000000000021e-03	1.452415014935445059e-01	1.727912332862615585e-01	1.500189341604709625e-01
1.000000000000000021e-03	1.570280520599099672e-01	2.107040863484144211e-01	1.968199629336595535e-01
1.000000000000000021e-03	1.381189380831356339e-01	2.965579777956008911e-01	2.804250307381153107e-01
1.000000000000000021e-03	1.632615177880359647e-01	2.306792810559272766e-01	2.049365602433681488e-01
1.000000000000000021e-03	1.482713102728505650e-01	2.103785183280706406e-01	1.834919024258852005e-01
1.000000000000000021e-03	1.557749418329588964e-01	1.475582085549831390e-01	1.231048740446567535e-01
1.000000000000000021e-03	1.481022816858714175e-01	1.944097355008125305e-01	1.733611859381198883e-01
1.000000000000000021e-03	1.480261762685413651e-01	2.340294197201728821e-01	2.178528942167758942e-01
1.000000000000000021e-03	1.425828545153895455e-01	1.687059551477432251e-01	1.446577291935682297e-01
1.000000000000000021e-03	1.501266799772842109e-01	2.125895451754331589e-01	1.752690114080905914e-01
1.000000000000000021e-03	1.297751588723327631e-01	1.436455091461539268e-01	1.240224195644259453e-01
1.000000000000000021e-03	1.467490420688556674e-01	1.508711855858564377e-01	1.289348462596535683e-01
1.000000000000000021e-03	1.532124581782123574e-01	1.236152919009327888e-01	1.126948306336998940e-01
1.000000000000000021e-03	1.355925452294229061e-01	2.082692291587591171e-01	2.031920365989208221e-01
1.000000000000000021e-03	1.575509763405292807e-01	1.712241284549236298e-01	1.430410351604223251e-01
1.000000000000000021e-03	1.551762818347049711e-01	1.902107913047075272e-01	1.784543897956609726e-01
1.000000000000000021e-03	1.456775321047517335e-01	1.664505302906036377e-01	1.433246359229087830e-01
1.000000000000000021e-03	1.404452383329596599e-01	3.501774594187736511e-01	3.509151637554168701e-01
1.000000000000000021e-03	1.339970544169220845e-01	1.646868754178285599e-01	1.371895493939518929e-01
1.000000000000000021e-03	1.269834834752203434e-01	1.537535330280661583e-01	1.273535294458270073e-01
1.000000000000000021e-03	1.332461481230168276e-01	1.232623923569917679e-01	1.057893931865692139e-01
1.000000000000000021e-03	1.335352733731269836e-01	1.326053077355027199e-01	1.105882478877902031e-01
1.000000000000000021e-03	1.330289033394825571e-01	1.746669635176658630e-01	1.449959017336368561e-01
1.000000000000000021e-03	1.303097364268725467e-01	1.292419005185365677e-01	1.208761539310216904e-01
1.000000000000000021e-03	1.302825054035910979e-01	1.784929651767015457e-01	1.671912465244531631e-01
1.000000000000000021e-03	1.335425036428850021e-01	2.041709050536155701e-01	1.951725333929061890e-01
1.000000000000000021e-03	1.346227444614036262e-01	1.838965397328138351e-01	1.601993981748819351e-01
1.000000000000000021e-03	1.233157075092762289e-01	1.240737317129969597e-01	1.144699035212397575e-01
1.000000000000000021e-03	1.348066323354274454e-01	1.234375080093741417e-01	1.158764353021979332e-01
1.000000000000000021e-03	1.232439639824855215e-01	1.301095187664031982e-01	1.081938641145825386e-01
1.000000000000000021e-03	1.456794968888729391e-01	1.534972200170159340e-01	1.307571558281779289e-01
1.000000000000000021e-03	1.283079727163797812e-01	1.855064965784549713e-01	1.705545280128717422e-01
1.000000000000000021e-03	1.313363118450852907e-01	1.515664346516132355e-01	1.368726408109068871e-01
1.000000000000000021e-03	1.342883762679522586e-01	1.353044733405113220e-01	1.134926471859216690e-01
1.000000000000000021e-03	1.132603100017656322e-01	1.544806621968746185e-01	1.390284420922398567e-01
1.000000000000000021e-03	1.285835214053528130e-01	1.354238716885447502e-01	1.199143566191196442e-01
1.000000000000000021e-03	1.132875539456741770e-01	1.383381616324186325e-01	1.163524268195033073e-01
1.000000000000000021e-03	1.259318216692043302e-01	1.748896744102239609e-01	1.501555703580379486e-01
1.000000000000000021e-03	1.137352195344393802e-01	1.516355788335204124e-01	1.276705460622906685e-01
1.000000000000000021e-03	1.367119491288933675e-01	1.808944903314113617e-01	1.660047061741352081e-01
1.000000000000000021e-03	1.138041045375262628e-01	1.232974920421838760e-01	9.702381957322359085e-02
1.000000000000000021e-03	1.179268448790417451e-01	1.195104913786053658e-01	9.190344903618097305e-02
1.000000000000000021e-03	1.131578066115137837e-01	1.253591226413846016e-01	1.091546071693301201e-01
1.000000000000000021e-03	1.232870154177086314e-01	1.591598335653543472e-01	1.364535493776202202e-01
1.000000000000000021e-03	1.073079664684549184e-01	1.291186390444636345e-01	1.145694898441433907e-01
1.000000000000000021e-03	1.217931901352315022e-01	1.222321968525648117e-01	1.007816037163138390e-01
1.000000000000000021e-03	1.125888049225263893e-01	1.263717878609895706e-01	1.076389746740460396e-01
1.000000000000000021e-03	1.043061327330673804e-01	1.156634204089641571e-01	9.401812497526407242e-02
1.000000000000000021e-03	1.161985322361505507e-01	1.267763851210474968e-01	1.003628745675086975e-01
1.000000000000000021e-03	1.163746390161635030e-01	1.204176554456353188e-01	1.033842619508504868e-01
1.000000000000000021e-03	1.078196979021724261e-01	2.154127303510904312e-01	2.050334736704826355e-01
1.000000000000000021e-03	1.143148549938503705e-01	1.319670984521508217e-01	1.054168818518519402e-01
1.000000000000000021e-03	1.154604077905039272e-01	1.219227295368909836e-01	1.057857433333992958e-01
1.000000000000000021e-03	1.171879125169560942e-01	1.634096167981624603e-01	1.443190593272447586e-01
1.000000000000000021e-03	1.139033637657950182e-01	1.164656830951571465e-01	9.521824494004249573e-02
1.000000000000000021e-03	1.126412109389335336e-01	1.496619153767824173e-01	1.355553064495325089e-01
1.000000000000000021e-03	1.069789065307454184e-01	1.364080235362052917e-01	1.078887432813644409e-01
1.000000000000000021e-03	1.118863435297072634e-01	1.290058111771941185e-01	1.065310165286064148e-01
1.000000000000000021e-03	1.192286425281929019e-01	1.366250850260257721e-01	1.183282937854528427e-01
1.000000000000000021e-03	1.314047143523451588e-01	1.391765465959906578e-01	1.150215063244104385e-01
1.000000000000000021e-03	1.313486942384816392e-01	1.733685508370399475e-01	1.571934688836336136e-01
1.000000000000000021e-03	1.228503136883808133e-01	1.732723526656627655e-01	1.513773445039987564e-01
1.000000000000000021e-03	1.109128090776974607e-01	1.821925062686204910e-01	1.711121331900358200e-01
1.000000000000000021e-03	1.124135259114488750e-01	1.412629820406436920e-01	1.264875885099172592e-01
1.000000000000000021e-03	1.129544792296011263e-01	1.155023351311683655e-01	1.022560941055417061e-01
1.000000000000000021e-03	1.156865852071514572e-01	1.209681406617164612e-01	9.306939039379358292e-02
1.000000000000000021e-03	1.085688932032524839e-01	1.711758077144622803e-01	1.488451715558767319e-01
1.000000000000000021e-03	1.069536671231064578e-01	1.298147067427635193e-01	1.056302813813090324e-01
1.000000000000000021e-03	1.038302822109264667e-01	1.320388717576861382e-01	1.148459697142243385e-01
1.000000000000000021e-03	1.045891413394408886e-01	1.903791483491659164e-01	1.728517003357410431e-01
1.000000000000000021e-03	1.002670949490010038e-01	1.089416891336441040e-01	9.700642991811037064e-02
1.000000000000000021e-03	1.026177643032013670e-01	1.709814034402370453e-01	1.596322730183601379e-01
1.000000000000000021e-03	1.086127027114735383e-01	1.503020897507667542e-01	1.266770688816905022e-01
1.000000000000000021e-03	1.101468375683585244e-01	1.443096352741122246e-01	1.289635039865970612e-01
1.000000000000000021e-03	1.020262624266781437e-01	1.204874170944094658e-01	1.078239753842353821e-01
1.000000000000000021e-03	1.022611068962495512e-01	1.182853318750858307e-01	1.062909411266446114e-01
1.000000000000000021e-03	1.013382544057278706e-01	2.072941493242979050e-01	1.969954483211040497e-01
1.000000000000000021e-03	9.491992260836347450e-02	1.161805829033255577e-01	1.011033076792955399e-01
1.000000000000000021e-03	1.051405224996277005e-01	1.647608280181884766e-01	1.505327280610799789e-01
1.000000000000000021e-03	9.874670348967178046e-02	1.122092762961983681e-01	9.482882451266050339e-02
1.000000000000000021e-03	9.656032052221177886e-02	1.515595251694321632e-01	1.317794099450111389e-01
1.000000000000000021e-03	1.209078816862046019e-01	1.169605245813727379e-01	1.093026725575327873e-01
1.000000000000000021e-03	1.018942166827147555e-01	1.397880874574184418e-01	1.237956853583455086e-01
1.000000000000000021e-03	1.101789619726470798e-01	1.234202608466148376e-01	1.074983328580856323e-01
1.000000000000000021e-03	9.721836890978148571e-02	1.223215982317924500e-01	1.095492588356137276e-01
1.000000000000000021e-03	9.188803921960576881e-02	1.189407566562294960e-01	1.006239475682377815e-01
1.000000000000000021e-03	1.048600525607036593e-01	1.394308572635054588e-01	1.261574067175388336e-01
1.000000000000000021e-03	1.051040690722344767e-01	1.126695387065410614e-01	9.883978031575679779e-02
1.000000000000000021e-03	8.923089117566242179e-02	1.177001623436808586e-01	9.820190258324146271e-02
1.000000000000000021e-03	9.503224218570732740e-02	1.263404823839664459e-01	1.134392805397510529e-01
1.000000000000000021e-03	9.664727690853650022e-02	1.523667108267545700e-01	1.333002904430031776e-01
1.000000000000000021e-03	9.373464388183400109e-02	1.801218185573816299e-01	1.651564873754978180e-01
5.000000000000000104e-04	9.322493480919283315e-02	1.109174126759171486e-01	9.568231832236051559e-02
5.000000000000000104e-04	8.264157237320006455e-02	1.280034445226192474e-01	1.135191526263952255e-01
5.000000000000000104e-04	6.962879497227789094e-02	1.184035362675786018e-01	9.948394633829593658e-02
5.000000000000000104e-04	7.946222893233541307e-02	9.666769299656152725e-02	7.872657664120197296e-02
5.000000000000000104e-04	7.674099754872201751e-02	1.029198300093412399e-01	8.311579283326864243e-02
5.000000000000000104e-04	7.848555311749252916e-02	1.302585247904062271e-01	1.141187660396099091e-01
5.000000000000000104e-04	8.685943823826464127e-02	1.011899895966053009e-01	8.749736286699771881e-02
5.000000000000000104e-04	8.548586065822010027e-02	1.183432275429368019e-01	1.002518087625503540e-01
5.000000000000000104e-04	8.081479323438450768e-02	1.026141243055462837e-01	8.371763676404953003e-02
5.000000000000000104e-04	7.252198552029041900e-02	1.051160655915737152e-01	8.766076806932687759e-02
5.000000000000000104e-04	7.281446306011345182e-02	1.009300583973526955e-01	8.186777122318744659e-02
5.000000000000000104e-04	7.401354554333264280e-02	1.147396024316549301e-01	9.813292324542999268e-02
5.000000000000000104e-04	8.290136761114566544e-02	9.602890908718109131e-02	7.710306532680988312e-02
5.000000000000000104e-04	7.187291800598555325e-02	9.734601993113756180e-02	7.703177537769079208e-02
5.000000000000000104e-04	7.137949637408498582e-02	1.192499557510018349e-01	1.020285971462726593e-01
5.000000000000000104e-04	7.480017840862274170e-02	9.382839500904083252e-02	7.746396027505397797e-02
5.000000000000000104e-04	7.698099791437765238e-02	1.619937568902969360e-01	1.473415959626436234e-01
5.000000000000000104e-04	7.907089468421815703e-02	1.100911609828472137e-01	8.812677487730979919e-02
5.000000000000000104e-04	7.526756625009488333e-02	9.596541710197925568e-02	7.642672862857580185e-02
5.000000000000000104e-04	7.220967123402824428e-02	1.149068782106041908e-01	9.892293997108936310e-02
5.000000000000000104e-04	7.609562877612778553e-02	1.064141867682337761e-01	8.970789704471826553e-02
5.000000000000000104e-04	7.764908756259121525e-02	1.111353170126676559e-01	9.792343806475400925e-02
5.000000000000000104e-04	6.892965672702729141e-02	9.759314917027950287e-02	7.780791167169809341e-02
5.000000000000000104e-04	7.438667986211897065e-02	1.163122951984405518e-01	9.632857888936996460e-02
5.000000000000000104e-04	6.968158827740934813e-02	1.054201852530241013e-01	7.961569540202617645e-02
5.000000000000000104e-04	7.021622015516969240e-02	1.479904847219586372e-01	1.261683693155646324e-01
5.000000000000000104e-04	7.725198991313765584e-02	9.924140013754367828e-02	8.019530773162841797e-02
5.000000000000000104e-04	7.567895783842364110e-02	9.839671663939952850e-02	8.204212039709091187e-02
5.000000000000000104e-04	7.296740230691584062e-02	9.646792802959680557e-02	7.698985747992992401e-02
5.000000000000000104e-04	6.953043707563907883e-02	9.900260064750909805e-02	8.134699612855911255e-02
5.000000000000000104e-04	7.387778922160968820e-02	9.496220666915178299e-02	7.750487048178911209e-02
5.000000000000000104e-04	6.864023392524899736e-02	1.041402826085686684e-01	8.878413867205381393e-02
5.000000000000000104e-04	7.143463227379170943e-02	9.834073670208454132e-02	8.367958012968301773e-02
5.000000000000000104e-04	7.696104629696169652e-02	1.325086681172251701e-01	1.143261697143316269e-01
5.000000000000000104e-04	7.322857288431518230e-02	1.156847700476646423e-01	9.668206516653299332e-02
5.000000000000000104e-04	7.047818869918207052e-02	1.110042892396450043e-01	9.533242136240005493e-02
5.000000000000000104e-04	7.199417229128789175e-02	1.246929001063108444e-01	1.106667229905724525e-01
2.500000000000000052e-04	6.316313006078140557e-02	1.092686103656888008e-01	9.343944210559129715e-02
2.500000000000000052e-04	5.843046915870678260e-02	8.981920685619115829e-02	7.286466052755713463e-02
2.500000000000000052e-04	5.507133556883546388e-02	9.126348048448562622e-02	7.701899670064449310e-02
2.500000000000000052e-04	6.040158893771564036e-02	9.454156737774610519e-02	7.799120992422103882e-02
2.500000000000000052e-04	5.801775554030001725e-02	9.538521803915500641e-02	7.839049585163593292e-02
2.500000000000000052e-04	5.136083132481273489e-02	1.061704168096184731e-01	8.832137845456600189e-02
2.500000000000000052e-04	5.725119673187219899e-02	9.478100296109914780e-02	7.575711095705628395e-02
2.500000000000000052e-04	5.765056860031960578e-02	9.994150139391422272e-02	8.165341429412364960e-02
2.500000000000000052e-04	5.672750937976414609e-02	9.802020899951457977e-02	8.312931004911661148e-02
2.500000000000000052e-04	5.915232288026357060e-02	9.344867989420890808e-02	7.398197893053293228e-02
2.500000000000000052e-04	5.193289562682561894e-02	1.122742583975195885e-01	9.476360958069562912e-02
2.500000000000000052e-04	5.606545889868012195e-02	9.368405025452375412e-02	7.430089451372623444e-02
2.500000000000000052e-04	5.208135566002206063e-02	9.402897953987121582e-02	7.151803141459822655e-02
2.500000000000000052e-04	5.447200079790399246e-02	9.508353937417268753e-02	7.864894159138202667e-02
2.500000000000000052e-04	5.570510654604133444e-02	9.930290468037128448e-02	8.165901340544223785e-02
2.500000000000000052e-04	5.531767385575590140e-02	1.026346366852521896e-01	8.464334625750780106e-02
2.500000000000000052e-04	5.158428555425209616e-02	9.602363687008619308e-02	7.671467401087284088e-02
2.500000000000000052e-04	5.331471163920963735e-02	9.614281821995973587e-02	7.830635085701942444e-02
2.500000000000000052e-04	5.486998626891570474e-02	9.429833386093378067e-02	7.252169679850339890e-02
2.500000000000000052e-04	5.621662528454503260e-02	1.176597671583294868e-01	1.009906036779284477e-01
2.500000000000000052e-04	5.177034263180781137e-02	8.913122024387121201e-02	7.207664242014288902e-02
2.500000000000000052e-04	5.430305185668830859e-02	9.493500087410211563e-02	7.671086955815553665e-02
2.500000000000000052e-04	5.123801326638535714e-02	9.605769254267215729e-02	7.720004627481102943e-02
2.500000000000000052e-04	5.367474189570432819e-02	9.012758452445268631e-02	7.319151330739259720e-02
2.500000000000000052e-04	5.276816340658483512e-02	9.610434528440237045e-02	7.611137256026268005e-02
2.500000000000000052e-04	5.660260065541237312e-02	1.072638398036360741e-01	8.928933087736368179e-02
2.500000000000000052e-04	5.363865451344961011e-02	9.142211219295859337e-02	7.466833945363759995e-02
2.500000000000000052e-04	5.372635826845712642e-02	9.915216360241174698e-02	7.978178746998310089e-02
2.500000000000000052e-04	5.786309197922296504e-02	9.028693754225969315e-02	7.102358154952526093e-02
2.500000000000000052e-04	5.133677865791169692e-02	9.475290123373270035e-02	7.436032872647047043e-02
2.500000000000000052e-04	5.360472367345532618e-02	9.084613109007477760e-02	7.289420999586582184e-02
2.500000000000000052e-04	5.558039007496230061e-02	9.712834935635328293e-02	7.918004598468542099e-02
2.500000000000000052e-04	4.970227669971653134e-02	9.191506262868642807e-02	7.452761568129062653e-02
2.500000000000000052e-04	5.283463232313530267e-02	8.915019407868385315e-02	7.094325218349695206e-02
2.500000000000000052e-04	5.512428524184830730e-02	9.896568953990936279e-02	8.369256276637315750e-02
2.500000000000000052e-04	5.515695646216597914e-02	8.975338935852050781e-02	7.125111715868115425e-02
2.500000000000000052e-04	5.426107434249376887e-02	9.561458136886358261e-02	8.053218945860862732e-02
2.500000000000000052e-04	4.982877621733689671e-02	1.027142740786075592e-01	8.360249875113368034e-02
2.500000000000000052e-04	5.790617993643766559e-02	8.998695854097604752e-02	7.356597995385527611e-02
2.500000000000000052e-04	5.595065518930743276e-02	1.022783275693655014e-01	8.701152168214321136e-02
2.500000000000000052e-04	5.240089858917496013e-02	1.041922243312001228e-01	8.776574302464723587e-02
2.500000000000000052e-04	5.462312337624121439e-02	8.951953239738941193e-02	7.255224138498306274e-02
1.250000000000000026e-04	4.499247330653516341e-02	8.752122428268194199e-02	7.040778640657663345e-02
1.250000000000000026e-04	4.614451440357709294e-02	9.070666693150997162e-02	7.331215403974056244e-02
1.250000000000000026e-04	4.433809421202049988e-02	8.891719020903110504e-02	7.211221475154161453e-02
1.250000000000000026e-04	4.464090615510940552e-02	9.019911056384444237e-02	7.431718800216913223e-02
1.250000000000000026e-04	4.481059114767026175e-02	9.128737635910511017e-02	7.328781206160783768e-02
1.250000000000000026e-04	4.959842996506751145e-02	9.270422067493200302e-02	7.450406998395919800e-02
1.250000000000000026e-04	4.556306031874463730e-02	9.012664016336202621e-02	7.217594748362898827e-02
1.250000000000000026e-04	4.184901742618295228e-02	8.889621496200561523e-02	7.155129034072160721e-02
1.250000000000000026e-04	4.323486936620519333e-02	8.674295060336589813e-02	7.017643842846155167e-02
1.250000000000000026e-04	4.296917951654029982e-02	8.873193524777889252e-02	7.110777404159307480e-02
1.250000000000000026e-04	4.386693682474426120e-02	8.732377039268612862e-02	7.036584289744496346e-02
1.250000000000000026e-04	4.240836342207238846e-02	9.469478484243154526e-02	7.621688442304730415e-02
1.250000000000000026e-04	4.633710556958295368e-02	9.104415029287338257e-02	7.449103612452745438e-02
1.250000000000000026e-04	4.586490335626692422e-02	8.648678939789533615e-02	6.828139675781130791e-02
1.250000000000000026e-04	4.591015353798866272e-02	1.018142001703381538e-01	8.377757389098405838e-02
1.250000000000000026e-04	4.281903197399423294e-02	9.054439421743154526e-02	7.219395972788333893e-02
1.250000000000000026e-04	4.585601278592513902e-02	8.794239629060029984e-02	6.959003163501620293e-02
1.250000000000000026e-04	4.549101037503797823e-02	9.074507188051939011e-02	7.132983300834894180e-02
1.250000000000000026e-04	4.853410007361369516e-02	9.335016459226608276e-02	7.467971462756395340e-02
1.250000000000000026e-04	4.348911745827409303e-02	9.210591949522495270e-02	7.203664584085345268e-02
1.250000000000000026e-04	4.160070789482774728e-02	9.052083222195506096e-02	7.305194437503814697e-02
1.250000000000000026e-04	3.804580218901362776e-02	8.754987735301256180e-02	7.030088314786553383e-02
1.250000000000000026e-04	4.223074051964131881e-02	9.133544936776161194e-02	7.201676908880472183e-02
1.250000000000000026e-04	4.256395533492293715e-02	8.796479273587465286e-02	7.051934907212853432e-02
1.250000000000000026e-04	4.635546500264089292e-02	8.794115344062447548e-02	7.346955919638276100e-02
1.250000000000000026e-04	4.702098700630513717e-02	9.539419412612915039e-02	7.751868478953838348e-02
1.250000000000000026e-04	4.173641715528843971e-02	8.948558103293180466e-02	7.234893459826707840e-02
1.250000000000000026e-04	4.370741348100613821e-02	8.657498192042112350e-02	6.811083713546395302e-02
1.250000000000000026e-04	4.319619505277162708e-02	9.398604929447174072e-02	7.691801898181438446e-02
1.250000000000000026e-04	4.346490401444556145e-02	9.163060318678617477e-02	7.328488864004611969e-02
1.250000000000000026e-04	4.350442573711087169e-02	9.090690780431032181e-02	7.080567954108119011e-02
1.250000000000000026e-04	4.006798093831991786e-02	9.040913591161370277e-02	7.245407719165086746e-02
1.250000000000000026e-04	4.363367921095105684e-02	9.567028377205133438e-02	7.865547761321067810e-02
1.250000000000000026e-04	4.302750947543337173e-02	9.009484015405178070e-02	7.129877060651779175e-02
1.250000000000000026e-04	4.389231128594543035e-02	8.924774639308452606e-02	7.017292408272624016e-02
6.250000000000000130e-05	4.004115384968021107e-02	9.048637934029102325e-02	7.274653948843479156e-02
6.250000000000000130e-05	3.655611063483395207e-02	8.810169342905282974e-02	7.009885599836707115e-02
6.250000000000000130e-05	3.998835344763496114e-02	9.235441591590642929e-02	7.216044934466481209e-02
6.250000000000000130e-05	3.750196655717077249e-02	9.220273513346910477e-02	7.405052706599235535e-02
6.250000000000000130e-05	3.754059307843069654e-02	8.943435084074735641e-02	7.026521069929003716e-02
6.250000000000000130e-05	3.974912732933895410e-02	9.123127162456512451e-02	7.255085557699203491e-02
6.250000000000000130e-05	3.894447723898706443e-02	9.652361087501049042e-02	7.689491007477045059e-02
6.250000000000000130e-05	3.721278306992747975e-02	9.040876012295484543e-02	6.945147085934877396e-02
6.250000000000000130e-05	3.666858320843569691e-02	9.256457258015871048e-02	7.259642193093895912e-02
6.250000000000000130e-05	3.577886026682732673e-02	9.169783536344766617e-02	7.267090398818254471e-02
6.250000000000000130e-05	4.012691130555128688e-02	9.124696813523769379e-02	7.074913661926984787e-02
6.250000000000000130e-05	3.855362154920644741e-02	8.660445082932710648e-02	6.900626886636018753e-02
6.250000000000000130e-05	3.580340332811391552e-02	8.941193949431180954e-02	7.068344298750162125e-02
6.250000000000000130e-05	3.872770634538764967e-02	8.958376105874776840e-02	7.008138345554471016e-02
6.250000000000000130e-05	3.773081764767441393e-02	8.904843218624591827e-02	7.173460349440574646e-02
6.250000000000000130e-05	3.775903436390659618e-02	8.720066770911216736e-02	6.966735795140266418e-02
6.250000000000000130e-05	3.735993486605113101e-02	8.882789593189954758e-02	7.084508100524544716e-02
6.250000000000000130e-05	3.687513683321354957e-02	8.678332902491092682e-02	6.855526007711887360e-02
6.250000000000000130e-05	3.582402507338342673e-02	8.923174347728490829e-02	6.998581951484084129e-02
6.250000000000000130e-05	3.591276066307025339e-02	8.754965197294950485e-02	6.911295978352427483e-02
6.250000000000000130e-05	3.539427282595181828e-02	8.722466044127941132e-02	6.885124649852514267e-02
3.125000000000000065e-05	3.464947452273550027e-02	8.761340938508510590e-02	6.953812669962644577e-02
3.125000000000000065e-05	3.469238241639318460e-02	9.335905313491821289e-02	7.471206411719322205e-02
3.125000000000000065e-05	3.656187178449162717e-02	8.843850903213024139e-02	7.142399018630385399e-02
3.125000000000000065e-05	3.384483145856404668e-02	8.643311401829123497e-02	6.986251007765531540e-02
3.125000000000000065e-05	3.603826001097884535e-02	9.443267900496721268e-02	7.696383446455001831e-02
3.125000000000000065e-05	3.754545276678061122e-02	8.962092921137809753e-02	7.249625027179718018e-02
3.125000000000000065e-05	3.531131341676168461e-02	8.679711911827325821e-02	6.919588986784219742e-02
3.125000000000000065e-05	4.203951174888429648e-02	8.954117819666862488e-02	7.278829813003540039e-02
3.125000000000000065e-05	3.628931960821905889e-02	9.165160916745662689e-02	7.233045529574155807e-02
3.125000000000000065e-05	3.480662120199656123e-02	9.224430751055479050e-02	7.197423186153173447e-02
3.125000000000000065e-05	3.420816163850735891e-02	8.827009703963994980e-02	7.003505574539303780e-02
3.125000000000000065e-05	3.625078355492670351e-02	8.705680770799517632e-02	6.905798101797699928e-02
3.125000000000000065e-05	3.693167666044039343e-02	9.167655277997255325e-02	7.376645598560571671e-02
3.125000000000000065e-05	3.365025002084955086e-02	8.703161217272281647e-02	6.841912819072604179e-02
3.125000000000000065e-05	3.386398119545435542e-02	8.745117578655481339e-02	6.852214923128485680e-02
3.125000000000000065e-05	3.509031026329420544e-02	8.913190383464097977e-02	6.988623552024364471e-02
3.125000000000000065e-05	3.466150289566456710e-02	8.843733742833137512e-02	6.996961124241352081e-02
3.125000000000000065e-05	3.589733600427832960e-02	8.676512166857719421e-02	6.906800903379917145e-02
3.125000000000000065e-05	3.913281435924995111e-02	8.940019365400075912e-02	7.052546506747603416e-02
3.125000000000000065e-05	3.224535892375662155e-02	8.869205880910158157e-02	6.925240065902471542e-02
3.125000000000000065e-05	3.592826520340352409e-02	8.752620080485939980e-02	6.854811171069741249e-02
3.125000000000000065e-05	3.745644900334786642e-02	9.236823674291372299e-02	7.377936132252216339e-02
3.125000000000000065e-05	3.670820909776265073e-02	8.942099567502737045e-02	7.040685601532459259e-02
3.125000000000000065e-05	3.536751324051543022e-02	8.778613805770874023e-02	6.875375658273696899e-02
3.125000000000000065e-05	3.501802770114397639e-02	8.866075705736875534e-02	6.922583607956767082e-02
1.562500000000000033e-05	3.225712244740770035e-02	8.756727958098053932e-02	6.887924391776323318e-02
1.562500000000000033e-05	3.688767026591149856e-02	8.907099673524498940e-02	7.065487094223499298e-02
1.562500000000000033e-05	3.248014484968366616e-02	8.828822523355484009e-02	6.999478023499250412e-02
1.562500000000000033e-05	3.385401543088351756e-02	8.765406254678964615e-02	6.908235745504498482e-02
1.562500000000000033e-05	3.547360528779180955e-02	8.937485143542289734e-02	7.009284524247050285e-02
1.562500000000000033e-05	3.180407348407220114e-02	8.784839976578950882e-02	6.957498425617814064e-02
1.562500000000000033e-05	3.534483122108857817e-02	9.212126955389976501e-02	7.149736862629652023e-02
1.562500000000000033e-05	3.522049399870860742e-02	8.787460159510374069e-02	6.980991130694746971e-02
1.562500000000000033e-05	3.436017010502422780e-02	8.719878643751144409e-02	6.890922877937555313e-02
1.562500000000000033e-05	3.467361409735830735e-02	8.987945970147848129e-02	6.884065642952919006e-02
1.562500000000000033e-05	3.534899831195421199e-02	9.132539667189121246e-02	7.080110674723982811e-02
1.562500000000000033e-05	3.488952402449861656e-02	8.839901816099882126e-02	6.996637815609574318e-02
1.562500000000000033e-05	3.324793484297734053e-02	8.942760340869426727e-02	7.018926972523331642e-02
1.562500000000000033e-05	3.404335596280384790e-02	8.692244440317153931e-02	6.893520755693316460e-02
1.562500000000000033e-05	3.412029911068421156e-02	9.050978068262338638e-02	7.195214554667472839e-02
1.562500000000000033e-05	3.519312719095357006e-02	8.694548439234495163e-02	6.871058233082294464e-02
1.562500000000000033e-05	3.450542574017485820e-02	9.269566461443901062e-02	7.082289271056652069e-02
1.562500000000000033e-05	3.497929840431183296e-02	8.734154887497425079e-02	6.882240111008286476e-02
1.562500000000000033e-05	3.412176482379436493e-02	8.668796578422188759e-02	6.909993663430213928e-02
1.562500000000000033e-05	3.391393623020075299e-02	9.103989042341709137e-02	7.054056087508797646e-02
1.562500000000000033e-05	3.490260009995744400e-02	8.639734052121639252e-02	6.854062527418136597e-02
1.562500000000000033e-05	3.356342181516221851e-02	9.086042363196611404e-02	7.162924483418464661e-02
1.562500000000000033e-05	3.436450136801864202e-02	8.872290328145027161e-02	7.066790293902158737e-02
1.562500000000000033e-05	3.227865205535405957e-02	8.711609710007905960e-02	6.882172683253884315e-02
1.562500000000000033e-05	3.299752625200567252e-02	8.843669202178716660e-02	6.997394515201449394e-02
1.562500000000000033e-05	3.406098220921770225e-02	8.747851476073265076e-02	6.958748865872621536e-02
1.562500000000000033e-05	3.364267678860621835e-02	8.865987882018089294e-02	7.041560765355825424e-02
1.562500000000000033e-05	3.303954162033675285e-02	8.869482576847076416e-02	7.085545221343636513e-02
1.562500000000000033e-05	3.337231337363961298e-02	8.625054173171520233e-02	6.873099226504564285e-02
1.562500000000000033e-05	3.486710039403619760e-02	8.752699755132198334e-02	6.997896824032068253e-02
1.562500000000000033e-05	3.390089849222310131e-02	9.001024998724460602e-02	7.121959282085299492e-02
1.562500000000000033e-05	3.236375676020036840e-02	8.793268259614706039e-02	6.918782694265246391e-02
1.562500000000000033e-05	3.449519909918308258e-02	8.686456782743334770e-02	6.885207910090684891e-02
1.562500000000000033e-05	3.529196661673014712e-02	8.779927762225270271e-02	7.056649867445230484e-02
1.562500000000000033e-05	3.258034124781813978e-02	8.753895666450262070e-02	6.949827913194894791e-02
1.562500000000000033e-05	3.302421100154707967e-02	8.745077438652515411e-02	7.000062009319663048e-02
1.562500000000000033e-05	3.526964467726176333e-02	8.884381316602230072e-02	7.037732005119323730e-02
1.562500000000000033e-05	3.465180953705235267e-02	8.675222657620906830e-02	7.029060460627079010e-02
1.562500000000000033e-05	3.337135995867886173e-02	8.940178155899047852e-02	7.077301479876041412e-02
1.562500000000000033e-05	3.664684538505499911e-02	9.027108177542686462e-02	7.089614123106002808e-02
1.562500000000000033e-05	3.473255585266064871e-02	9.004561696201562881e-02	7.195401936769485474e-02
1.562500000000000033e-05	3.507526683373541482e-02	9.583429154008626938e-02	7.525968970730900764e-02
1.562500000000000033e-05	3.609538283434849532e-02	9.323451295495033264e-02	7.533777412027120590e-02
1.562500000000000033e-05	3.373463704144653158e-02	8.825370017439126968e-02	7.102693663910031319e-02
1.562500000000000033e-05	3.381422254009337075e-02	8.663231879472732544e-02	6.841367250308394432e-02
1.562500000000000033e-05	3.309032516671887164e-02	8.811730705201625824e-02	7.071777433156967163e-02
1.562500000000000033e-05	3.522003541075730687e-02	8.778405003249645233e-02	6.934808287769556046e-02
1.562500000000000033e-05	3.718100446924756108e-02	9.083130303770303726e-02	7.259028730913996696e-02
1.562500000000000033e-05	3.180096986927563596e-02	8.859166130423545837e-02	6.915176426991820335e-02
1.562500000000000033e-05	3.481393755425380571e-02	8.800303842872381210e-02	7.130398415029048920e-02
7.812500000000000163e-06	3.580872195808193492e-02	8.608898892998695374e-02	6.918836105614900589e-02
7.812500000000000163e-06	3.279073314764831965e-02	8.682693308219313622e-02	6.891511473804712296e-02
7.812500000000000163e-06	3.371612245476321434e-02	8.950314950197935104e-02	7.047912012785673141e-02
7.812500000000000163e-06	3.316703601445578076e-02	8.877663780003786087e-02	7.008393574506044388e-02
7.812500000000000163e-06	3.242070069890233552e-02	8.609896153211593628e-02	6.879120133817195892e-02
7.812500000000000163e-06	3.178180046851122181e-02	8.696842379868030548e-02	6.908153975382447243e-02
7.812500000000000163e-06	3.312659758744360833e-02	8.750924095511436462e-02	6.910131871700286865e-02
7.812500000000000163e-06	3.099066979853035489e-02	9.028137195855379105e-02	7.017011055722832680e-02
7.812500000000000163e-06	3.196750059016520429e-02	8.835919620469212532e-02	7.082135556265711784e-02
7.812500000000000163e-06	3.323639445949958665e-02	8.721587294712662697e-02	6.960231298580765724e-02
7.812500000000000163e-06	3.298574146119099409e-02	8.763700630515813828e-02	6.930780643597245216e-02
7.812500000000000163e-06	3.252071842456920325e-02	8.718415442854166031e-02	6.941616628319025040e-02
7.812500000000000163e-06	3.273704518340056491e-02	8.709170203655958176e-02	6.927018333226442337e-02
7.812500000000000163e-06	3.256384738355497938e-02	8.730804082006216049e-02	6.908553233370184898e-02
7.812500000000000163e-06	3.256800867428508162e-02	8.789051789790391922e-02	6.850238144397735596e-02
7.812500000000000163e-06	3.269486994588676615e-02	8.712569670751690865e-02	6.907759699970483780e-02
7.812500000000000163e-06	3.229156987670855905e-02	8.934050472453236580e-02	7.014746870845556259e-02
7.812500000000000163e-06	3.326387408696397652e-02	9.122181218117475510e-02	7.279907399788498878e-02
7.812500000000000163e-06	3.278215663342536057e-02	8.712269132956862450e-02	6.916718790307641029e-02
7.812500000000000163e-06	3.279120443223774994e-02	8.738999348133802414e-02	6.839773803949356079e-02
7.812500000000000163e-06	3.102025713865892709e-02	8.735277596861124039e-02	6.953260861337184906e-02
7.812500000000000163e-06	3.476025932763196491e-02	9.011864475905895233e-02	7.114921137690544128e-02
3.906250000000000081e-06	3.460712147334331357e-02	9.734792821109294891e-02	7.831397932022809982e-02
3.906250000000000081e-06	3.163249382772777979e-02	8.806225005537271500e-02	6.928090518340468407e-02
3.906250000000000081e-06	3.317211041392027771e-02	9.052310325205326080e-02	7.246379926800727844e-02
3.906250000000000081e-06	3.123787172798869055e-02	8.712921477854251862e-02	6.875958014279603958e-02
3.906250000000000081e-06	3.389066462463970197e-02	8.782067988067865372e-02	7.031361432746052742e-02
3.906250000000000081e-06	3.850524377407906623e-02	1.000695833936333656e-01	7.922413665801286697e-02
3.906250000000000081e-06	3.130263566404958148e-02	8.779662754386663437e-02	6.916291499510407448e-02
3.906250000000000081e-06	3.292560063396827996e-02	8.887096587568521500e-02	6.948194745928049088e-02
3.906250000000000081e-06	3.448377597982747733e-02	8.990469854325056076e-02	7.102104695513844490e-02
3.906250000000000081e-06	3.049837632835665849e-02	8.782731555402278900e-02	6.960753444582223892e-02
3.906250000000000081e-06	3.929148880835575675e-02	9.337254613637924194e-02	7.271542260423302650e-02
3.906250000000000081e-06	3.270772909391907179e-02	9.001250052824616432e-02	6.966718146577477455e-02
3.906250000000000081e-06	3.321658533443756084e-02	8.588933944702148438e-02	6.825530482456088066e-02
3.906250000000000081e-06	3.311952395671153432e-02	8.839137898758053780e-02	7.031222991645336151e-02
3.906250000000000081e-06	3.160107482366169424e-02	8.635139744728803635e-02	6.910316040739417076e-02
3.906250000000000081e-06	3.080306499253345279e-02	8.714224211871623993e-02	6.897815316915512085e-02
3.906250000000000081e-06	3.092903086231856349e-02	8.682243525981903076e-02	6.899972865357995033e-02
3.906250000000000081e-06	3.384443985510476177e-02	8.780594449490308762e-02	7.000695168972015381e-02
3.906250000000000081e-06	3.200757128622713082e-02	8.627981785684823990e-02	6.923621101304888725e-02
3.906250000000000081e-06	3.381030565670019306e-02	8.821236388757824898e-02	7.062284648418426514e-02
3.906250000000000081e-06	3.262941610020927280e-02	8.898306265473365784e-02	7.131146267056465149e-02
3.906250000000000081e-06	3.329769302678259324e-02	8.963140379637479782e-02	7.089877082034945488e-02
3.906250000000000081e-06	3.261177330218915926e-02	8.603838365525007248e-02	6.813028780743479729e-02
3.906250000000000081e-06	3.407027471008934605e-02	8.575087692588567734e-02	6.902109691873192787e-02
3.906250000000000081e-06	3.482273994367333925e-02	8.837617002427577972e-02	7.155290292575955391e-02
