1.000000000000000021e-03	2.943411214865522818e-01	2.297448858384686654e-01	2.182868834584951456e-01
1.000000000000000021e-03	1.924234410231026038e-01	1.557799880027146977e-01	1.480967000126838795e-01
1.000000000000000021e-03	1.658440429268707161e-01	1.485716423595138946e-01	1.404591294005513302e-01
1.000000000000000021e-03	1.510585741274851901e-01	1.115076752545321737e-01	1.018104902468621731e-01
1.000000000000000021e-03	1.417245810083208324e-01	1.434243662351089021e-01	1.358045527711510547e-01
1.000000000000000021e-03	1.309919842779463106e-01	9.999143995383646955e-02	8.984161410480737131e-02
1.000000000000000021e-03	1.210600031543048460e-01	8.556156525515136446e-02	8.111617295071482658e-02
1.000000000000000021e-03	1.111124889072357957e-01	9.888699202169298763e-02	9.263763204216957092e-02
1.000000000000000021e-03	1.061458710717593235e-01	8.695077535291616255e-02	8.598102051764726361e-02
1.000000000000000021e-03	9.950559967484080837e-02	7.228668104291585683e-02	8.025545561686157903e-02
1.000000000000000021e-03	9.599396130021330131e-02	7.606744036780602181e-02	8.180875591933726987e-02
1.000000000000000021e-03	9.037564829893414420e-02	8.059535879661275382e-02	8.548652790486813147e-02
1.000000000000000021e-03	8.712686785540656176e-02	8.017892433398680907e-02	8.574423994868993204e-02
1.000000000000000021e-03	8.132499140655322090e-02	6.584517887905630418e-02	7.163660749793052118e-02
1.000000000000000021e-03	7.978184133716070825e-02	6.103312042761223355e-02	6.466278815641998690e-02
1.000000000000000021e-03	7.815949136414036824e-02	6.238330303842484770e-02	6.716267215088009279e-02
1.000000000000000021e-03	7.379301443453303855e-02	6.662474518046952732e-02	7.404972212389111796e-02
1.000000000000000021e-03	7.579122119219654230e-02	7.501977231568067450e-02	7.036838093772530833e-02
1.000000000000000021e-03	7.179841994069009747e-02	7.244123454103294779e-02	7.692884365096688826e-02
1.000000000000000021e-03	7.066720780667834489e-02	9.445198594119535995e-02	9.901372399181126993e-02
1.000000000000000021e-03	6.716072152370350379e-02	7.600798830389976501e-02	7.998646050691604614e-02
1.000000000000000021e-03	6.691877016014245727e-02	6.641568245453983999e-02	6.871775081381201189e-02
1.000000000000000021e-03	6.465746220927241772e-02	5.955640505511722999e-02	6.592778107151389677e-02
1.000000000000000021e-03	6.536183717870275300e-02	5.940175321713792034e-02	6.337353941053151807e-02
1.000000000000000021e-03	6.201104772314559171e-02	5.365355486411074737e-02	5.700531071051954946e-02
1.000000000000000021e-03	6.132254172864176622e-02	5.861834179200427208e-02	6.376522695645689409e-02
1.000000000000000021e-03	6.067091939345634760e-02	7.229616699730538609e-02	7.477510161697864532e-02
1.000000000000000021e-03	6.005004832847233437e-02	5.777387459474708081e-02	6.457863645628095228e-02
1.000000000000000021e-03	5.862302942187409133e-02	6.390171839382635666e-02	6.173801729455589971e-02
1.000000000000000021e-03	5.717474125854458966e-02	5.761203310252484278e-02	5.655826749280094823e-02
1.000000000000000021e-03	5.503145392622241922e-02	5.751074883716268682e-02	6.364633478224276941e-02
1.000000000000000021e-03	5.594104167600576910e-02	5.798309066220727614e-02	5.563098518177866936e-02
1.000000000000000021e-03	5.376902566881391898e-02	5.670775796886513842e-02	6.393537521362305243e-02
1.000000000000000021e-03	5.336052759042862748e-02	5.350870900441214578e-02	5.670043593272566795e-02
1.000000000000000021e-03	5.241696317986286463e-02	5.730309692352854312e-02	5.732535608112811903e-02
1.000000000000000021e-03	5.240222933057992610e-02	4.278922922597193368e-02	4.919482273980975429e-02
1.000000000000000021e-03	5.136537246640127813e-02	5.183407962712317796e-02	5.895554469898343225e-02
1.000000000000000021e-03	5.136877712492959186e-02	5.107770209732168110e-02	5.255746664479375024e-02
1.000000000000000021e-03	4.996935874137024142e-02	5.691155756175206304e-02	5.880465526133775434e-02
1.000000000000000021e-03	4.854745439071166818e-02	4.657290941250574051e-02	4.989005522802471976e-02
1.000000000000000021e-03	5.083323063013545084e-02	4.998679562466930987e-02	5.051695741713047028e-02
1.000000000000000021e-03	4.865622818318302706e-02	4.094401190145165181e-02	4.687209874391555509e-02
1.000000000000000021e-03	4.811535846634858171e-02	5.352041517330714121e-02	5.829147826880216876e-02
1.000000000000000021e-03	4.738702396512759624e-02	4.336533570632884749e-02	5.029904819093644619e-02
1.000000000000000021e-03	4.618160019521972554e-02	5.457020636784468831e-02	5.728170098736882349e-02
1.000000000000000021e-03	4.573707557659879852e-02	4.749710807157436765e-02	5.620106067508458952e-02
1.000000000000000021e-03	4.535459870404286165e-02	5.034035578838193942e-02	5.904548540711403171e-02
1.000000000000000021e-03	4.525880087351230596e-02	4.039566901497815971e-02	4.581190492026507993e-02
1.000000000000000021e-03	4.443763019847550566e-02	5.017717948173665288e-02	5.696561196818947931e-02
1.000000000000000021e-03	4.369822744694021321e-02	3.949092419242671709e-02	4.567688936367630959e-02
1.000000000000000021e-03	4.312037513821606605e-02	4.299993996376766381e-02	4.464060394093394279e-02
1.000000000000000021e-03	4.239076130425881161e-02	4.415255988806641996e-02	5.123986732214689394e-02
1.000000000000000021e-03	4.113757094003177989e-02	3.962863304930207276e-02	4.449151307344436507e-02
1.000000000000000021e-03	4.323134691806086727e-02	4.027351991551396393e-02	4.527952303178608279e-02
1.000000000000000021e-03	4.180313860905454648e-02	3.728815708406933022e-02	4.430793602950870713e-02
1.000000000000000021e-03	4.067877167971276769e-02	3.987559384583490990e-02	4.396295021288097044e-02
1.000000000000000021e-03	4.079549516908230478e-02	3.870137047549192938e-02	4.545323899947106838e-02
1.000000000000000021e-03	3.975640574752972722e-02	3.946877573251100085e-02	4.224161459133028707e-02
1.000000000000000021e-03	4.121612026472643714e-02	3.591262144451053823e-02	3.830395997501909872e-02
1.000000000000000021e-03	4.012341184055063376e-02	3.677786959832563679e-02	3.998962435871362964e-02
1.000000000000000021e-03	3.971067449449625780e-02	4.323672760687573280e-02	4.693668913096189776e-02
1.000000000000000021e-03	3.909956096059850200e-02	3.821887864843401261e-02	4.159732996486127654e-02
1.000000000000000021e-03	3.810662098137912457e-02	4.522922357144468219e-02	4.922509579919278483e-02
1.000000000000000021e-03	3.889223626138097606e-02	3.555141754097339291e-02	4.321969854645431319e-02
1.000000000000000021e-03	3.843248615701265469e-02	3.399181888677686725e-02	4.083686396479606351e-02
1.000000000000000021e-03	3.794594288279734551e-02	3.243609551944969666e-02	4.031435167416930199e-02
1.000000000000000021e-03	3.781019176782876579e-02	4.000086609410678090e-02	4.914029221981763840e-02
1.000000000000000021e-03	3.744387382737871667e-02	3.509640458639691485e-02	3.488853946328163147e-02
1.000000000000000021e-03	3.694606621583371858e-02	3.813202716215118721e-02	4.130780613049864908e-02
1.000000000000000021e-03	3.689889165336063259e-02	3.825919689971427062e-02	4.421923323534428935e-02
1.000000000000000021e-03	3.638666588108750710e-02	3.958220398589890748e-02	4.276647344231605807e-02
1.000000000000000021e-03	3.636541219190881497e-02	3.416989316568948970e-02	3.859780263155698776e-02
1.000000000000000021e-03	3.684915140067476780e-02	3.412214019067624782e-02	4.053690442815423289e-02
1.000000000000000021e-03	3.502533496089318965e-02	3.849093871512962450e-02	3.981708586215972762e-02
1.000000000000000021e-03	3.508975150398455090e-02	4.403206918642158657e-02	5.140145691111683984e-02
1.000000000000000021e-03	3.519030298697456427e-02	3.475091331370214198e-02	3.973014745861291885e-02
1.000000000000000021e-03	3.401574984717292693e-02	3.551666688232521518e-02	1.023797520436346559e-01
1.000000000000000021e-03	3.463797435844929301e-02	3.615890282415906709e-02	4.159191325306892117e-02
1.000000000000000021e-03	3.398202905358790882e-02	3.313007835708363380e-02	3.603197671473026137e-02
1.000000000000000021e-03	3.375545703849867213e-02	3.109537838368203744e-02	3.771269312128424506e-02
1.000000000000000021e-03	3.395655711461562781e-02	3.213837522408725250e-02	3.593014818616211553e-02
1.000000000000000021e-03	3.307825298746912279e-02	3.358644007154160116e-02	4.131665830500423631e-02
1.000000000000000021e-03	3.404565561300554322e-02	4.029880686424165692e-02	4.516498246230184893e-02
1.000000000000000021e-03	3.280420534620456796e-02	3.986662481935860508e-02	4.534113812260329862e-02
1.000000000000000021e-03	3.184716696263122787e-02	4.813987157107647852e-02	5.349529860541224480e-02
1.000000000000000021e-03	3.371306683883339844e-02	3.091744792828073074e-02	3.489591763354837894e-02
1.000000000000000021e-03	3.197013382724615826e-02	3.374708186425463829e-02	3.769316559191793203e-02
1.000000000000000021e-03	3.166664410068276148e-02	3.642137252106404655e-02	3.994199619628489156e-02
1.000000000000000021e-03	3.149804168116949327e-02	3.095660852122057022e-02	3.571493281051516672e-02
1.000000000000000021e-03	3.136179698257338111e-02	3.695384802111468386e-02	3.810728504322469234e-02
1.000000000000000021e-03	3.139187916549851520e-02	3.809797833064151873e-02	4.444206189364195009e-02
1.000000000000000021e-03	3.063711860131010725e-02	3.115188225089567456e-02	3.483470203354954720e-02
1.000000000000000021e-03	2.989936738647195474e-02	4.757234241559867710e-02	5.433402024209499359e-02
1.000000000000000021e-03	3.093067717745492592e-02	3.771784206296448921e-02	4.451618227176368237e-02
1.000000000000000021e-03	2.955133838924715178e-02	3.704517910071692538e-02	4.065167363733053485e-02
1.000000000000000021e-03	2.984118793179227347e-02	3.523053970012365171e-02	4.186248276382684846e-02
1.000000000000000021e-03	3.051302354910680192e-02	3.625062646354056117e-02	4.084959304891526422e-02
1.000000000000000021e-03	3.044713329287584980e-02	3.562695216094947936e-02	4.165647313930094520e-02
1.000000000000000021e-03	2.978763227535757493e-02	3.216325179600591083e-02	3.764996435493230681e-02
1.000000000000000021e-03	2.895728304847823564e-02	3.115739195524709973e-02	3.688286570832133293e-02
1.000000000000000021e-03	2.869325351249589137e-02	3.662080116843053484e-02	4.269428323023020944e-02
1.000000000000000021e-03	2.852926078973605506e-02	3.453051816691590781e-02	3.800688954070210318e-02
1.000000000000000021e-03	2.863133683098548210e-02	3.283577491358624645e-02	3.815164142288267335e-02
1.000000000000000021e-03	2.941674533082847334e-02	3.111687869184616428e-02	3.771361159160733362e-02
1.000000000000000021e-03	2.792503370742523139e-02	3.050274178580775902e-02	3.678367841057479659e-02
1.000000000000000021e-03	2.764542524146437405e-02	3.208433963475427336e-02	3.927424284629523615e-02
1.000000000000000021e-03	2.930004440612089811e-02	3.546356500482372026e-02	4.104235265403986116e-02
1.000000000000000021e-03	2.794511770204342535e-02	2.955141947336533889e-02	3.648200132884085040e-02
1.000000000000000021e-03	2.757711900932331706e-02	3.098725813260565232e-02	3.591955062001943311e-02
1.000000000000000021e-03	2.781186922311938703e-02	3.240231427495704475e-02	3.550137309357524057e-02
1.000000000000000021e-03	2.712429993812465190e-02	3.511569997129952020e-02	3.392863972112536430e-02
1.000000000000000021e-03	2.858379151544264418e-02	3.243868431339713004e-02	3.390798303298651895e-02
1.000000000000000021e-03	2.751630710826893228e-02	3.410564650688808347e-02	4.132777489721774916e-02
1.000000000000000021e-03	2.799189246978573894e-02	3.595882068090725664e-02	3.942721094936132292e-02
1.000000000000000021e-03	2.692538522099377149e-02	3.114618613574829387e-02	3.654188443906605105e-02
1.000000000000000021e-03	2.629947419472823331e-02	3.309315457667044019e-02	3.674244321882724762e-02
1.000000000000000021e-03	2.668561270095325469e-02	2.838511177928659812e-02	3.215502616949379722e-02
1.000000000000000021e-03	2.668603129929810261e-02	3.560901616568340478e-02	3.924209843389690061e-02
1.000000000000000021e-03	2.590958359951956239e-02	3.522189648051536615e-02	3.904114393517375131e-02
1.000000000000000021e-03	2.613234806019182344e-02	3.174809145092652440e-02	3.401513355784117898e-02
1.000000000000000021e-03	2.631343290569513119e-02	2.812935964872387631e-02	3.468088973313569745e-02
1.000000000000000021e-03	2.569011939660260924e-02	3.567138785272056661e-02	4.110509296879172325e-02
1.000000000000000021e-03	2.606211379094568528e-02	2.765442938080632865e-02	3.371625719591975212e-02
1.000000000000000021e-03	2.545397675370254797e-02	2.890532879227119059e-02	3.494945769198239127e-02
1.000000000000000021e-03	2.546443240018154974e-02	3.227733679271805461e-02	3.547794320620596686e-02
1.000000000000000021e-03	2.550842006294757811e-02	3.065462944863354272e-02	3.597315633669495583e-02
1.000000000000000021e-03	2.474091877893194041e-02	3.203359366204414083e-02	3.694320674985647479e-02
1.000000000000000021e-03	2.511760309975704861e-02	2.957600761809586060e-02	3.263212363235652724e-02
1.000000000000000021e-03	2.586432431682016836e-02	2.859281073690084912e-02	3.114585475996136527e-02
1.000000000000000021e-03	2.534326667116695853e-02	2.741244077897040526e-02	3.437127242796123028e-02
1.000000000000000021e-03	2.525720599802550037e-02	3.248224740955218265e-02	3.661204967647790909e-02
1.000000000000000021e-03	2.508775794899189768e-02	2.723052965584381660e-02	3.337494703009724617e-02
1.000000000000000021e-03	2.442289675396843926e-02	2.944840119264200556e-02	3.284646971151232442e-02
1.000000000000000021e-03	2.461260948991137593e-02	2.709212171703732908e-02	3.172163031995296756e-02
1.000000000000000021e-03	2.475276401612112182e-02	2.901833485909469448e-02	3.394330805167555809e-02
1.000000000000000021e-03	2.487325077142876414e-02	3.215899647101369552e-02	3.688294524326920371e-02
1.000000000000000021e-03	2.405657025499441728e-02	2.862370535438753597e-02	3.389331200160086016e-02
1.000000000000000021e-03	2.401425157754382561e-02	2.787224434472191509e-02	3.361415984109043797e-02
1.000000000000000021e-03	2.419093865121066389e-02	2.899295269116681367e-02	3.282109196297824244e-02
1.000000000000000021e-03	2.420827196537148063e-02	2.817822597842878016e-02	3.199637052603065968e-02
1.000000000000000021e-03	2.469664822273506810e-02	2.841071999041822060e-02	3.159431912936270376e-02
1.000000000000000021e-03	2.346692978252221812e-02	3.050030618710979774e-02	3.435177882201969485e-02
1.000000000000000021e-03	2.335869588083552481e-02	2.941311407268671491e-02	3.444808498024940630e-02
1.000000000000000021e-03	2.351009524836399425e-02	3.425802333348708373e-02	4.085216047242283544e-02
1.000000000000000021e-03	2.310482814091021145e-02	3.503324442508957276e-02	4.050429230555892268e-02
1.000000000000000021e-03	2.329589382308107706e-02	3.212042746782614588e-02	3.791000647470355034e-02
1.000000000000000021e-03	2.363477597027202268e-02	2.913253616873194562e-02	3.336966969072818756e-02
1.000000000000000021e-03	2.313226478693355612e-02	3.267899403319309004e-02	3.629223210737109184e-02
1.000000000000000021e-03	2.358270650149830658e-02	3.113608189044198352e-02	3.424281645566225329e-02
1.000000000000000021e-03	2.356671392939304471e-02	2.767823017275458305e-02	3.137772749178111692e-02
1.000000000000000021e-03	2.342418265280299047e-02	3.184614300298753420e-02	3.690648670308292051e-02
1.000000000000000021e-03	2.248093018112156879e-02	2.840728305904341097e-02	3.405655939131975452e-02
1.000000000000000021e-03	2.329628979933511673e-02	3.214963388029505598e-02	3.688458576798438887e-02
1.000000000000000021e-03	2.332769280679874990e-02	2.632376947562107758e-02	3.033966850489377975e-02
1.000000000000000021e-03	2.334912025563119775e-02	2.969307953696600361e-02	3.468015585094690045e-02
1.000000000000000021e-03	2.303165709952010448e-02	2.902336634149414035e-02	3.647118867374956469e-02
1.000000000000000021e-03	2.250054863526975216e-02	2.971921306279005220e-02	3.657848401926457743e-02
1.000000000000000021e-03	2.265753777217664050e-02	2.820789477548986054e-02	3.303308119066059728e-02
1.000000000000000021e-03	2.308640053843588613e-02	2.667967350032005025e-02	3.218117170035839081e-02
1.000000000000000021e-03	2.224370388291373180e-02	2.610005141864896530e-02	3.195480084978043894e-02
1.000000000000000021e-03	2.230189788551300081e-02	2.665937945480746293e-02	3.058681106194853852e-02
1.000000000000000021e-03	2.213044053592641558e-02	2.639066898971016012e-02	3.070543776266276836e-02
1.000000000000000021e-03	2.279212274017064846e-02	2.618105045924479929e-02	3.033603681251406670e-02
1.000000000000000021e-03	2.233499742626120915e-02	3.109913360307978158e-02	3.510942980647087375e-02
1.000000000000000021e-03	2.201606519195213954e-02	2.674153178969290723e-02	3.064378439448773792e-02
1.000000000000000021e-03	2.211916311890528217e-02	2.931051377538611280e-02	3.371053019072860202e-02
1.000000000000000021e-03	2.223149159085601595e-02	2.674222194360501015e-02	3.285163156688213071e-02
1.000000000000000021e-03	2.215332343444063531e-02	2.747458887544914144e-02	3.475563181564211845e-02
1.000000000000000021e-03	2.226262153714132427e-02	2.599713971828603032e-02	3.155525093898177424e-02
1.000000000000000021e-03	2.154442364888492153e-02	2.785906380442268460e-02	3.281826013699173927e-02
1.000000000000000021e-03	2.193839335407782309e-02	2.688765548247629492e-02	3.339943378232419768e-02
1.000000000000000021e-03	2.163859568222048155e-02	2.549333433030631646e-02	3.121300116181373666e-02
1.000000000000000021e-03	2.184008389067743430e-02	2.648536878496564329e-02	2.926640447694808106e-02
1.000000000000000021e-03	2.134801168590697365e-02	3.218039001352811929e-02	3.782406058162450513e-02
1.000000000000000021e-03	2.216374911552098856e-02	2.590216777204530987e-02	3.269509081728756705e-02
1.000000000000000021e-03	2.162776102321119567e-02	2.786334169082616691e-02	3.238885621540248116e-02
1.000000000000000021e-03	2.157565649954245462e-02	2.811099323614729695e-02	3.392627574503422061e-02
1.000000000000000021e-03	2.178436664646624804e-02	2.527368417331529379e-02	3.138015714939683398e-02
1.000000000000000021e-03	2.109186166118334066e-02	2.924349347217232789e-02	3.618982299230992516e-02
1.000000000000000021e-03	2.107668954850872717e-02	2.612290472884452874e-02	3.213631622493266782e-02
1.000000000000000021e-03	2.189639703342999982e-02	2.887321828196498172e-02	3.487632968463003774e-02
1.000000000000000021e-03	2.184033760320939349e-02	2.674311742732662228e-02	3.318142653442919532e-02
1.000000000000000021e-03	2.135290883084918490e-02	3.090920085721303098e-02	3.410273869521916051e-02
1.000000000000000021e-03	2.181941191240529751e-02	2.601610596111307572e-02	2.916694153100252151e-02
1.000000000000000021e-03	2.096580245454620836e-02	3.279307433916012204e-02	3.856009691953658780e-02
1.000000000000000021e-03	2.082685215713986002e-02	2.507102749851673751e-02	2.977404082193970541e-02
1.000000000000000021e-03	2.080754048519872432e-02	2.510123810589469373e-02	2.797820852138101916e-02
1.000000000000000021e-03	2.079991471897886524e-02	2.745226856457625222e-02	3.152900463901460448e-02
1.000000000000000021e-03	2.078975389812871832e-02	2.822854497630870874e-02	3.274406362324953218e-02
1.000000000000000021e-03	2.107158744975343861e-02	2.842148560152940248e-02	3.160941866226494451e-02
1.000000000000000021e-03	2.158544279218864437e-02	2.586585663122500586e-02	3.068032306618988583e-02
1.000000000000000021e-03	2.066379179067394031e-02	3.171844958907958645e-02	3.769061132334172726e-02
1.000000000000000021e-03	2.091634326840362268e-02	2.502596440252053203e-02	3.283988754265010357e-02
1.000000000000000021e-03	2.041627159921876114e-02	2.518591944966952836e-02	3.152340147644281526e-02
1.000000000000000021e-03	2.037019557533585254e-02	2.619785555097133012e-02	3.310253552626818419e-02
1.000000000000000021e-03	2.010805088617102776e-02	2.986623040590610789e-02	3.580878037028014521e-02
1.000000000000000021e-03	2.103750961667458924e-02	2.557096521111682993e-02	3.134490945376455784e-02
1.000000000000000021e-03	2.030822146443380175e-02	2.610836759775252841e-02	3.222581716254353801e-02
1.000000000000000021e-03	2.024469223608105217e-02	3.119260597369433868e-02	3.512185416184365749e-02
1.000000000000000021e-03	2.061981817197061292e-02	2.590351292853736165e-02	2.864581923931837013e-02
1.000000000000000021e-03	2.015615664444183469e-02	2.521812691016814961e-02	2.822301718406379153e-02
1.000000000000000021e-03	2.040021427879418897e-02	2.530326575274867082e-02	2.992771626450121264e-02
1.000000000000000021e-03	2.016564185659056041e-02	2.592029648281984899e-02	3.233776860870420794e-02
1.000000000000000021e-03	2.003932327580372139e-02	2.650447097650841105e-02	3.304494456388056001e-02
1.000000000000000021e-03	2.019511732647174748e-02	2.770915048206663844e-02	2.775537557899952074e-02
1.000000000000000021e-03	2.114182330533610765e-02	2.473786025166667402e-02	2.764582112431526045e-02
1.000000000000000021e-03	1.995525281462404502e-02	3.956711650167771960e-02	4.702566289342939576e-02
1.000000000000000021e-03	1.952570093792406480e-02	2.598265649175456743e-02	3.148050659801811257e-02
1.000000000000000021e-03	2.003567727740990581e-02	2.605186431566302099e-02	2.915725070051848958e-02
1.000000000000000021e-03	1.962277895720581158e-02	2.855804299262805837e-02	3.257145681418478766e-02
1.000000000000000021e-03	1.997703212622711430e-02	2.487179821756965725e-02	3.031316187698394199e-02
1.000000000000000021e-03	1.986208702575733773e-02	2.660760372213980332e-02	3.214696981012821198e-02
1.000000000000000021e-03	2.025980752345050984e-02	2.385988280040587592e-02	2.964226142503321310e-02
1.000000000000000021e-03	1.976469226794803913e-02	3.048853217307185767e-02	3.489394378848374029e-02
1.000000000000000021e-03	1.943101135850247574e-02	2.473928906628130447e-02	2.818658670876175026e-02
1.000000000000000021e-03	1.922120547291582618e-02	2.533343450424714940e-02	3.103589857928455015e-02
1.000000000000000021e-03	1.981131557955982669e-02	2.518224959013037542e-02	2.935433031525462935e-02
1.000000000000000021e-03	1.918057523290732369e-02	2.597998768695829880e-02	3.166203431319445510e-02
1.000000000000000021e-03	1.985541266649788056e-02	2.522629246369238395e-02	3.063236125744879176e-02
1.000000000000000021e-03	1.928474735457790315e-02	2.456175989876086679e-02	3.186589817050844431e-02
1.000000000000000021e-03	1.959418130788243353e-02	2.767577564041496033e-02	3.192565445788204948e-02
1.000000000000000021e-03	1.955429634643873413e-02	2.553407954178867414e-02	3.177391837816685716e-02
1.000000000000000021e-03	2.041551975317737119e-02	2.560515814894781181e-02	2.862934423610568116e-02
1.000000000000000021e-03	1.944200571034799402e-02	3.122333549353152604e-02	3.469151584431529045e-02
1.000000000000000021e-03	1.979356600050752313e-02	3.064334699737775863e-02	3.600366436876356602e-02
1.000000000000000021e-03	1.999481330360781614e-02	2.591173690670603783e-02	2.927956429775804142e-02
1.000000000000000021e-03	1.949747402324986459e-02	2.578993199188359814e-02	3.061229090671986272e-02
1.000000000000000021e-03	1.902884109473422514e-02	2.750403752930813406e-02	3.074664049781859060e-02
1.000000000000000021e-03	1.960800831607602962e-02	2.426330367327516474e-02	2.781665248330682585e-02
1.000000000000000021e-03	1.901470123204538482e-02	2.986924320030274679e-02	3.391142804175615449e-02
1.000000000000000021e-03	1.902089921574456541e-02	2.338538933252789012e-02	2.920928006060421328e-02
1.000000000000000021e-03	1.898529645166055838e-02	2.459370890505494997e-02	3.009512368589639664e-02
1.000000000000000021e-03	1.914482986377882487e-02	2.650281845431053107e-02	3.296590084210038185e-02
1.000000000000000021e-03	1.893342020496110653e-02	2.455747139723045078e-02	3.073433628305792878e-02
1.000000000000000021e-03	1.943559127731369143e-02	2.619770539836733733e-02	3.195520960725843629e-02
1.000000000000000021e-03	1.900381052843823360e-02	2.470884057668803341e-02	2.934311428107321332e-02
1.000000000000000021e-03	1.911839516427088492e-02	2.422876444435556609e-02	2.914252521004527877e-02
1.000000000000000021e-03	1.825384923309486540e-02	2.530329243928506125e-02	3.063016193918883731e-02
1.000000000000000021e-03	1.934253038278303458e-02	3.574945729869510175e-02	3.789950944483280043e-02
1.000000000000000021e-03	1.915217425897414172e-02	2.473211007104962264e-02	2.890091284643858671e-02
1.000000000000000021e-03	1.860857137531440886e-02	2.474506717682352711e-02	2.775256223976612160e-02
1.000000000000000021e-03	1.837531078732537390e-02	2.415333236250733970e-02	2.807324118912219932e-02
1.000000000000000021e-03	1.899463603941592763e-02	2.424821489202882638e-02	2.972640120424330235e-02
1.000000000000000021e-03	1.887942022368216399e-02	2.422558392412687417e-02	2.997526417020708253e-02
1.000000000000000021e-03	1.876507392028534116e-02	2.359006850838817060e-02	2.856565497349947830e-02
1.000000000000000021e-03	1.805715561519881385e-02	2.392386537805901714e-02	2.968570666853338411e-02
1.000000000000000021e-03	1.851034458291051996e-02	2.565372825468554066e-02	2.944073686376214027e-02
1.000000000000000021e-03	1.871294403473622997e-02	2.594261772501530935e-02	3.098712130449712138e-02
1.000000000000000021e-03	1.805941559430677620e-02	2.397296149576209554e-02	2.906337496824562550e-02
1.000000000000000021e-03	1.856790486519474537e-02	2.780110919506761924e-02	3.250425080768763741e-02
1.000000000000000021e-03	1.823727444080834245e-02	2.407203993579636048e-02	2.960831779055297236e-02
1.000000000000000021e-03	1.832185050720753008e-02	2.596984238544215728e-02	3.268890972249209603e-02
5.000000000000000104e-04	1.452494377932398058e-02	2.299944476190349946e-02	2.908549511339515378e-02
5.000000000000000104e-04	1.416871231428546395e-02	2.238704277329263762e-02	2.748422306030988763e-02
5.000000000000000104e-04	1.410646257361851223e-02	2.599393337457904171e-02	3.136483612470328947e-02
5.000000000000000104e-04	1.377207451782266716e-02	2.147064077624007833e-02	2.658444095868617296e-02
5.000000000000000104e-04	1.382009703243382119e-02	2.240929020207901856e-02	2.766557713039219379e-02
5.000000000000000104e-04	1.372240650521210949e-02	2.187782388512064802e-02	2.697218754328787466e-02
5.000000000000000104e-04	1.368465856120744568e-02	2.208825874176480880e-02	2.638170639984309743e-02
5.000000000000000104e-04	1.369068991401519407e-02	2.204089838991926675e-02	2.770719269756227732e-02
5.000000000000000104e-04	1.355084295017799749e-02	2.111859876584476145e-02	2.518993536941706995e-02
5.000000000000000104e-04	1.334478630299109486e-02	2.096243702479837906e-02	2.598031461238860945e-02
5.000000000000000104e-04	1.334953672778665425e-02	2.186874719580430768e-02	2.654599125962704351e-02
5.000000000000000104e-04	1.349608692079955902e-02	2.258879887378964849e-02	2.635742002166807652e-02
5.000000000000000104e-04	1.330819009321591688e-02	2.150092453876246978e-02	2.719303937628865173e-02
5.000000000000000104e-04	1.338940728921714056e-02	2.640963531055375707e-02	3.145693039987236539e-02
5.000000000000000104e-04	1.336409808057964499e-02	2.130414625015402200e-02	2.650350842159241577e-02
5.000000000000000104e-04	1.315201626014595067e-02	2.104088725005300725e-02	2.679999519605189701e-02
5.000000000000000104e-04	1.289489984467902944e-02	2.238898930573806831e-02	2.808529827743768553e-02
5.000000000000000104e-04	1.318811792490214019e-02	2.231512419606378542e-02	2.703561300877481768e-02
5.000000000000000104e-04	1.328024376181581069e-02	2.283717589014019542e-02	2.791971657425165038e-02
5.000000000000000104e-04	1.325423089346353805e-02	2.221606728372149328e-02	2.770048012025654385e-02
5.000000000000000104e-04	1.305552902444546970e-02	2.180365330164189125e-02	2.641964305657893558e-02
5.000000000000000104e-04	1.316991978589880999e-02	2.072963456949950684e-02	2.552819414995610714e-02
5.000000000000000104e-04	1.302842642822632860e-02	2.123733683542899583e-02	2.608623094856738975e-02
5.000000000000000104e-04	1.290757524596181614e-02	2.548198633539583077e-02	3.025628728792071481e-02
5.000000000000000104e-04	1.310484636674671445e-02	2.115498731371151866e-02	2.638839103747159243e-02
5.000000000000000104e-04	1.309752626043331029e-02	2.228894168559793568e-02	2.807604405097663403e-02
5.000000000000000104e-04	1.272839620934800367e-02	2.251994875089036174e-02	2.832492934539914201e-02
5.000000000000000104e-04	1.304090472069363571e-02	2.117107308308803504e-02	2.558940337039530138e-02
5.000000000000000104e-04	1.301157852058331885e-02	2.292143515949942104e-02	2.888338626362383504e-02
5.000000000000000104e-04	1.280381834083531983e-02	2.337975631326592862e-02	2.864818498492240767e-02
5.000000000000000104e-04	1.297877557465179285e-02	2.142459780699451644e-02	2.706787737552076439e-02
5.000000000000000104e-04	1.270298724815275421e-02	2.331890194574419775e-02	2.954149998258799245e-02
5.000000000000000104e-04	1.286266193307455084e-02	2.115831095530256584e-02	2.512352562043815990e-02
5.000000000000000104e-04	1.297846515221416121e-02	2.098238803153730861e-02	2.600847843568772008e-02
5.000000000000000104e-04	1.305382861579709383e-02	2.174729427215472619e-02	2.705991102848202129e-02
5.000000000000000104e-04	1.289854007851659601e-02	2.330402299976317565e-02	2.863372138235718151e-02
5.000000000000000104e-04	1.273910660207826402e-02	2.065003017714510392e-02	2.466960712336003711e-02
5.000000000000000104e-04	1.292270744694022991e-02	2.159860898881994784e-02	2.610885084141045809e-02
5.000000000000000104e-04	1.278157689927742965e-02	2.221009999279576277e-02	2.718808394856751104e-02
5.000000000000000104e-04	1.281305842254356307e-02	2.149709524752582007e-02	2.609488009475171427e-02
5.000000000000000104e-04	1.262031913528553762e-02	2.451155956893067214e-02	3.004354485310613970e-02
5.000000000000000104e-04	1.263969849173137740e-02	2.314897250208555052e-02	2.779932469129562517e-02
5.000000000000000104e-04	1.279445963469076630e-02	2.386596539979361775e-02	2.991229658946394782e-02
5.000000000000000104e-04	1.275276937866025480e-02	2.221547954116036283e-02	2.730746837332844595e-02
5.000000000000000104e-04	1.261779050699772704e-02	2.077876524853456558e-02	2.589534528087824444e-02
5.000000000000000104e-04	1.282683342810093940e-02	2.198071081035268132e-02	2.665896604303270509e-02
5.000000000000000104e-04	1.252876349181422308e-02	2.103177665279329714e-02	4.756440341006964306e-02
5.000000000000000104e-04	1.263197642058099326e-02	2.167804989749224504e-02	2.624697447754442692e-02
5.000000000000000104e-04	1.262080926424268348e-02	2.060918333447728581e-02	2.529409169219434123e-02
5.000000000000000104e-04	1.255611887736947027e-02	2.535652619401353863e-02	2.986413729377090931e-02
5.000000000000000104e-04	1.268720304037575936e-02	2.428675769628342584e-02	2.800944079644978116e-02
5.000000000000000104e-04	1.278721641395902039e-02	2.105559180953895868e-02	2.656564037315547328e-02
5.000000000000000104e-04	1.272257349853159539e-02	2.092929211254987432e-02	2.608817785512656043e-02
5.000000000000000104e-04	1.256428806787360068e-02	2.093123334962191870e-02	2.635020699817687204e-02
5.000000000000000104e-04	1.236638581350991799e-02	2.334867829837256048e-02	2.867895637173205683e-02
5.000000000000000104e-04	1.271833130063672150e-02	2.090360258866823251e-02	2.750724120996892591e-02
5.000000000000000104e-04	1.237105871179618351e-02	2.134824080480486955e-02	2.612554798834025929e-02
5.000000000000000104e-04	1.256933966960374453e-02	2.140222826280207061e-02	2.636562660336494446e-02
5.000000000000000104e-04	1.253471759875554765e-02	2.185796934584672419e-02	2.633650572970509460e-02
5.000000000000000104e-04	1.235866004117851767e-02	2.170540217836802038e-02	2.581353506539017101e-02
5.000000000000000104e-04	1.245661733218009909e-02	2.076214601661210274e-02	2.445295709185302258e-02
5.000000000000000104e-04	1.250829800005531962e-02	2.380275653177843162e-02	2.836256860755383830e-02
5.000000000000000104e-04	1.240324014483573482e-02	2.104713409866025911e-02	8.606808073818683624e-02
5.000000000000000104e-04	1.244960157737057954e-02	2.051375701984498034e-02	3.221676999237388372e-02
5.000000000000000104e-04	1.238608015609071918e-02	2.118164400389681290e-02	2.627092208713293145e-02
5.000000000000000104e-04	1.233867881169467898e-02	2.242362359782476208e-02	2.604236123152077129e-02
5.000000000000000104e-04	1.247731361802561188e-02	2.157482701836456115e-02	2.578614461235701968e-02
5.000000000000000104e-04	1.227849463966348455e-02	2.140975321755203206e-02	2.562480389606207679e-02
5.000000000000000104e-04	1.223387224615972435e-02	2.157787028310030608e-02	2.660391393583267858e-02
5.000000000000000104e-04	1.226959184057026774e-02	2.453328768054696338e-02	2.974177943542599678e-02
5.000000000000000104e-04	1.233054442876227105e-02	2.171641583822628632e-02	2.722557466477155616e-02
5.000000000000000104e-04	1.214982487273214527e-02	2.193542089586326613e-02	2.711236972827464273e-02
5.000000000000000104e-04	1.195862041184935463e-02	2.113522253247923990e-02	2.621185714378953049e-02
5.000000000000000104e-04	1.221510145510912651e-02	2.243939674025430611e-02	2.686371905729174545e-02
5.000000000000000104e-04	1.211986515141152444e-02	2.391279080190271758e-02	2.868134889286011457e-02
5.000000000000000104e-04	1.199334143694011194e-02	2.349212896371387013e-02	2.766106608323752949e-02
5.000000000000000104e-04	1.214650205302378848e-02	2.073887062712489668e-02	2.479246407747268816e-02
5.000000000000000104e-04	1.222996989811200169e-02	2.090659040801656071e-02	2.622675565071403911e-02
5.000000000000000104e-04	1.201459435462180238e-02	2.082544642729752815e-02	2.555462125455960562e-02
5.000000000000000104e-04	1.202397701726525339e-02	2.038089265432501199e-02	2.506431385409086873e-02
5.000000000000000104e-04	1.207347824349305938e-02	2.071896759568864904e-02	2.522941424977034192e-02
5.000000000000000104e-04	1.200725220646568260e-02	2.496071109616475672e-02	2.931241677142679830e-02
5.000000000000000104e-04	1.203154242061698319e-02	2.094454754690069226e-02	2.655517549719661405e-02
5.000000000000000104e-04	1.203307753088577944e-02	2.065975966019780244e-02	2.601386629976332188e-02
5.000000000000000104e-04	1.205109616084898763e-02	2.197408075907623590e-02	2.695915761869400670e-02
5.000000000000000104e-04	1.201660212978868103e-02	2.050264037326368291e-02	2.560648189391940763e-02
5.000000000000000104e-04	1.198105690778688767e-02	2.097840088843831372e-02	2.614894709549844126e-02
5.000000000000000104e-04	1.195033894144236983e-02	2.027701853691595349e-02	2.557344196829944988e-02
5.000000000000000104e-04	1.190640929779725882e-02	2.061624894240451575e-02	2.596606248989701340e-02
5.000000000000000104e-04	1.191821785826818920e-02	2.067409602057247373e-02	2.676832587458193372e-02
5.000000000000000104e-04	1.172917643090609294e-02	2.176890945481380416e-02	2.668268904089927604e-02
5.000000000000000104e-04	1.214261208793637054e-02	2.050454316280431177e-02	2.580630318261683057e-02
5.000000000000000104e-04	1.179673103994888748e-02	2.087274826673000960e-02	2.476751790381968160e-02
5.000000000000000104e-04	1.198273606857348794e-02	2.281318082235246278e-02	2.695139604620635371e-02
5.000000000000000104e-04	1.194025796755212102e-02	2.279923619283119249e-02	2.770838292781263590e-02
5.000000000000000104e-04	1.193134267958029585e-02	2.190401872707755174e-02	2.716686835046857457e-02
5.000000000000000104e-04	1.165448047178447959e-02	2.115371482963649546e-02	2.546724067069590022e-02
5.000000000000000104e-04	1.184939811875206084e-02	2.162133418608710306e-02	2.656963078770786454e-02
5.000000000000000104e-04	1.168363673071777346e-02	2.272870552028817201e-02	2.657076388131827255e-02
5.000000000000000104e-04	1.205107739813942279e-02	2.153708583904498375e-02	2.630350557155907223e-02
5.000000000000000104e-04	1.170728449428528814e-02	2.236949771408635115e-02	2.888520569540560176e-02
5.000000000000000104e-04	1.154007783502019636e-02	2.036542707264267504e-02	2.503605755046010156e-02
5.000000000000000104e-04	1.166504117188332627e-02	2.109473491214332655e-02	2.667394676245748997e-02
5.000000000000000104e-04	1.192560096890592398e-02	2.260414333965297604e-02	2.723700983915477991e-02
5.000000000000000104e-04	1.177662180291316404e-02	2.552390523274375433e-02	2.996843489818274905e-02
5.000000000000000104e-04	1.176183458732970970e-02	2.046066541127197422e-02	2.506581265479326109e-02
5.000000000000000104e-04	1.185019778623015371e-02	2.053312846113249795e-02	2.594835681375116249e-02
5.000000000000000104e-04	1.193512842864222906e-02	2.075052781625411763e-02	2.668701079674064974e-02
5.000000000000000104e-04	1.180224430651434855e-02	2.215294614044159560e-02	2.701306855306029320e-02
2.500000000000000052e-04	1.007904193985507263e-02	1.974137924143469155e-02	2.455571722239256044e-02
2.500000000000000052e-04	9.743266123216414928e-03	2.000036803976247557e-02	2.510949342977255444e-02
2.500000000000000052e-04	9.632941635586689949e-03	1.941727222240876086e-02	2.419651283416896989e-02
2.500000000000000052e-04	9.687842375643814993e-03	1.994947094411749985e-02	2.478721952065825532e-02
2.500000000000000052e-04	9.816707453217493953e-03	2.031735011927432444e-02	2.540240269154310157e-02
2.500000000000000052e-04	9.568157593094987062e-03	1.982552913646579498e-02	2.485823933966457844e-02
2.500000000000000052e-04	9.552874840219537436e-03	2.115382619338665796e-02	2.592466103378683259e-02
2.500000000000000052e-04	9.473808318887982222e-03	1.941583749316437568e-02	2.402883404865861078e-02
2.500000000000000052e-04	9.675462667653126486e-03	1.964728191436429169e-02	2.456078131217509508e-02
2.500000000000000052e-04	9.644577690899163933e-03	1.984205432918839315e-02	2.477343834470957518e-02
2.500000000000000052e-04	9.582549702525658408e-03	1.970141078711180188e-02	2.498750141821801801e-02
2.500000000000000052e-04	9.559498279322417233e-03	2.053088780629072976e-02	2.494885958731174469e-02
2.500000000000000052e-04	9.558382389092857576e-03	2.022073412050751431e-02	2.546476728748530219e-02
2.500000000000000052e-04	9.541287970278951661e-03	2.010697967992091176e-02	2.429715520702302456e-02
2.500000000000000052e-04	9.439421754813666354e-03	1.936101701832254607e-02	2.465845576953142743e-02
2.500000000000000052e-04	9.572235506283657477e-03	1.973031069693297057e-02	2.456804846879094908e-02
2.500000000000000052e-04	9.481134477443668371e-03	2.045812402213119038e-02	2.550875251181423595e-02
2.500000000000000052e-04	9.469771060178088298e-03	2.032100409269332886e-02	2.499007140286266943e-02
2.500000000000000052e-04	9.412369716840993106e-03	1.970632381600703406e-02	2.483138050884008477e-02
2.500000000000000052e-04	9.348263823193751765e-03	1.934320192432996410e-02	2.408124881330877404e-02
2.500000000000000052e-04	9.407168563613543463e-03	2.058301951872740579e-02	2.490945355966687341e-02
2.500000000000000052e-04	9.461256047226423646e-03	1.939555390186958883e-02	2.389487337786704371e-02
2.500000000000000052e-04	9.357168435629992925e-03	2.007726777871553930e-02	2.495540843810886006e-02
2.500000000000000052e-04	9.367032673853541505e-03	2.129827229140316552e-02	2.553356643766164710e-02
2.500000000000000052e-04	9.454984202983162875e-03	2.249439098233483800e-02	2.638370699714869330e-02
2.500000000000000052e-04	9.462010234847899673e-03	2.061038279993683900e-02	2.628180952742695947e-02
2.500000000000000052e-04	9.305027994279029338e-03	1.990974458002763361e-02	2.457902813330292702e-02
2.500000000000000052e-04	9.384134590383045108e-03	1.941526440308668361e-02	2.429051673971116543e-02
2.500000000000000052e-04	9.297061195773673875e-03	2.037509656096784388e-02	2.531571465078741312e-02
2.500000000000000052e-04	9.373517624368547796e-03	1.956156209715841782e-02	2.409376965370029280e-02
2.500000000000000052e-04	9.325566142743291556e-03	1.953348428674081191e-02	2.387069044634699752e-02
2.500000000000000052e-04	9.372555790279426396e-03	1.945604731606719387e-02	2.374096170533448319e-02
2.500000000000000052e-04	9.382972672284776300e-03	1.995610982101625117e-02	2.437312663532793452e-02
2.500000000000000052e-04	9.298391429162375377e-03	1.978306254830347957e-02	2.444186455104500194e-02
2.500000000000000052e-04	9.351449940297287475e-03	1.980227982401067816e-02	2.375979628413915634e-02
2.500000000000000052e-04	9.367553502052520034e-03	1.935761798836329803e-02	2.459381243679672341e-02
2.500000000000000052e-04	9.169013601353413409e-03	1.998139182056899929e-02	2.397645022720098357e-02
2.500000000000000052e-04	9.332586518949879950e-03	2.060452272813201660e-02	2.463686298578977515e-02
2.500000000000000052e-04	9.304780020839585608e-03	1.986625088934654976e-02	2.458813232369721005e-02
2.500000000000000052e-04	9.304359538990997561e-03	1.916882985256885413e-02	2.337935538962483337e-02
2.500000000000000052e-04	9.145267324282670487e-03	1.985874862278475331e-02	2.365387117024510960e-02
2.500000000000000052e-04	9.301874397074399309e-03	2.004705302670832176e-02	2.391141181578859687e-02
2.500000000000000052e-04	9.319346541958173705e-03	2.132976685128910865e-02	2.573783611878752847e-02
2.500000000000000052e-04	9.299672036439856487e-03	1.975585577317089461e-02	2.394383891951292614e-02
2.500000000000000052e-04	9.119414328367228539e-03	1.960580932532305504e-02	2.380610748659819226e-02
2.500000000000000052e-04	9.356463731089396246e-03	1.971170661181055606e-02	2.356746813748031993e-02
2.500000000000000052e-04	9.278285664675834168e-03	2.105418288426873577e-02	2.517150139901786973e-02
2.500000000000000052e-04	9.155270930405634555e-03	1.988586629326431071e-02	2.387821383308619261e-02
2.500000000000000052e-04	9.371438559140401678e-03	2.005267823943917074e-02	2.452693132217973609e-02
2.500000000000000052e-04	9.291432276714880686e-03	1.998985744037553441e-02	2.387774551752954583e-02
2.500000000000000052e-04	9.246666073786130591e-03	1.966702628451648047e-02	2.517175648827105899e-02
2.500000000000000052e-04	9.300981625511487924e-03	2.111346295581282076e-02	2.509034683462232213e-02
2.500000000000000052e-04	9.134341850757616080e-03	1.998664850749426458e-02	2.353048019576817890e-02
2.500000000000000052e-04	9.222136265389651796e-03	2.139846626571647800e-02	2.548817279748618464e-02
2.500000000000000052e-04	9.175726303851329882e-03	2.006340516896928244e-02	2.413917263038456440e-02
2.500000000000000052e-04	9.247396113659803532e-03	2.088611400369262336e-02	2.738668408710509539e-02
2.500000000000000052e-04	9.069501411780896485e-03	1.983146844870601125e-02	2.392343683168291976e-02
2.500000000000000052e-04	9.188687218349901598e-03	1.959284646582853257e-02	2.415516637265682082e-02
2.500000000000000052e-04	9.231550886646268383e-03	1.954809287611726856e-02	2.324243828188627889e-02
2.500000000000000052e-04	9.313105493935649667e-03	1.992043798194505916e-02	2.436433823313564201e-02
2.500000000000000052e-04	9.226397397738858239e-03	1.956137388222972673e-02	2.394747743383050104e-02
1.250000000000000026e-04	8.237953939534173667e-03	1.906647795021378100e-02	2.318776345346123050e-02
1.250000000000000026e-04	8.177161000564980853e-03	1.917316908923743374e-02	2.335879255551844697e-02
1.250000000000000026e-04	8.227844266659770436e-03	1.898653421024377314e-02	2.399931866675615241e-02
1.250000000000000026e-04	8.127076854444975282e-03	1.960058505427463016e-02	2.392536469269544025e-02
1.250000000000000026e-04	8.260186599895852702e-03	1.905217388869111933e-02	2.333919231314212153e-02
1.250000000000000026e-04	8.034884200418946146e-03	1.914316114447815742e-02	2.349367050919681787e-02
1.250000000000000026e-04	8.076784250268484802e-03	1.928001049301387299e-02	2.351434759330004592e-02
1.250000000000000026e-04	8.060447918278245208e-03	1.975852333945441602e-02	2.416728339157998492e-02
1.250000000000000026e-04	8.079475385406167942e-03	1.934906439514372245e-02	2.330496024806052308e-02
1.250000000000000026e-04	7.972009918300859352e-03	1.902640649453975902e-02	2.356749640312045743e-02
1.250000000000000026e-04	8.069907338372006925e-03	1.964875469618130796e-02	2.377686421386897633e-02
1.250000000000000026e-04	8.059932403873225348e-03	1.914062119376752982e-02	2.275494113564491272e-02
1.250000000000000026e-04	8.040836877056839471e-03	1.920379784582329150e-02	2.304114392027258734e-02
1.250000000000000026e-04	8.025503112463722166e-03	1.888445645317201119e-02	2.303605210036039491e-02
1.250000000000000026e-04	8.078031906659795258e-03	1.893967089209101090e-02	2.328874415252357721e-02
1.250000000000000026e-04	8.121037225652358998e-03	1.953038984314777599e-02	2.355707045644521783e-02
1.250000000000000026e-04	7.955220876583410719e-03	1.977555613711242180e-02	2.371914952527731657e-02
1.250000000000000026e-04	8.044654417321423986e-03	1.870077124343336519e-02	2.285446417517960141e-02
1.250000000000000026e-04	8.082292806042912572e-03	1.915633911510724804e-02	2.372371871024370193e-02
1.250000000000000026e-04	8.029391524805067765e-03	1.903304213862768574e-02	2.325457441620528559e-02
1.250000000000000026e-04	7.989814023337196355e-03	1.893726120951600214e-02	2.321519970428198576e-02
1.250000000000000026e-04	8.025338069263275587e-03	1.895986452055071006e-02	2.310965897049754858e-02
1.250000000000000026e-04	7.984650337829137315e-03	1.930331870796480817e-02	2.357449189294129679e-02
1.250000000000000026e-04	8.019640395952005313e-03	1.899879084929277651e-02	2.332109862472862144e-02
1.250000000000000026e-04	8.023464664060529772e-03	1.914342514273383727e-02	2.375482311472296854e-02
1.250000000000000026e-04	7.946360474609493602e-03	1.909524787958535863e-02	2.305964571423828671e-02
1.250000000000000026e-04	7.985185084397480870e-03	1.900773073658737142e-02	2.344231493771076202e-02
1.250000000000000026e-04	7.951296047308093265e-03	1.896144298066175515e-02	2.313624906819313626e-02
1.250000000000000026e-04	7.993240999204169472e-03	1.943459306692421618e-02	2.381654700729995966e-02
1.250000000000000026e-04	7.912725282246771755e-03	1.979789435765974201e-02	2.397168844472617050e-02
1.250000000000000026e-04	8.005070308556020559e-03	1.927866900329970601e-02	2.355537370312959025e-02
1.250000000000000026e-04	8.001868648550984273e-03	1.890869692202013994e-02	2.273854713421314885e-02
1.250000000000000026e-04	7.967032693703553561e-03	1.953818819714778221e-02	2.390093128196895192e-02
1.250000000000000026e-04	7.900798640475588039e-03	1.912143827947490604e-02	2.322675271425396135e-02
1.250000000000000026e-04	7.909513313492294584e-03	1.896156841664726339e-02	2.329729960765689750e-02
1.250000000000000026e-04	7.947434134859376886e-03	1.914835014716961131e-02	2.316365609876811643e-02
1.250000000000000026e-04	7.915644990708278761e-03	1.918646449915557481e-02	2.342788749374449114e-02
1.250000000000000026e-04	7.894219886164824743e-03	1.978903077542781830e-02	2.412775633856654306e-02
1.250000000000000026e-04	7.870578508306167592e-03	1.944491420799368889e-02	2.390149114653468063e-02
6.250000000000000130e-05	7.446189610631036813e-03	1.930985302318141000e-02	2.379777135793119738e-02
6.250000000000000130e-05	7.379372434342771313e-03	1.926690237157787852e-02	2.380820305552333593e-02
6.250000000000000130e-05	7.446666397945332291e-03	1.891811399754741302e-02	2.418793521355837653e-02
6.250000000000000130e-05	7.404215217510009585e-03	1.936269269193186329e-02	2.354536021593958001e-02
6.250000000000000130e-05	7.378326195826913000e-03	1.912239459172593303e-02	2.338652182370424409e-02
6.250000000000000130e-05	7.405615912034127848e-03	1.882583872263968172e-02	2.293839757330715795e-02
6.250000000000000130e-05	7.395441455082829921e-03	1.860633412015219590e-02	2.278845002874731879e-02
6.250000000000000130e-05	7.340174860203418569e-03	1.872969671342697429e-02	8.177299478556961099e-02
6.250000000000000130e-05	7.399733294800591409e-03	1.889797010463881849e-02	2.368408092297613621e-02
6.250000000000000130e-05	7.400289656016856288e-03	1.887643961382162033e-02	2.322856548707932095e-02
6.250000000000000130e-05	7.357191203954159021e-03	1.889640265217548340e-02	2.306984267197549274e-02
6.250000000000000130e-05	7.364929874751059875e-03	1.916675992719633903e-02	2.371401134878397057e-02
6.250000000000000130e-05	7.342205103595132558e-03	1.870138303947230241e-02	2.302151399198919604e-02
6.250000000000000130e-05	7.365354920567867766e-03	1.863633217143762649e-02	2.262220028787851472e-02
6.250000000000000130e-05	7.372858730394560300e-03	1.924802354141991884e-02	2.355781916994601627e-02
6.250000000000000130e-05	7.399381759536948974e-03	1.881552349619996373e-02	2.368961637839674811e-02
6.250000000000000130e-05	7.314792592316831515e-03	1.874707348605725299e-02	2.311154711060225964e-02
6.250000000000000130e-05	7.366982369113187282e-03	1.937453234714519440e-02	2.500581576023250957e-02
6.250000000000000130e-05	7.352897128574615096e-03	1.897583701964760186e-02	2.325794096104800632e-02
6.250000000000000130e-05	7.325544078910745799e-03	1.891200409724294249e-02	2.321645754855126281e-02
6.250000000000000130e-05	7.308619212003781423e-03	1.909488455163246834e-02	2.317187101580202649e-02
6.250000000000000130e-05	7.342471942682645206e-03	1.872377042507469835e-02	2.304445053450763364e-02
6.250000000000000130e-05	7.360944816698561551e-03	1.869199462527535924e-02	2.299840848427265813e-02
6.250000000000000130e-05	7.327599755156223756e-03	1.875647124761218101e-02	2.274998878128826549e-02
6.250000000000000130e-05	7.318180322066304699e-03	1.916122015721666988e-02	2.344689141027629306e-02
6.250000000000000130e-05	7.313833589036583017e-03	1.893391660585297398e-02	2.341306663583964109e-02
6.250000000000000130e-05	7.318750994714489332e-03	1.888639328718497504e-02	2.309102388098836084e-02
6.250000000000000130e-05	7.358515125858083004e-03	1.865204437806500248e-02	2.276382928248494794e-02
3.125000000000000065e-05	7.079708535406238103e-03	1.859406159010701040e-02	2.273302522953599830e-02
3.125000000000000065e-05	7.028106780459431567e-03	1.853369118362977255e-02	2.286830142838880420e-02
3.125000000000000065e-05	7.061823209722750509e-03	1.868265700472898985e-02	2.274601540993899038e-02
3.125000000000000065e-05	7.035436620962886960e-03	1.868581894239049884e-02	2.276541120372712473e-02
3.125000000000000065e-05	7.069717372110446291e-03	1.892756447878651480e-02	2.333818266633897950e-02
3.125000000000000065e-05	7.034603918622474479e-03	1.870994858872828195e-02	2.288699112832546373e-02
3.125000000000000065e-05	7.037580235676494690e-03	1.916878700197835114e-02	2.349677081219852040e-02
3.125000000000000065e-05	7.060280504488559809e-03	1.878574881605140842e-02	2.300686524249613216e-02
3.125000000000000065e-05	7.041544630449566092e-03	1.879756050233129597e-02	2.295612056041136315e-02
3.125000000000000065e-05	7.018306412598104317e-03	1.869465727651618489e-02	2.304066696669906239e-02
3.125000000000000065e-05	7.019902887218320252e-03	1.847394444877330580e-02	2.282288325950503419e-02
