1.000000000000000021e-03	7.273256839076175373e-01	9.041277095675468445e-01	9.165021032094955444e-01
1.000000000000000021e-03	4.300458812260929409e-01	4.879012890160083771e-01	4.440673477947711945e-01
1.000000000000000021e-03	3.649985048967071544e-01	5.344329215586185455e-01	5.119056329131126404e-01
1.000000000000000021e-03	3.407277000855796212e-01	3.527864627540111542e-01	3.326911032199859619e-01
1.000000000000000021e-03	3.398920388161381645e-01	5.703430771827697754e-01	5.524242892861366272e-01
1.000000000000000021e-03	3.022298950560485253e-01	3.714316673576831818e-01	3.274996802210807800e-01
1.000000000000000021e-03	2.937050865420812173e-01	4.357836283743381500e-01	3.852370195090770721e-01
1.000000000000000021e-03	2.775566206325458807e-01	2.855072077363729477e-01	2.465941924601793289e-01
1.000000000000000021e-03	2.598848812565018873e-01	3.802410215139389038e-01	3.627504333853721619e-01
1.000000000000000021e-03	2.652365052247349086e-01	2.406319845467805862e-01	2.056467831134796143e-01
1.000000000000000021e-03	2.912408717070953945e-01	3.127625957131385803e-01	2.920799143612384796e-01
1.000000000000000021e-03	2.742278234490865274e-01	3.101612590253353119e-01	2.747525647282600403e-01
1.000000000000000021e-03	2.476916728140432511e-01	3.380508422851562500e-01	3.101306706666946411e-01
1.000000000000000021e-03	2.572501792183405356e-01	3.495106548070907593e-01	3.404963389039039612e-01
1.000000000000000021e-03	2.480688080002989848e-01	2.346938401460647583e-01	2.079525422304868698e-01
1.000000000000000021e-03	2.223013275409046474e-01	2.018949622288346291e-01	1.657535918056964874e-01
1.000000000000000021e-03	2.361922492332096390e-01	3.065403625369071960e-01	2.770127337425947189e-01
1.000000000000000021e-03	2.228857112836234167e-01	2.015000302344560623e-01	1.660019010305404663e-01
1.000000000000000021e-03	2.284094430977785251e-01	2.403022628277540207e-01	2.234835512936115265e-01
1.000000000000000021e-03	2.136181192118910277e-01	3.583508655428886414e-01	3.261318653821945190e-01
1.000000000000000021e-03	2.164123327105860195e-01	1.934420671314001083e-01	1.712206546217203140e-01
1.000000000000000021e-03	2.080148850815205508e-01	2.275907211005687714e-01	1.939797364175319672e-01
1.000000000000000021e-03	2.029179346900951975e-01	1.844983529299497604e-01	1.612076461315155029e-01
1.000000000000000021e-03	2.045411301564566686e-01	1.851294264197349548e-01	1.556322015821933746e-01
1.000000000000000021e-03	2.102062602209139597e-01	2.030936796218156815e-01	1.646846812218427658e-01
1.000000000000000021e-03	1.913646184190919142e-01	2.467385493218898773e-01	2.135505154728889465e-01
1.000000000000000021e-03	1.880180686712265015e-01	2.844391204416751862e-01	2.708245553076267242e-01
1.000000000000000021e-03	2.035336666092087965e-01	2.275363411754369736e-01	2.044178564101457596e-01
1.000000000000000021e-03	2.001426313308220795e-01	1.690089739859104156e-01	1.396510843187570572e-01
1.000000000000000021e-03	1.998779404012462624e-01	1.988693438470363617e-01	1.800472829490900040e-01
1.000000000000000021e-03	1.833098476068882876e-01	2.077747154980897903e-01	1.756642106920480728e-01
1.000000000000000021e-03	1.966673960036869340e-01	2.162680309265851974e-01	2.073787059634923935e-01
1.000000000000000021e-03	1.994085001605975516e-01	1.566836293786764145e-01	1.378314038738608360e-01
1.000000000000000021e-03	1.856443721659575830e-01	1.864294502884149551e-01	1.645935792475938797e-01
1.000000000000000021e-03	1.785644367337226868e-01	1.659956853836774826e-01	1.354793282225728035e-01
1.000000000000000021e-03	1.783954234251493021e-01	2.134179677814245224e-01	1.959508769214153290e-01
1.000000000000000021e-03	1.785110591710368233e-01	1.515953596681356430e-01	1.212449129670858383e-01
1.000000000000000021e-03	1.770693982326531635e-01	1.754644047468900681e-01	1.537903826683759689e-01
1.000000000000000021e-03	1.814580849265750584e-01	1.568066673353314400e-01	1.301129860803484917e-01
1.000000000000000021e-03	1.684529482375217435e-01	1.569389645010232925e-01	1.307091554626822472e-01
1.000000000000000021e-03	1.761203961847703781e-01	2.131729535758495331e-01	1.944812387228012085e-01
1.000000000000000021e-03	1.750308635491359122e-01	1.945466417819261551e-01	1.715390142053365707e-01
1.000000000000000021e-03	1.669758328154117288e-01	1.854783706367015839e-01	1.659591067582368851e-01
1.000000000000000021e-03	1.595984001325655710e-01	1.958256475627422333e-01	1.746773179620504379e-01
1.000000000000000021e-03	1.581955458733100006e-01	2.057302948087453842e-01	1.906543895602226257e-01
1.000000000000000021e-03	1.491624916656107969e-01	1.734265005216002464e-01	1.486212778836488724e-01
1.000000000000000021e-03	1.692461842034436448e-01	1.596355251967906952e-01	1.248304303735494614e-01
1.000000000000000021e-03	1.737223917359038139e-01	1.733727157115936279e-01	1.479338221251964569e-01
1.000000000000000021e-03	1.510174934622607601e-01	1.855810135602951050e-01	1.596411187201738358e-01
1.000000000000000021e-03	1.757928452725651958e-01	2.086102832108736038e-01	1.903316918760538101e-01
1.000000000000000021e-03	1.545442919942397186e-01	1.508292295038700104e-01	1.360614579170942307e-01
1.000000000000000021e-03	1.556412810577622041e-01	1.769443899393081665e-01	1.599462665617465973e-01
1.000000000000000021e-03	1.483924419065064948e-01	2.208447102457284927e-01	1.979053895920515060e-01
1.000000000000000021e-03	1.536978013530562182e-01	3.045424371957778931e-01	2.831563316285610199e-01
1.000000000000000021e-03	1.561604410975794277e-01	2.439044155180454254e-01	2.259614095091819763e-01
1.000000000000000021e-03	1.571099064961264391e-01	1.633994728326797485e-01	1.320842169225215912e-01
1.000000000000000021e-03	1.433599560132509665e-01	1.657387670129537582e-01	1.417968394234776497e-01
1.000000000000000021e-03	1.555618072235131488e-01	2.011033780872821808e-01	1.805503014475107193e-01
1.000000000000000021e-03	1.511686098160623104e-01	1.620570570230484009e-01	1.356318853795528412e-01
1.000000000000000021e-03	1.494488259659537688e-01	1.701533067971467972e-01	1.532018594443798065e-01
1.000000000000000021e-03	1.485012561271462361e-01	4.027788639068603516e-01	3.990017212927341461e-01
1.000000000000000021e-03	1.572946626928788116e-01	1.926253866404294968e-01	1.723819058388471603e-01
1.000000000000000021e-03	1.386876468417010677e-01	1.660094689577817917e-01	1.436841823160648346e-01
1.000000000000000021e-03	1.395014472588708143e-01	1.492200000211596489e-01	1.228432431817054749e-01
1.000000000000000021e-03	1.436818373165553164e-01	1.369301751255989075e-01	1.197367217391729355e-01
1.000000000000000021e-03	1.381450760402256894e-01	1.741542629897594452e-01	1.605196688324213028e-01
1.000000000000000021e-03	1.485279219437249110e-01	1.454172031953930855e-01	1.189274163916707039e-01
1.000000000000000021e-03	1.441402173117746210e-01	1.510432306677103043e-01	1.328044142574071884e-01
1.000000000000000021e-03	1.447292545550986076e-01	1.738947220146656036e-01	1.489927265793085098e-01
1.000000000000000021e-03	1.382704745930961321e-01	1.418487355113029480e-01	1.255407575517892838e-01
1.000000000000000021e-03	1.233068132136441453e-01	1.321462607011198997e-01	1.156554697081446648e-01
1.000000000000000021e-03	1.380825919818274572e-01	1.620474066585302353e-01	1.544805523008108139e-01
1.000000000000000021e-03	1.302027775894237516e-01	1.757600344717502594e-01	1.545754745602607727e-01
1.000000000000000021e-03	1.429374092553235276e-01	1.470403317362070084e-01	1.253614611923694611e-01
1.000000000000000021e-03	1.387954963536202069e-01	1.278805239126086235e-01	1.128490250557661057e-01
1.000000000000000021e-03	1.256287096987796781e-01	1.382825085893273354e-01	1.231132140383124352e-01
1.000000000000000021e-03	1.415853859691680317e-01	1.330114826560020447e-01	1.200911588966846466e-01
1.000000000000000021e-03	1.320151899811587703e-01	1.556994058191776276e-01	1.467833165079355240e-01
1.000000000000000021e-03	1.244189311997799946e-01	3.022339195013046265e-01	2.796759195625782013e-01
1.000000000000000021e-03	1.333249609304379690e-01	1.511842133477330208e-01	1.306842332705855370e-01
1.000000000000000021e-03	1.245298694017567265e-01	1.314164288341999054e-01	1.183866392821073532e-01
1.000000000000000021e-03	1.233851102334034555e-01	2.436158955097198486e-01	2.325681857764720917e-01
1.000000000000000021e-03	1.238732353984555168e-01	1.768424455076456070e-01	1.585164666175842285e-01
1.000000000000000021e-03	1.214074265164665073e-01	1.152759119868278503e-01	1.020120736211538315e-01
1.000000000000000021e-03	1.362925257675255408e-01	2.066982835531234741e-01	1.964040677994489670e-01
1.000000000000000021e-03	1.386868373691281242e-01	1.359461322426795959e-01	1.268953466787934303e-01
1.000000000000000021e-03	1.172838497765456567e-01	2.070495821535587311e-01	2.221151944249868393e-01
1.000000000000000021e-03	1.232396928192694002e-01	1.508252192288637161e-01	1.371072111651301384e-01
1.000000000000000021e-03	1.207806661347799598e-01	1.512904949486255646e-01	1.396904382854700089e-01
1.000000000000000021e-03	1.421711843790887386e-01	1.383860083296895027e-01	1.261530797928571701e-01
1.000000000000000021e-03	1.243767442205284263e-01	1.577770486474037170e-01	1.425000187009572983e-01
1.000000000000000021e-03	1.221379370817655269e-01	1.840713880956172943e-01	1.738752592355012894e-01
1.000000000000000021e-03	1.324522466976431334e-01	1.090316884219646454e-01	1.072228346019983292e-01
1.000000000000000021e-03	1.319636460157889435e-01	1.930574681609869003e-01	1.782927066087722778e-01
1.000000000000000021e-03	1.314561732962161722e-01	2.560373879969120026e-01	2.336635142564773560e-01
1.000000000000000021e-03	1.360372366218627338e-01	1.802618391811847687e-01	1.638839170336723328e-01
1.000000000000000021e-03	1.231226558926739323e-01	1.756465546786785126e-01	1.621760912239551544e-01
1.000000000000000021e-03	1.260597745923301705e-01	1.192776989191770554e-01	1.090713329613208771e-01
1.000000000000000021e-03	1.193853824199000435e-01	1.655685603618621826e-01	1.520702820271253586e-01
1.000000000000000021e-03	1.239326867876173605e-01	1.294964738190174103e-01	1.052737822756171227e-01
1.000000000000000021e-03	1.118052922472169142e-01	1.174011956900358200e-01	1.044059786945581436e-01
1.000000000000000021e-03	1.205979917622819753e-01	1.482926160097122192e-01	1.317080184817314148e-01
1.000000000000000021e-03	1.151575417835501158e-01	1.665993016213178635e-01	1.494110580533742905e-01
1.000000000000000021e-03	1.062073978253557649e-01	1.129458788782358170e-01	9.107307344675064087e-02
1.000000000000000021e-03	1.223728747307499809e-01	1.169936992228031158e-01	1.002682875841856003e-01
1.000000000000000021e-03	1.109738904464094011e-01	1.496951226145029068e-01	1.257964158430695534e-01
1.000000000000000021e-03	1.064982449612285470e-01	1.255066506564617157e-01	1.057567959651350975e-01
1.000000000000000021e-03	1.314775453338140054e-01	2.189015764743089676e-01	2.033772356808185577e-01
1.000000000000000021e-03	1.286227427705933790e-01	2.010535616427659988e-01	1.904325876384973526e-01
1.000000000000000021e-03	1.057078690279888156e-01	1.173868607729673386e-01	1.070863595232367516e-01
1.000000000000000021e-03	1.154726534327374238e-01	1.182415755465626717e-01	1.021431712433695793e-01
1.000000000000000021e-03	1.124966539253916958e-01	1.502115326002240181e-01	1.355074038729071617e-01
1.000000000000000021e-03	1.090031549145903805e-01	1.436684671789407730e-01	1.237634131684899330e-01
1.000000000000000021e-03	1.119124907292897153e-01	2.836249656975269318e-01	2.715054042637348175e-01
5.000000000000000104e-04	9.726355229563350691e-02	1.102526355534791946e-01	8.845307026058435440e-02
5.000000000000000104e-04	9.958207366775863323e-02	1.015829686075448990e-01	8.625881094485521317e-02
5.000000000000000104e-04	9.615267827352390329e-02	1.026638722978532314e-01	8.403503056615591049e-02
5.000000000000000104e-04	9.080911489038527573e-02	1.046257913112640381e-01	8.397463895380496979e-02
5.000000000000000104e-04	8.975859377768975744e-02	1.199303260073065758e-01	1.088226595893502235e-01
5.000000000000000104e-04	8.620015494053877292e-02	1.240979824215173721e-01	1.094680447131395340e-01
5.000000000000000104e-04	9.287419787879232225e-02	1.212846962735056877e-01	1.055128118023276329e-01
5.000000000000000104e-04	9.455076355157018830e-02	1.249195756390690804e-01	1.086688851937651634e-01
5.000000000000000104e-04	8.495249750116203036e-02	1.152574913576245308e-01	9.094677772372961044e-02
5.000000000000000104e-04	9.197731268934056237e-02	1.128723435103893280e-01	9.287074673920869827e-02
5.000000000000000104e-04	8.749378448988817669e-02	1.155924499034881592e-01	1.001107469201087952e-01
5.000000000000000104e-04	9.594469866420649029e-02	1.390875773504376411e-01	1.291909040883183479e-01
5.000000000000000104e-04	8.447405497861813772e-02	1.161497049033641815e-01	1.003508204594254494e-01
5.000000000000000104e-04	8.664508941995946456e-02	1.185132330283522606e-01	9.540139790624380112e-02
5.000000000000000104e-04	9.695687484514864396e-02	1.118040438741445541e-01	8.905512467026710510e-02
5.000000000000000104e-04	9.238875709191153585e-02	1.031269766390323639e-01	8.809484075754880905e-02
5.000000000000000104e-04	8.552487883009488034e-02	9.633343107998371124e-02	8.111610449850559235e-02
5.000000000000000104e-04	8.513297913949700868e-02	1.214873809367418289e-01	1.082098297774791718e-01
5.000000000000000104e-04	8.209229600203188371e-02	1.018267655745148659e-01	8.222189825028181076e-02
5.000000000000000104e-04	8.729198197775249468e-02	1.017857827246189117e-01	8.601719606667757034e-02
5.000000000000000104e-04	8.784977002423020875e-02	1.023166896775364876e-01	8.573902025818824768e-02
5.000000000000000104e-04	8.127715650804434588e-02	1.349850203841924667e-01	1.204059878364205360e-01
5.000000000000000104e-04	8.616192605865152787e-02	1.337001686915755272e-01	1.180323874577879906e-01
5.000000000000000104e-04	7.404157486331613969e-02	1.071607721969485283e-01	9.260070696473121643e-02
5.000000000000000104e-04	8.064337838676911840e-02	1.124809654429554939e-01	9.379018191248178482e-02
5.000000000000000104e-04	7.858814393417744293e-02	9.677848778665065765e-02	7.985661830753087997e-02
5.000000000000000104e-04	8.479295378621620749e-02	1.126937009394168854e-01	8.858269080519676208e-02
5.000000000000000104e-04	7.864698739368704283e-02	1.500594057142734528e-01	1.311568822711706161e-01
5.000000000000000104e-04	8.276310195273990644e-02	1.410974478349089622e-01	1.174303730949759483e-01
5.000000000000000104e-04	8.060921266486373304e-02	1.075824759900569916e-01	8.866333030164241791e-02
5.000000000000000104e-04	7.952891724019110764e-02	1.020579123869538307e-01	8.538432978093624115e-02
5.000000000000000104e-04	7.342625112284588418e-02	1.061139674857258797e-01	8.567135594785213470e-02
5.000000000000000104e-04	7.979965719241130517e-02	1.231164745986461639e-01	1.047576358541846275e-01
5.000000000000000104e-04	8.368582801916930880e-02	1.437474628910422325e-01	1.301012113690376282e-01
5.000000000000000104e-04	7.624964967747277500e-02	1.643153168261051178e-01	1.502658464014530182e-01
5.000000000000000104e-04	7.963396302318270781e-02	1.048175198957324028e-01	8.612031862139701843e-02
5.000000000000000104e-04	8.009829277856440888e-02	1.090220222249627113e-01	9.285201225429773331e-02
5.000000000000000104e-04	7.235164162290247392e-02	1.124020479619503021e-01	9.430373087525367737e-02
2.500000000000000052e-04	7.623069756959058307e-02	9.138257149606943130e-02	7.679963670670986176e-02
2.500000000000000052e-04	6.136677699470067388e-02	8.920060098171234131e-02	7.391756679862737656e-02
2.500000000000000052e-04	6.703147287421588885e-02	9.036519844084978104e-02	7.458499725908041000e-02
2.500000000000000052e-04	6.964385844295538364e-02	8.887238427996635437e-02	7.407934870570898056e-02
2.500000000000000052e-04	6.663806500691402124e-02	1.099493689835071564e-01	9.494171570986509323e-02
2.500000000000000052e-04	6.668036728154254356e-02	1.145551828667521477e-01	9.516083914786577225e-02
2.500000000000000052e-04	6.667045032299018237e-02	9.900021180510520935e-02	8.064053393900394440e-02
2.500000000000000052e-04	6.250968099206308248e-02	1.003688089549541473e-01	8.196420129388570786e-02
2.500000000000000052e-04	6.454289633827874073e-02	1.031718878075480461e-01	8.513889275491237640e-02
2.500000000000000052e-04	6.513614405559588205e-02	9.594173636287450790e-02	7.849377579987049103e-02
2.500000000000000052e-04	5.994457143205630945e-02	1.140692923218011856e-01	9.307528752833604813e-02
2.500000000000000052e-04	6.332036576976504683e-02	9.893599618226289749e-02	8.126105554401874542e-02
2.500000000000000052e-04	6.446784112272382905e-02	9.368995064869523048e-02	7.320616021752357483e-02
2.500000000000000052e-04	6.534058944899824584e-02	9.723817463964223862e-02	7.790584163740277290e-02
2.500000000000000052e-04	6.164095692242248237e-02	9.547670371830463409e-02	7.840455789119005203e-02
2.500000000000000052e-04	6.484898457987399445e-02	1.107148015871644020e-01	8.907826710492372513e-02
2.500000000000000052e-04	5.812076514563228186e-02	8.981184847652912140e-02	7.291154470294713974e-02
2.500000000000000052e-04	6.434145251501209584e-02	1.008886210620403290e-01	7.959724776446819305e-02
2.500000000000000052e-04	5.461657665009739954e-02	9.120247699320316315e-02	7.568665361031889915e-02
2.500000000000000052e-04	5.899358363939991717e-02	9.352242480963468552e-02	7.360113877803087234e-02
2.500000000000000052e-04	5.423945768535891332e-02	1.012202724814414978e-01	8.441831450909376144e-02
2.500000000000000052e-04	6.039043879018553967e-02	1.005018809810280800e-01	8.306479081511497498e-02
2.500000000000000052e-04	5.767444662655456245e-02	1.077818833291530609e-01	8.308868296444416046e-02
2.500000000000000052e-04	5.613390349228925685e-02	9.149636048823595047e-02	7.196845673024654388e-02
2.500000000000000052e-04	5.935956790005859213e-02	9.244819823652505875e-02	7.239292468875646591e-02
1.250000000000000026e-04	5.131676144709315657e-02	9.144456777721643448e-02	7.632115483283996582e-02
1.250000000000000026e-04	5.368374599308907424e-02	8.996986085548996925e-02	7.199493143707513809e-02
1.250000000000000026e-04	4.706011427259897822e-02	9.834824874997138977e-02	8.214905764907598495e-02
1.250000000000000026e-04	5.066154486959493358e-02	9.423396363854408264e-02	7.592694088816642761e-02
1.250000000000000026e-04	5.075920976792709649e-02	9.190935268998146057e-02	7.273513358086347580e-02
1.250000000000000026e-04	5.471415379190746470e-02	8.917406154796481133e-02	7.246822770684957504e-02
1.250000000000000026e-04	4.936105595265008472e-02	9.715429041534662247e-02	7.719861529767513275e-02
1.250000000000000026e-04	5.034239323739009286e-02	9.000238776206970215e-02	6.975376792252063751e-02
1.250000000000000026e-04	5.013403975510898752e-02	8.706080075353384018e-02	6.876996997743844986e-02
1.250000000000000026e-04	4.996148612397380978e-02	8.766019623726606369e-02	7.019878411665558815e-02
1.250000000000000026e-04	4.590017992201485264e-02	9.194571245461702347e-02	7.473985757678747177e-02
1.250000000000000026e-04	4.785677755275104944e-02	9.003954939544200897e-02	7.128852792084217072e-02
1.250000000000000026e-04	4.976599415929257308e-02	8.999945223331451416e-02	6.982130976393818855e-02
1.250000000000000026e-04	5.035365184273900979e-02	9.711835067719221115e-02	7.954271882772445679e-02
1.250000000000000026e-04	4.484882759802703844e-02	8.668160671368241310e-02	6.912281271070241928e-02
1.250000000000000026e-04	4.762846578054035634e-02	9.007108211517333984e-02	7.293159235268831253e-02
1.250000000000000026e-04	4.942639867621886895e-02	8.955438062548637390e-02	7.323135901242494583e-02
1.250000000000000026e-04	4.608609213764908868e-02	9.329823870211839676e-02	7.548284903168678284e-02
1.250000000000000026e-04	4.539769065059438835e-02	8.880260121077299118e-02	7.025254797190427780e-02
1.250000000000000026e-04	4.932851693298243023e-02	9.262172598391771317e-02	7.201025448739528656e-02
1.250000000000000026e-04	4.868943878461288316e-02	9.516088664531707764e-02	7.847600057721138000e-02
1.250000000000000026e-04	4.880054778407646315e-02	9.200344979763031006e-02	7.074860343709588051e-02
1.250000000000000026e-04	4.618058212195770562e-02	9.992214851081371307e-02	8.068878855556249619e-02
1.250000000000000026e-04	4.767920722878431911e-02	9.143715444952249527e-02	7.300930004566907883e-02
1.250000000000000026e-04	4.575678861782520729e-02	8.880746830254793167e-02	7.078171893954277039e-02
1.250000000000000026e-04	4.666888782212251507e-02	9.095312561839818954e-02	7.235412718728184700e-02
1.250000000000000026e-04	4.928197185921517898e-02	9.198719076812267303e-02	7.137758238241076469e-02
1.250000000000000026e-04	4.895114526152610779e-02	9.496778063476085663e-02	7.604249194264411926e-02
1.250000000000000026e-04	4.898195791565164436e-02	9.533166140317916870e-02	7.747771777212619781e-02
1.250000000000000026e-04	4.697307812262185162e-02	8.629361120983958244e-02	6.893228180706501007e-02
1.250000000000000026e-04	4.408961897598037000e-02	9.052515774965286255e-02	7.064248947426676750e-02
1.250000000000000026e-04	4.409211298710183358e-02	8.946639019995927811e-02	6.956791970878839493e-02
1.250000000000000026e-04	4.766962144382392436e-02	9.135208372026681900e-02	7.426730403676629066e-02
1.250000000000000026e-04	4.422566594107996130e-02	9.179698396474123001e-02	7.161425519734621048e-02
1.250000000000000026e-04	4.871666101337988192e-02	9.680545888841152191e-02	8.005428500473499298e-02
1.250000000000000026e-04	4.055287846941736662e-02	9.183693863451480865e-02	7.280583214014768600e-02
1.250000000000000026e-04	4.348784857252730590e-02	8.583130827173590660e-02	6.899235164746642113e-02
1.250000000000000026e-04	4.490958585675004083e-02	9.013499412685632706e-02	7.071060640737414360e-02
1.250000000000000026e-04	4.669013609991797681e-02	9.125649835914373398e-02	7.191533455625176430e-02
1.250000000000000026e-04	4.183627148689348513e-02	8.818070869892835617e-02	6.749593839049339294e-02
1.250000000000000026e-04	4.427737716726864309e-02	8.802549634128808975e-02	6.923838611692190170e-02
1.250000000000000026e-04	4.697635015354880567e-02	8.905181754380464554e-02	7.085155136883258820e-02
1.250000000000000026e-04	4.467945409160625769e-02	9.052179614081978798e-02	7.345313671976327896e-02
1.250000000000000026e-04	4.540727457290963387e-02	8.557608164846897125e-02	6.845983024686574936e-02
1.250000000000000026e-04	4.663824608337275440e-02	9.075275529175996780e-02	7.295957114547491074e-02
1.250000000000000026e-04	4.590614618662791635e-02	1.028837142512202263e-01	8.439561631530523300e-02
1.250000000000000026e-04	4.854702164383628560e-02	9.143079025670886040e-02	7.440014602616429329e-02
1.250000000000000026e-04	4.751582950636555613e-02	8.672196045517921448e-02	6.762467930093407631e-02
1.250000000000000026e-04	4.426075911880293645e-02	8.689904306083917618e-02	6.915524788200855255e-02
1.250000000000000026e-04	4.257786481440821447e-02	8.886416349560022354e-02	6.948855239897966385e-02
1.250000000000000026e-04	4.169311100923562413e-02	9.262210410088300705e-02	7.207556534558534622e-02
1.250000000000000026e-04	4.239349941947037625e-02	1.057666204869747162e-01	8.366069383919239044e-02
1.250000000000000026e-04	4.698194487939907210e-02	1.002443209290504456e-01	8.242803998291492462e-02
1.250000000000000026e-04	4.609918238335772300e-02	8.860514219850301743e-02	6.991637405008077621e-02
1.250000000000000026e-04	4.322750750881961673e-02	9.007539320737123489e-02	6.988254468888044357e-02
1.250000000000000026e-04	4.257596628386763060e-02	8.780677616596221924e-02	6.923224031925201416e-02
1.250000000000000026e-04	4.283425294428686719e-02	9.192352090030908585e-02	7.357724057510495186e-02
1.250000000000000026e-04	4.667234057678452258e-02	9.124876186251640320e-02	6.926610507071018219e-02
1.250000000000000026e-04	4.342987560490264159e-02	1.039024367928504944e-01	8.509796205908060074e-02
1.250000000000000026e-04	4.110503286311897875e-02	8.892084751278162003e-02	6.985178217291831970e-02
1.250000000000000026e-04	4.240662180170227946e-02	8.652841672301292419e-02	6.851711729541420937e-02
1.250000000000000026e-04	4.372689783384528517e-02	9.390454366803169250e-02	7.503126282244920731e-02
1.250000000000000026e-04	4.594150852836385857e-02	8.652042131870985031e-02	6.832567928358912468e-02
1.250000000000000026e-04	4.237470841860469656e-02	9.836066700518131256e-02	8.090216293931007385e-02
1.250000000000000026e-04	4.193837867601762914e-02	9.212229028344154358e-02	7.256090780720114708e-02
6.250000000000000130e-05	4.162132770671874565e-02	8.643044484779238701e-02	6.947419047355651855e-02
6.250000000000000130e-05	4.054939699701116257e-02	8.716948330402374268e-02	6.944859260693192482e-02
6.250000000000000130e-05	3.692826685271685672e-02	9.125108970329165459e-02	6.840784708037972450e-02
6.250000000000000130e-05	4.060879745815373920e-02	8.724974188953638077e-02	6.806155620142817497e-02
6.250000000000000130e-05	3.896056528238556194e-02	9.186921082437038422e-02	7.028394797816872597e-02
6.250000000000000130e-05	3.818787318430369448e-02	8.785622613504528999e-02	6.892751716077327728e-02
6.250000000000000130e-05	3.926728019797349339e-02	8.575392700731754303e-02	6.727047543972730637e-02
6.250000000000000130e-05	3.710581102891813421e-02	8.841884369030594826e-02	7.031769212335348129e-02
6.250000000000000130e-05	3.940231103119971184e-02	9.741894248872995377e-02	7.967142667621374130e-02
6.250000000000000130e-05	3.868927219528940642e-02	8.903241064399480820e-02	7.060551363974809647e-02
6.250000000000000130e-05	6.679196620383594241e-02	9.117370005697011948e-02	7.333601405844092369e-02
6.250000000000000130e-05	4.138612268563313101e-02	8.831321634352207184e-02	6.932790298014879227e-02
6.250000000000000130e-05	3.942204507279999798e-02	8.633521106094121933e-02	6.888940697535872459e-02
6.250000000000000130e-05	3.903897931870026206e-02	8.553366642445325851e-02	6.693778000771999359e-02
6.250000000000000130e-05	3.823251788846299820e-02	9.406221471726894379e-02	7.714677369222044945e-02
6.250000000000000130e-05	3.723058311999598302e-02	8.801802154630422592e-02	6.871052319183945656e-02
6.250000000000000130e-05	3.734159976526905955e-02	8.702991623431444168e-02	6.832750607281923294e-02
6.250000000000000130e-05	3.712371838149390590e-02	8.811438269913196564e-02	6.808572355657815933e-02
6.250000000000000130e-05	3.853687537904781912e-02	9.006611863151192665e-02	7.159330043941736221e-02
6.250000000000000130e-05	3.695763432998445952e-02	8.750162785872817039e-02	6.747727980837225914e-02
6.250000000000000130e-05	4.052439598437351798e-02	9.918222296983003616e-02	8.390659559518098831e-02
6.250000000000000130e-05	3.620299057964282419e-02	8.799934480339288712e-02	6.874594883993268013e-02
6.250000000000000130e-05	3.748611183954945331e-02	8.890319336205720901e-02	6.723530823364853859e-02
6.250000000000000130e-05	3.830187048621570139e-02	9.222962334752082825e-02	7.475967332720756531e-02
6.250000000000000130e-05	3.767700556995747657e-02	8.947413507848978043e-02	6.859347317367792130e-02
6.250000000000000130e-05	3.582781456599506975e-02	9.028951730579137802e-02	7.092738058418035507e-02
6.250000000000000130e-05	3.711411266151485450e-02	8.550640102475881577e-02	6.692758342251181602e-02
6.250000000000000130e-05	4.105591821142389602e-02	8.862091554328799248e-02	6.875478243455290794e-02
6.250000000000000130e-05	4.287524988191037528e-02	9.734552539885044098e-02	7.899793051183223724e-02
6.250000000000000130e-05	4.005005592598191028e-02	1.003649905323982239e-01	8.196067344397306442e-02
6.250000000000000130e-05	3.835223612811746591e-02	8.765406906604766846e-02	6.829858152195811272e-02
6.250000000000000130e-05	3.839767328168772198e-02	8.850990422070026398e-02	7.038412708789110184e-02
6.250000000000000130e-05	3.956005467644220508e-02	8.739084471017122269e-02	7.049111509695649147e-02
6.250000000000000130e-05	6.542958736513988793e-02	8.885836228728294373e-02	7.123316498473286629e-02
6.250000000000000130e-05	3.700389906386785527e-02	8.563446952030062675e-02	6.672018952667713165e-02
6.250000000000000130e-05	3.684826008975505829e-02	8.647095598280429840e-02	6.734538637101650238e-02
6.250000000000000130e-05	4.041071021575716460e-02	9.277587849646806717e-02	7.539151608943939209e-02
6.250000000000000130e-05	3.802344424626494940e-02	8.933317614719271660e-02	7.167538395151495934e-02
6.250000000000000130e-05	3.858170349480984779e-02	9.178801625967025757e-02	7.391634397208690643e-02
6.250000000000000130e-05	3.598307306536390610e-02	9.004181902855634689e-02	7.349364273250102997e-02
6.250000000000000130e-05	3.668247205735761934e-02	9.460242651402950287e-02	7.626333646476268768e-02
6.250000000000000130e-05	3.809607389701318014e-02	8.531690109521150589e-02	6.841057445853948593e-02
6.250000000000000130e-05	3.869754349506353969e-02	8.654957078397274017e-02	6.714816670864820480e-02
6.250000000000000130e-05	3.545454557089111614e-02	8.667137753218412399e-02	6.870038062334060669e-02
6.250000000000000130e-05	3.616239139928093677e-02	8.544405829161405563e-02	6.796790612861514091e-02
6.250000000000000130e-05	3.710598215649399401e-02	9.018735494464635849e-02	7.155372668057680130e-02
6.250000000000000130e-05	4.199487857426269233e-02	9.643114358186721802e-02	8.033199515193700790e-02
6.250000000000000130e-05	3.628349122650260938e-02	8.464822871610522270e-02	6.746478751301765442e-02
6.250000000000000130e-05	3.817660844873024123e-02	8.732041530311107635e-02	6.950011290609836578e-02
6.250000000000000130e-05	3.598854752092421616e-02	8.454138366505503654e-02	6.785246403887867928e-02
6.250000000000000130e-05	3.971754665238947518e-02	8.989215642213821411e-02	7.180485501885414124e-02
6.250000000000000130e-05	3.637537357833566659e-02	8.936656545847654343e-02	7.144926488399505615e-02
6.250000000000000130e-05	3.685647027590607111e-02	8.361019007861614227e-02	6.641646055504679680e-02
6.250000000000000130e-05	3.530028113458730243e-02	9.090054314583539963e-02	7.552376575767993927e-02
6.250000000000000130e-05	3.368208590376225997e-02	8.863321319222450256e-02	6.865034578368067741e-02
6.250000000000000130e-05	3.434126453969297416e-02	8.724786154925823212e-02	6.799037894234061241e-02
6.250000000000000130e-05	3.604859186784376002e-02	8.720324188470840454e-02	6.686730310320854187e-02
6.250000000000000130e-05	3.630834051608285151e-02	8.772388566285371780e-02	6.864838441833853722e-02
6.250000000000000130e-05	4.365030034810681719e-02	1.027807267382740974e-01	8.582629263401031494e-02
6.250000000000000130e-05	3.480541802754130720e-02	8.595984196290373802e-02	6.753887934610247612e-02
6.250000000000000130e-05	3.762052828280985917e-02	9.075555810704827309e-02	6.868528062477707863e-02
6.250000000000000130e-05	3.563115570128341097e-02	8.987447805702686310e-02	7.050372008234262466e-02
6.250000000000000130e-05	3.731110623648649371e-02	9.676833543926477432e-02	7.994201220571994781e-02
6.250000000000000130e-05	3.467121939587441970e-02	8.408564515411853790e-02	6.695625931024551392e-02
6.250000000000000130e-05	3.601097862554501761e-02	8.839620091021060944e-02	7.013310492038726807e-02
6.250000000000000130e-05	3.501620990094504726e-02	8.920486131682991982e-02	6.926684081554412842e-02
6.250000000000000130e-05	3.445175474014463418e-02	8.509003184735774994e-02	6.712281191721558571e-02
6.250000000000000130e-05	3.482537893460520978e-02	8.674632012844085693e-02	6.675986060872673988e-02
6.250000000000000130e-05	3.829780508634410274e-02	8.866594033315777779e-02	7.123056892305612564e-02
6.250000000000000130e-05	3.577454005002598386e-02	8.978148270398378372e-02	6.871349131688475609e-02
6.250000000000000130e-05	3.704422054505800838e-02	9.353708615526556969e-02	7.160119991749525070e-02
6.250000000000000130e-05	3.497298071278801684e-02	8.549241954460740089e-02	6.716652028262615204e-02
6.250000000000000130e-05	3.818438117262683285e-02	8.968582190573215485e-02	6.971732992678880692e-02
6.250000000000000130e-05	3.780463238871550197e-02	8.427749201655387878e-02	6.588497990742325783e-02
3.125000000000000065e-05	3.272403965267953879e-02	8.555060159415006638e-02	6.688735354691743851e-02
3.125000000000000065e-05	3.218472176054610473e-02	9.151324816048145294e-02	7.056413590908050537e-02
3.125000000000000065e-05	3.503940473723260451e-02	8.922522654756903648e-02	7.046781014651060104e-02
3.125000000000000065e-05	3.307191076205123759e-02	9.170876629650592804e-02	7.512740045785903931e-02
3.125000000000000065e-05	3.366852740320978171e-02	8.870493248105049133e-02	7.091074716299772263e-02
3.125000000000000065e-05	4.267778379630438740e-02	1.028191968798637390e-01	8.896070159971714020e-02
3.125000000000000065e-05	3.560947077466717486e-02	8.661489840596914291e-02	6.959911435842514038e-02
3.125000000000000065e-05	3.246856072941158716e-02	8.783689048141241074e-02	7.080380525439977646e-02
3.125000000000000065e-05	3.271565977719765456e-02	8.426233520731329918e-02	6.797697907313704491e-02
3.125000000000000065e-05	3.295458157700073554e-02	8.490876853466033936e-02	6.817044969648122787e-02
3.125000000000000065e-05	3.194684475141612578e-02	8.710786513984203339e-02	6.921043246984481812e-02
3.125000000000000065e-05	3.231272886542579936e-02	9.126604115590453148e-02	6.881630932912230492e-02
3.125000000000000065e-05	3.669671671865861601e-02	9.009737102314829826e-02	7.140124496072530746e-02
3.125000000000000065e-05	3.183010352563254292e-02	9.134771628305315971e-02	7.031672121956944466e-02
3.125000000000000065e-05	3.340568558513364039e-02	8.530571404844522476e-02	6.733126705512404442e-02
3.125000000000000065e-05	3.279439838532405282e-02	8.389460481703281403e-02	6.654700264334678650e-02
3.125000000000000065e-05	3.453497473103336185e-02	8.632846362888813019e-02	6.773477466776967049e-02
3.125000000000000065e-05	3.285913204750682409e-02	8.476420538499951363e-02	6.661949586123228073e-02
3.125000000000000065e-05	3.345181940335639065e-02	8.645399520173668861e-02	6.854962557554244995e-02
3.125000000000000065e-05	3.170749071183838474e-02	8.559341449290513992e-02	6.667478755116462708e-02
3.125000000000000065e-05	3.243692819312025966e-02	8.631207607686519623e-02	6.804985692724585533e-02
1.562500000000000033e-05	3.122389587703384983e-02	8.571640308946371078e-02	6.645912351086735725e-02
1.562500000000000033e-05	3.280438685530348564e-02	8.629523403942584991e-02	6.732706120237708092e-02
1.562500000000000033e-05	3.045349228608457484e-02	8.880852349102497101e-02	6.639235885813832283e-02
1.562500000000000033e-05	3.224856441816951330e-02	8.509791316464543343e-02	6.772632477805018425e-02
1.562500000000000033e-05	3.172532593996464645e-02	8.481466677039861679e-02	6.613069074228405952e-02
1.562500000000000033e-05	3.401378749669352330e-02	8.842119341716170311e-02	7.127055386081337929e-02
1.562500000000000033e-05	3.297281716773404342e-02	8.601392153650522232e-02	6.740340404212474823e-02
1.562500000000000033e-05	3.104148767416990348e-02	8.451232640072703362e-02	6.598987476900219917e-02
1.562500000000000033e-05	3.159526647127504362e-02	9.175284486263990402e-02	7.045449689030647278e-02
1.562500000000000033e-05	3.290234180756761856e-02	8.718086406588554382e-02	6.912460923194885254e-02
1.562500000000000033e-05	3.186616894517895621e-02	8.681273553520441055e-02	6.874323450028896332e-02
1.562500000000000033e-05	3.163425032568129014e-02	8.742289757356047630e-02	7.017116900533437729e-02
1.562500000000000033e-05	3.040401753085323483e-02	8.438178617507219315e-02	6.675874767825007439e-02
1.562500000000000033e-05	3.418553516834597211e-02	8.887784648686647415e-02	7.225608592852950096e-02
1.562500000000000033e-05	3.105194725190536797e-02	8.607601933181285858e-02	6.776088429614901543e-02
1.562500000000000033e-05	3.246352686016242689e-02	8.647444378584623337e-02	6.817160220816731453e-02
1.562500000000000033e-05	3.068494391214998326e-02	8.507438469678163528e-02	6.705646403133869171e-02
1.562500000000000033e-05	3.039990617787536112e-02	8.499033562839031219e-02	6.674550892785191536e-02
1.562500000000000033e-05	3.278391410985702359e-02	8.546758908778429031e-02	6.772146373987197876e-02
1.562500000000000033e-05	3.202844129380168908e-02	8.462132420390844345e-02	6.619363976642489433e-02
1.562500000000000033e-05	3.222396310796089153e-02	8.359797857701778412e-02	6.675015157088637352e-02
1.562500000000000033e-05	3.059707202394551864e-02	8.552050311118364334e-02	6.719934055581688881e-02
1.562500000000000033e-05	3.256236693432813800e-02	8.631814643740653992e-02	6.765299709513783455e-02
1.562500000000000033e-05	3.319800821946391339e-02	8.507415279746055603e-02	6.682424386963248253e-02
1.562500000000000033e-05	3.108228187819447527e-02	8.726358972489833832e-02	6.943470053374767303e-02
1.562500000000000033e-05	3.154078743691685754e-02	8.923951722681522369e-02	6.819103658199310303e-02
1.562500000000000033e-05	3.105636591775507924e-02	8.614427503198385239e-02	6.854170234873890877e-02
1.562500000000000033e-05	3.188343346118927002e-02	8.409310178831219673e-02	6.629524147137999535e-02
1.562500000000000033e-05	3.022750061524065099e-02	9.012719010934233665e-02	6.877774186432361603e-02
1.562500000000000033e-05	3.377480018601010381e-02	8.431800222024321556e-02	6.685337144881486893e-02
1.562500000000000033e-05	3.241460615934073364e-02	8.895337348803877831e-02	6.727555627003312111e-02
1.562500000000000033e-05	3.170705876678605456e-02	8.788494765758514404e-02	6.586814951151609421e-02
1.562500000000000033e-05	3.242053423972823811e-02	8.500151429325342178e-02	6.733069103211164474e-02
1.562500000000000033e-05	3.315627459389499515e-02	9.206194989383220673e-02	7.580202631652355194e-02
1.562500000000000033e-05	3.074654494706965599e-02	8.466216083616018295e-02	6.728617101907730103e-02
1.562500000000000033e-05	3.406343932110297845e-02	9.057995956391096115e-02	7.409043982625007629e-02
1.562500000000000033e-05	3.091714518215460047e-02	8.813383523374795914e-02	6.630524154752492905e-02
1.562500000000000033e-05	3.247434845123486902e-02	8.584545785561203957e-02	6.802949681878089905e-02
1.562500000000000033e-05	3.064664723233708962e-02	8.916121302172541618e-02	6.826628465205430984e-02
1.562500000000000033e-05	3.251642408438875503e-02	8.774503646418452263e-02	6.750158406794071198e-02
1.562500000000000033e-05	3.157301796482333417e-02	8.701967261731624603e-02	6.956358393654227257e-02
1.562500000000000033e-05	3.207860844610612577e-02	9.121439652517437935e-02	7.375717349350452423e-02
7.812500000000000163e-06	3.178352886174298786e-02	8.635646989569067955e-02	6.915971823036670685e-02
7.812500000000000163e-06	3.075670533448080640e-02	8.677595341578125954e-02	6.977675529196858406e-02
7.812500000000000163e-06	3.363160776045126532e-02	8.763179741799831390e-02	7.137388503178954124e-02
7.812500000000000163e-06	3.176045121884421563e-02	8.863838203251361847e-02	6.734919454902410507e-02
7.812500000000000163e-06	3.086277408690392063e-02	8.745948225259780884e-02	6.989087024703621864e-02
7.812500000000000163e-06	2.971081652596026940e-02	8.724106103181838989e-02	6.924025528132915497e-02
7.812500000000000163e-06	3.198595315548060508e-02	8.530075754970312119e-02	6.741206627339124680e-02
7.812500000000000163e-06	3.103025722069830891e-02	8.478010352700948715e-02	6.746086478233337402e-02
7.812500000000000163e-06	3.184719826978973239e-02	8.823197986930608749e-02	7.231130683794617653e-02
7.812500000000000163e-06	3.110450543934785775e-02	8.505178708583116531e-02	6.796734780073165894e-02
7.812500000000000163e-06	3.243858573510299825e-02	8.547114348039031029e-02	6.711108377203345299e-02
7.812500000000000163e-06	3.123392185927191880e-02	8.484554663300514221e-02	6.601307773962616920e-02
7.812500000000000163e-06	3.012019051592561281e-02	8.474561292678117752e-02	6.634502112865447998e-02
7.812500000000000163e-06	3.116577764666533107e-02	8.446287410333752632e-02	6.651626247912645340e-02
7.812500000000000163e-06	3.118572961774808069e-02	8.405219996348023415e-02	6.608865736052393913e-02
7.812500000000000163e-06	3.105392713759896200e-02	8.662752620875835419e-02	6.837653135880827904e-02
7.812500000000000163e-06	3.238393069256709916e-02	8.664816617965698242e-02	6.880029290914535522e-02
7.812500000000000163e-06	3.003531328956537613e-02	8.450189232826232910e-02	6.728653563186526299e-02
7.812500000000000163e-06	3.162424408983957602e-02	8.515007700771093369e-02	6.656038016080856323e-02
7.812500000000000163e-06	3.132814662884685075e-02	8.739051222801208496e-02	6.915558734908699989e-02
7.812500000000000163e-06	3.106923711403638405e-02	8.455461636185646057e-02	6.689269840717315674e-02
