1.000000000000000021e-03	7.369325179842454165e-01	7.220363244414329529e-01	7.323111742734909058e-01
1.000000000000000021e-03	4.287041984026945252e-01	4.793719947338104248e-01	4.808382391929626465e-01
1.000000000000000021e-03	3.700468708065491885e-01	4.534220583736896515e-01	4.148215875029563904e-01
1.000000000000000021e-03	3.484546057408369202e-01	3.306143172085285187e-01	3.057151436805725098e-01
1.000000000000000021e-03	3.231354814164246192e-01	3.212470375001430511e-01	2.987953051924705505e-01
1.000000000000000021e-03	3.105204144987878667e-01	3.022994920611381531e-01	2.589371148496866226e-01
1.000000000000000021e-03	2.800832294587847771e-01	2.933495659381151199e-01	2.642508968710899353e-01
1.000000000000000021e-03	2.724612434453602128e-01	3.013653140515089035e-01	2.788429930806159973e-01
1.000000000000000021e-03	2.706847718999355612e-01	2.410777751356363297e-01	2.124354299157857895e-01
1.000000000000000021e-03	2.591174044941045307e-01	3.064478095620870590e-01	2.728636153042316437e-01
1.000000000000000021e-03	2.485500470369677029e-01	3.505885936319828033e-01	3.177297711372375488e-01
1.000000000000000021e-03	2.462419667575932725e-01	2.492997813969850540e-01	2.161740213632583618e-01
1.000000000000000021e-03	2.539965227434906603e-01	2.102638930082321167e-01	1.804003044962882996e-01
1.000000000000000021e-03	2.273955594135236014e-01	2.082834802567958832e-01	1.704732961952686310e-01
1.000000000000000021e-03	2.393093418471420875e-01	2.286139503121376038e-01	1.988398246467113495e-01
1.000000000000000021e-03	2.311387228060372279e-01	2.920874059200286865e-01	2.719848323613405228e-01
1.000000000000000021e-03	2.373534797490397530e-01	2.973284535109996796e-01	2.667927835136651993e-01
1.000000000000000021e-03	2.229064088078993866e-01	3.318665102124214172e-01	3.048128820955753326e-01
1.000000000000000021e-03	2.280255135478852779e-01	3.192886710166931152e-01	2.872157562524080276e-01
1.000000000000000021e-03	2.246035261999202726e-01	2.644423935562372208e-01	2.375317122787237167e-01
1.000000000000000021e-03	2.330173571841626101e-01	2.165742907673120499e-01	2.010230217128992081e-01
1.000000000000000021e-03	2.035262945897971520e-01	2.188125792890787125e-01	1.950197201222181320e-01
1.000000000000000021e-03	2.116090066825287164e-01	1.974071264266967773e-01	1.778228785842657089e-01
1.000000000000000021e-03	2.330745986745327292e-01	2.619602698832750320e-01	2.463864274322986603e-01
1.000000000000000021e-03	2.183359117258953097e-01	2.923901192843914032e-01	2.765755653381347656e-01
1.000000000000000021e-03	1.956663552341581791e-01	2.959078997373580933e-01	2.712539304047822952e-01
1.000000000000000021e-03	2.047409470888632843e-01	2.272036820650100708e-01	1.937755681574344635e-01
1.000000000000000021e-03	1.969884954675843458e-01	1.892712246626615524e-01	1.645035948604345322e-01
1.000000000000000021e-03	2.034800964631611753e-01	1.841294784098863602e-01	1.549620721489191055e-01
1.000000000000000021e-03	1.991474163494532656e-01	2.061575967818498611e-01	1.656843330711126328e-01
1.000000000000000021e-03	1.918193963886816178e-01	1.808986347168684006e-01	1.631348244845867157e-01
1.000000000000000021e-03	1.714579428109941628e-01	2.027924060821533203e-01	1.778563335537910461e-01
1.000000000000000021e-03	1.727908155586146133e-01	1.776155531406402588e-01	1.477340310811996460e-01
1.000000000000000021e-03	1.673089379939851906e-01	1.896330248564481735e-01	1.607535835355520248e-01
1.000000000000000021e-03	1.601039293823362797e-01	2.076082155108451843e-01	1.769342627376317978e-01
1.000000000000000021e-03	1.720413794811767871e-01	1.543378634378314018e-01	1.379516767337918282e-01
1.000000000000000021e-03	1.684967192667949087e-01	1.714850049465894699e-01	1.573898363858461380e-01
1.000000000000000021e-03	1.763997501398943679e-01	2.785387746989727020e-01	2.573124151676893234e-01
1.000000000000000021e-03	1.743776004148434866e-01	1.565139135345816612e-01	1.273958617821335793e-01
1.000000000000000021e-03	1.709562192046189533e-01	1.903980541974306107e-01	1.645860578864812851e-01
1.000000000000000021e-03	1.830495313941677971e-01	1.479872260242700577e-01	1.158261736854910851e-01
1.000000000000000021e-03	1.647783418810820355e-01	1.539113307371735573e-01	1.265470841899514198e-01
1.000000000000000021e-03	1.675310750739483767e-01	1.884497292339801788e-01	1.630292013287544250e-01
1.000000000000000021e-03	1.570537763683101662e-01	1.617679446935653687e-01	1.374310851097106934e-01
1.000000000000000021e-03	1.571302195138569169e-01	2.101645637303590775e-01	1.940777879208326340e-01
1.000000000000000021e-03	1.548630172693276630e-01	1.532406322658061981e-01	1.285381186753511429e-01
1.000000000000000021e-03	1.612887419288671353e-01	1.664164764806628227e-01	1.334054227918386459e-01
1.000000000000000021e-03	1.776630011729047331e-01	1.641407255083322525e-01	1.388777364045381546e-01
1.000000000000000021e-03	1.628509353421911388e-01	1.798058189451694489e-01	1.555051412433385849e-01
1.000000000000000021e-03	1.580182716627664130e-01	1.773853106424212456e-01	1.510731000453233719e-01
1.000000000000000021e-03	1.505257421279255214e-01	2.028502468019723892e-01	1.861836407333612442e-01
1.000000000000000021e-03	1.482240813253801193e-01	1.715597184374928474e-01	1.535775233060121536e-01
1.000000000000000021e-03	1.549200541988203783e-01	1.903334874659776688e-01	1.621500644832849503e-01
1.000000000000000021e-03	1.656033858845505635e-01	1.751974802464246750e-01	1.505505107343196869e-01
1.000000000000000021e-03	1.566840825201589738e-01	1.699266582727432251e-01	1.379443937912583351e-01
1.000000000000000021e-03	1.664407638997971173e-01	1.487527908757328987e-01	1.293354323133826256e-01
1.000000000000000021e-03	1.538176963789553708e-01	1.568369287997484207e-01	1.259176842868328094e-01
1.000000000000000021e-03	1.559116866769670040e-01	1.663407804444432259e-01	1.421055803075432777e-01
1.000000000000000021e-03	1.612171932489057102e-01	2.037334665656089783e-01	1.898754928261041641e-01
1.000000000000000021e-03	1.486887998784644782e-01	1.442780327051877975e-01	1.141583090648055077e-01
1.000000000000000021e-03	1.453628958780554259e-01	1.581954807043075562e-01	1.314876349642872810e-01
1.000000000000000021e-03	1.491521190427526622e-01	1.454934822395443916e-01	1.179503370076417923e-01
1.000000000000000021e-03	1.586467290792284157e-01	1.869027838110923767e-01	1.707701515406370163e-01
1.000000000000000021e-03	1.599413211209864683e-01	1.909058019518852234e-01	1.643752278760075569e-01
1.000000000000000021e-03	1.394448724539974205e-01	1.947547942399978638e-01	1.670683994889259338e-01
1.000000000000000021e-03	1.422669983740094402e-01	1.779707018285989761e-01	1.541105229407548904e-01
1.000000000000000021e-03	1.463836191952982979e-01	1.484064282849431038e-01	1.166502954438328743e-01
1.000000000000000021e-03	1.413104098431671729e-01	1.410727724432945251e-01	1.129568777978420258e-01
1.000000000000000021e-03	1.386150491388538353e-01	2.108228392899036407e-01	1.861747000366449356e-01
1.000000000000000021e-03	1.428739933084837987e-01	1.488402830436825752e-01	1.205334868282079697e-01
1.000000000000000021e-03	1.514220540470714860e-01	1.570025356486439705e-01	1.346762571483850479e-01
1.000000000000000021e-03	1.618653758417201993e-01	1.403178246691823006e-01	1.139015639200806618e-01
1.000000000000000021e-03	1.418313775447350433e-01	1.790122780948877335e-01	1.549492049962282181e-01
1.000000000000000021e-03	1.425648530638670697e-01	1.924778502434492111e-01	1.760844085365533829e-01
1.000000000000000021e-03	1.343161358109003500e-01	2.398066446185112000e-01	2.234074939042329788e-01
1.000000000000000021e-03	1.449397664658630958e-01	1.422762768343091011e-01	1.167178470641374588e-01
1.000000000000000021e-03	1.321678413431855714e-01	1.719661280512809753e-01	1.494125686585903168e-01
1.000000000000000021e-03	1.291803304530397267e-01	1.337194209918379784e-01	1.095573045313358307e-01
1.000000000000000021e-03	1.321506336142745097e-01	1.429552873596549034e-01	1.174183236435055733e-01
1.000000000000000021e-03	1.311990670576880236e-01	1.303884778171777725e-01	1.056301100179553032e-01
1.000000000000000021e-03	1.446974723588062284e-01	1.536482134833931923e-01	1.320151612162590027e-01
1.000000000000000021e-03	1.302895744012881052e-01	1.395660340785980225e-01	1.131996354088187218e-01
1.000000000000000021e-03	1.243284737007527424e-01	1.986491233110427856e-01	1.793386451900005341e-01
1.000000000000000021e-03	1.342601070675668862e-01	1.286671375855803490e-01	9.598119463771581650e-02
1.000000000000000021e-03	1.284917048355446456e-01	1.926090978085994720e-01	1.690562535077333450e-01
1.000000000000000021e-03	1.547001877540274406e-01	1.552036749199032784e-01	1.303120851516723633e-01
1.000000000000000021e-03	1.398300294634662044e-01	1.401123888790607452e-01	1.096389601007103920e-01
1.000000000000000021e-03	1.367412379270867562e-01	2.071968968957662582e-01	1.851490307599306107e-01
1.000000000000000021e-03	1.294168380996849055e-01	3.079420439898967743e-01	2.894357517361640930e-01
1.000000000000000021e-03	1.424276897613006299e-01	1.424351567402482033e-01	1.120043210685253143e-01
1.000000000000000021e-03	1.236788926622535562e-01	1.292774574831128120e-01	1.129791159182786942e-01
1.000000000000000021e-03	1.374974560134018531e-01	1.673601958900690079e-01	1.478649098426103592e-01
1.000000000000000021e-03	1.216815370547620623e-01	1.217183778062462807e-01	1.073739398270845413e-01
1.000000000000000021e-03	1.264139941032928760e-01	1.282740710303187370e-01	1.088448669761419296e-01
1.000000000000000021e-03	1.170833614430850100e-01	1.758824158459901810e-01	1.572209466248750687e-01
1.000000000000000021e-03	1.308752197442175358e-01	1.277956683188676834e-01	9.999896679073572159e-02
1.000000000000000021e-03	1.181093418994281913e-01	1.472231969237327576e-01	1.245998414233326912e-01
1.000000000000000021e-03	1.278428423065173514e-01	1.253282027319073677e-01	1.032912964001297951e-01
1.000000000000000021e-03	1.200854534967036175e-01	1.794616449624300003e-01	1.625296697020530701e-01
1.000000000000000021e-03	1.166903812296782861e-01	1.418102215975522995e-01	1.276562232524156570e-01
1.000000000000000021e-03	1.119941626734371476e-01	2.168892193585634232e-01	1.981875281780958176e-01
1.000000000000000021e-03	1.341367293196388533e-01	1.476482972502708435e-01	1.296820258721709251e-01
1.000000000000000021e-03	1.175029689941225197e-01	1.445630975067615509e-01	1.176909375935792923e-01
1.000000000000000021e-03	1.232203467737270353e-01	1.320491544902324677e-01	1.156844468787312508e-01
1.000000000000000021e-03	1.248468152141269244e-01	1.248754467815160751e-01	1.018461594358086586e-01
1.000000000000000021e-03	1.184941258611558329e-01	1.728185005486011505e-01	1.482839137315750122e-01
1.000000000000000021e-03	1.042085470089429561e-01	1.137479413300752640e-01	9.618886467069387436e-02
1.000000000000000021e-03	1.274505500929264956e-01	1.526802666485309601e-01	1.340114250779151917e-01
1.000000000000000021e-03	1.283069954642766519e-01	1.184818241745233536e-01	1.055437857285141945e-01
1.000000000000000021e-03	1.140816615352147761e-01	1.751960460096597672e-01	1.542201228439807892e-01
1.000000000000000021e-03	1.113062373633626201e-01	1.234072437509894371e-01	1.088701039552688599e-01
1.000000000000000021e-03	1.002924765306937582e-01	1.306600840762257576e-01	1.148057142272591591e-01
1.000000000000000021e-03	1.103836760113510868e-01	1.338822990655899048e-01	1.081200381740927696e-01
1.000000000000000021e-03	1.118941712605802385e-01	1.751619819551706314e-01	1.637141853570938110e-01
1.000000000000000021e-03	1.088637465823300288e-01	1.567023657262325287e-01	1.430218126624822617e-01
1.000000000000000021e-03	1.145107419807699645e-01	1.284245299175381660e-01	1.115520950406789780e-01
1.000000000000000021e-03	1.145612669613542411e-01	1.352036641910672188e-01	1.098508508875966072e-01
1.000000000000000021e-03	1.064716725126852032e-01	1.436399249359965324e-01	1.301964726299047470e-01
1.000000000000000021e-03	1.112315088887757958e-01	1.215536650270223618e-01	1.012482708320021629e-01
1.000000000000000021e-03	9.487805557967740611e-02	1.314283842220902443e-01	1.160475630313158035e-01
1.000000000000000021e-03	1.094021006381209887e-01	1.222971156239509583e-01	9.966607019305229187e-02
1.000000000000000021e-03	1.207924356943444327e-01	1.117866737768054008e-01	1.019405256956815720e-01
1.000000000000000021e-03	1.016511063126823572e-01	1.126604899764060974e-01	9.393921867012977600e-02
1.000000000000000021e-03	1.043450665436213565e-01	1.538041140884160995e-01	1.325721237808465958e-01
1.000000000000000021e-03	1.060614199672318680e-01	1.786820292472839355e-01	1.641331072896718979e-01
1.000000000000000021e-03	1.158030665939367293e-01	1.207274599000811577e-01	1.003614189103245735e-01
1.000000000000000021e-03	1.110220365226268768e-01	1.351608345285058022e-01	1.149798687547445297e-01
1.000000000000000021e-03	1.236257090975966672e-01	1.301835030317306519e-01	1.237621344625949860e-01
1.000000000000000021e-03	1.097212814832035505e-01	1.123905880376696587e-01	1.041001314297318459e-01
1.000000000000000021e-03	1.045815771139120692e-01	3.292432017624378204e-01	3.101975135505199432e-01
1.000000000000000021e-03	1.004393067258068234e-01	1.319303046911954880e-01	1.130351321771740913e-01
1.000000000000000021e-03	9.826445320173154974e-02	1.250480590388178825e-01	1.029978822916746140e-01
1.000000000000000021e-03	9.159314783313605990e-02	1.158623648807406425e-01	1.067766565829515457e-01
1.000000000000000021e-03	9.039326851503758087e-02	1.348718563094735146e-01	1.231556087732315063e-01
1.000000000000000021e-03	9.730389563343193327e-02	1.180961346253752708e-01	1.106247352436184883e-01
1.000000000000000021e-03	1.173589587022986630e-01	1.177206961438059807e-01	9.434662107378244400e-02
1.000000000000000021e-03	1.033830486615247429e-01	1.327454335987567902e-01	1.191927222535014153e-01
1.000000000000000021e-03	9.582584818141369476e-02	1.873100902885198593e-01	1.709275860339403152e-01
1.000000000000000021e-03	9.357635856051987888e-02	1.127875568345189095e-01	9.581083338707685471e-02
1.000000000000000021e-03	9.465122194607046568e-02	1.489814631640911102e-01	1.257438650354743004e-01
1.000000000000000021e-03	9.301233032270322942e-02	1.148535944521427155e-01	9.834648109972476959e-02
1.000000000000000021e-03	9.316429863624935137e-02	1.035245982930064201e-01	8.705581072717905045e-02
1.000000000000000021e-03	1.053161764446693127e-01	1.555394493043422699e-01	1.370123485103249550e-01
1.000000000000000021e-03	1.005541471929489866e-01	1.169222267344594002e-01	9.564448986202478409e-02
1.000000000000000021e-03	9.672633615098422122e-02	1.469298042356967926e-01	1.291126562282443047e-01
1.000000000000000021e-03	9.795597186194190953e-02	1.117666568607091904e-01	9.920365642756223679e-02
1.000000000000000021e-03	9.096997683938545798e-02	1.270404811948537827e-01	1.119181597605347633e-01
1.000000000000000021e-03	9.975052224118498290e-02	1.349970223382115364e-01	1.163760777562856674e-01
1.000000000000000021e-03	9.001052002363567339e-02	1.064414223656058311e-01	9.304205980151891708e-02
1.000000000000000021e-03	9.213642229007769358e-02	1.318930173292756081e-01	1.188711356371641159e-01
1.000000000000000021e-03	9.906348911455914452e-02	1.091888016089797020e-01	9.629555698484182358e-02
1.000000000000000021e-03	9.388248292328435496e-02	1.420414214953780174e-01	1.242793360725045204e-01
1.000000000000000021e-03	9.797427586362331131e-02	1.353886146098375320e-01	1.292056292295455933e-01
1.000000000000000021e-03	9.613365279156950438e-02	1.175431795418262482e-01	9.646639879792928696e-02
1.000000000000000021e-03	1.024377837399893104e-01	1.164692761376500130e-01	9.863991383463144302e-02
1.000000000000000021e-03	1.069671260310879196e-01	1.676616370677947998e-01	1.576151810586452484e-01
1.000000000000000021e-03	9.535701181503790369e-02	1.338564306497573853e-01	1.155988313257694244e-01
1.000000000000000021e-03	8.403633459459376731e-02	1.173006352037191391e-01	1.021292423829436302e-01
1.000000000000000021e-03	8.711321034197565261e-02	1.042119450867176056e-01	9.464004915207624435e-02
1.000000000000000021e-03	9.111723671608333575e-02	1.522540152072906494e-01	1.442083902657032013e-01
1.000000000000000021e-03	8.898138933921162508e-02	1.180401341989636421e-01	1.043786453083157539e-01
1.000000000000000021e-03	9.497079993539218890e-02	1.143555613234639168e-01	1.042067036032676697e-01
1.000000000000000021e-03	8.379367833273319854e-02	1.405519787222146988e-01	1.219664504751563072e-01
5.000000000000000104e-04	7.802758280989489925e-02	1.065936405211687088e-01	8.672439958900213242e-02
5.000000000000000104e-04	7.255814196188238585e-02	1.084085796028375626e-01	9.455191437155008316e-02
5.000000000000000104e-04	7.089823772069774044e-02	8.361474145203828812e-02	7.529052719473838806e-02
5.000000000000000104e-04	7.063042744994163513e-02	1.001762617379426956e-01	8.406211994588375092e-02
5.000000000000000104e-04	7.621251367315461100e-02	8.926970325410366058e-02	7.851184438914060593e-02
5.000000000000000104e-04	6.901274828971186437e-02	8.935363404452800751e-02	7.684397883713245392e-02
5.000000000000000104e-04	6.631002537434614597e-02	1.116940053179860115e-01	9.410576801747083664e-02
5.000000000000000104e-04	7.046390985009036434e-02	8.639131952077150345e-02	7.603687327355146408e-02
5.000000000000000104e-04	7.607481105229522977e-02	1.073787184432148933e-01	9.343261085450649261e-02
5.000000000000000104e-04	6.717043657657466305e-02	9.101500036194920540e-02	7.377192284911870956e-02
5.000000000000000104e-04	6.690851089697849585e-02	1.112310215830802917e-01	9.369415510445833206e-02
5.000000000000000104e-04	7.035770809537247872e-02	1.361647229641675949e-01	1.235419679433107376e-01
5.000000000000000104e-04	6.782295762360850133e-02	1.212121546268463135e-01	1.052850401028990746e-01
5.000000000000000104e-04	6.494840941851652560e-02	9.776156954467296600e-02	8.573763631284236908e-02
5.000000000000000104e-04	6.822307219233693376e-02	1.095651192590594292e-01	9.236010722815990448e-02
5.000000000000000104e-04	7.103834239931046401e-02	1.185493450611829758e-01	1.019975142553448677e-01
5.000000000000000104e-04	6.715672557489781036e-02	1.169930072501301765e-01	1.021057451143860817e-01
5.000000000000000104e-04	6.771226769572571969e-02	1.042233686894178391e-01	8.511385042220354080e-02
5.000000000000000104e-04	7.625124377163150502e-02	1.229121359065175056e-01	1.024176329374313354e-01
5.000000000000000104e-04	6.474865091186535193e-02	9.459071606397628784e-02	8.124405890703201294e-02
5.000000000000000104e-04	6.375363865230657123e-02	1.072250073775649071e-01	9.734077751636505127e-02
5.000000000000000104e-04	6.425907118599626100e-02	9.306623879820108414e-02	8.174183033406734467e-02
5.000000000000000104e-04	6.537554762031458355e-02	9.018264245241880417e-02	7.925924658775329590e-02
5.000000000000000104e-04	6.172143064344985663e-02	1.020438149571418762e-01	8.546696603298187256e-02
2.500000000000000052e-04	5.911792923189417015e-02	8.910044375807046890e-02	7.438800903037190437e-02
2.500000000000000052e-04	6.034829969741875577e-02	1.136251008138060570e-01	9.213704615831375122e-02
2.500000000000000052e-04	5.671667385421975960e-02	1.145209232345223427e-01	1.052534459158778191e-01
2.500000000000000052e-04	5.617653385181970577e-02	8.502402808517217636e-02	7.469112984836101532e-02
2.500000000000000052e-04	5.074461457567124717e-02	8.916132990270853043e-02	7.387212524190545082e-02
2.500000000000000052e-04	5.486608459319494702e-02	9.205214027315378189e-02	7.844865415245294571e-02
2.500000000000000052e-04	5.079974476955359530e-02	8.881986048072576523e-02	7.522937143221497536e-02
2.500000000000000052e-04	4.931389250427107435e-02	8.963220566511154175e-02	7.558361720293760300e-02
2.500000000000000052e-04	5.848818215765530515e-02	9.924034681171178818e-02	8.669314067810773849e-02
2.500000000000000052e-04	5.805376801592639774e-02	8.983786683529615402e-02	7.498519867658615112e-02
2.500000000000000052e-04	5.245519257327423829e-02	9.061774145811796188e-02	8.158426452428102493e-02
2.500000000000000052e-04	5.295067947782293449e-02	8.653490105643868446e-02	7.308465288951992989e-02
2.500000000000000052e-04	5.928580804810493904e-02	8.674223674461245537e-02	7.205508369952440262e-02
2.500000000000000052e-04	4.888739891916136365e-02	8.942171465605497360e-02	7.521094102412462234e-02
2.500000000000000052e-04	5.263986150863804447e-02	9.134380891919136047e-02	7.409003470093011856e-02
2.500000000000000052e-04	5.631234709031974345e-02	9.096586517989635468e-02	7.547130249440670013e-02
2.500000000000000052e-04	5.335682425412196367e-02	9.652210306376218796e-02	8.374682813882827759e-02
2.500000000000000052e-04	5.023273321080811565e-02	8.549075294286012650e-02	7.119713583961129189e-02
2.500000000000000052e-04	5.391393849461138810e-02	8.918152889236807823e-02	7.582116592675447464e-02
2.500000000000000052e-04	5.229277866362016386e-02	9.904109314084053040e-02	7.988381432369351387e-02
2.500000000000000052e-04	6.210413282807869528e-02	9.281146060675382614e-02	7.588552962988615036e-02
1.250000000000000026e-04	4.719666419904443300e-02	8.630189392715692520e-02	7.146331621333956718e-02
1.250000000000000026e-04	4.617653292002556892e-02	8.991495100781321526e-02	7.437704224139451981e-02
1.250000000000000026e-04	4.420467874011661108e-02	9.118762472644448280e-02	7.448502164334058762e-02
1.250000000000000026e-04	4.352659350143203015e-02	8.656396111473441124e-02	7.259625196456909180e-02
1.250000000000000026e-04	4.267426931499680720e-02	8.542355056852102280e-02	7.125021237879991531e-02
1.250000000000000026e-04	4.795370564524886053e-02	9.112055599689483643e-02	7.750072143971920013e-02
1.250000000000000026e-04	4.633874068909053789e-02	8.773663453757762909e-02	7.059811847284436226e-02
1.250000000000000026e-04	4.282864598156530672e-02	8.415994327515363693e-02	6.904904637485742569e-02
1.250000000000000026e-04	4.413183217373075479e-02	8.672699145972728729e-02	7.069881819188594818e-02
1.250000000000000026e-04	4.245834413302849997e-02	8.753905259072780609e-02	7.288771215826272964e-02
1.250000000000000026e-04	4.535605883390843307e-02	8.567076129838824272e-02	7.081763818860054016e-02
1.250000000000000026e-04	4.290941965919506385e-02	8.670848421752452850e-02	7.214228855445981026e-02
1.250000000000000026e-04	4.691667817061460216e-02	8.817565999925136566e-02	7.567367702722549438e-02
1.250000000000000026e-04	4.511872018817104923e-02	8.692738786339759827e-02	7.313267467543482780e-02
1.250000000000000026e-04	4.489955669151076550e-02	8.493341738358139992e-02	7.051145238801836967e-02
1.250000000000000026e-04	4.730487617227849967e-02	9.073428716510534286e-02	7.582445535808801651e-02
1.250000000000000026e-04	4.443646229426317235e-02	8.508841972798109055e-02	6.963316351175308228e-02
1.250000000000000026e-04	3.948334267339374121e-02	8.658441808074712753e-02	7.293273042887449265e-02
1.250000000000000026e-04	4.092801183084898015e-02	8.328742021694779396e-02	6.988761946558952332e-02
1.250000000000000026e-04	4.379220608668991238e-02	8.754046913236379623e-02	7.225828431546688080e-02
1.250000000000000026e-04	5.372264745491969751e-02	8.723465446382761002e-02	7.302601123228669167e-02
1.250000000000000026e-04	4.334629022905343854e-02	8.943330077454447746e-02	7.544228201732039452e-02
1.250000000000000026e-04	4.413170586752740432e-02	8.816169761121273041e-02	7.304552383720874786e-02
1.250000000000000026e-04	4.308235796192024653e-02	9.529782272875308990e-02	8.249942585825920105e-02
1.250000000000000026e-04	4.162032987120785343e-02	8.656128868460655212e-02	7.184561295434832573e-02
1.250000000000000026e-04	4.666153723491898303e-02	8.321118867024779320e-02	6.980719696730375290e-02
1.250000000000000026e-04	4.204793460667133331e-02	9.350635018199682236e-02	7.928723841905593872e-02
1.250000000000000026e-04	4.019554798738866203e-02	8.715944644063711166e-02	7.356839254498481750e-02
1.250000000000000026e-04	4.171575700180440299e-02	8.993009291589260101e-02	7.572748977690935135e-02
1.250000000000000026e-04	3.900181943008416974e-02	8.638664800673723221e-02	7.224420225247740746e-02
1.250000000000000026e-04	4.165394064274769576e-02	8.409379608929157257e-02	6.941378116607666016e-02
1.250000000000000026e-04	4.226437413805647636e-02	8.528103539720177650e-02	7.104558777064085007e-02
1.250000000000000026e-04	4.184156809520872544e-02	8.569561224430799484e-02	7.157887099310755730e-02
1.250000000000000026e-04	4.222903035203866978e-02	8.427994744852185249e-02	7.008376065641641617e-02
1.250000000000000026e-04	4.161293276503116173e-02	9.101166389882564545e-02	7.524467352777719498e-02
1.250000000000000026e-04	4.263076113088976049e-02	9.250715281814336777e-02	7.759454939514398575e-02
1.250000000000000026e-04	3.870514221489429474e-02	9.542408864945173264e-02	7.983260881155729294e-02
1.250000000000000026e-04	4.440326201198976225e-02	8.637794153764843941e-02	7.295127445831894875e-02
1.250000000000000026e-04	3.983619981268538696e-02	8.875671774148941040e-02	7.401437498629093170e-02
1.250000000000000026e-04	4.273231744860546411e-02	8.632951648905873299e-02	7.214310253039002419e-02
1.250000000000000026e-04	4.211766756127906935e-02	8.448065631091594696e-02	6.935835676267743111e-02
1.250000000000000026e-04	4.000050173718718016e-02	9.013414382934570312e-02	7.218032609671354294e-02
1.250000000000000026e-04	4.468182316403600252e-02	9.006157238036394119e-02	7.164755603298544884e-02
1.250000000000000026e-04	4.107177450875692387e-02	8.906215196475386620e-02	6.940576247870922089e-02
1.250000000000000026e-04	3.666388823450365819e-02	8.938852744176983833e-02	7.108488166704773903e-02
1.250000000000000026e-04	4.143068498542791522e-02	9.033724293112754822e-02	7.676295563578605652e-02
1.250000000000000026e-04	4.274291441410402875e-02	8.677859138697385788e-02	7.044759532436728477e-02
6.250000000000000130e-05	3.822751706348189588e-02	8.526149298995733261e-02	7.071839366108179092e-02
6.250000000000000130e-05	3.869401661184015268e-02	9.192758426070213318e-02	7.951202522963285446e-02
6.250000000000000130e-05	3.716865377618542438e-02	8.758622314780950546e-02	7.181168673560023308e-02
6.250000000000000130e-05	3.664585910265958507e-02	8.797731716185808182e-02	7.260886020958423615e-02
6.250000000000000130e-05	4.241247663769540793e-02	8.859743736684322357e-02	7.154795713722705841e-02
6.250000000000000130e-05	3.755733993234513374e-02	8.842280693352222443e-02	7.184248231351375580e-02
6.250000000000000130e-05	3.844472452337983209e-02	8.605617191642522812e-02	6.860453961417078972e-02
6.250000000000000130e-05	3.817666107435015166e-02	8.362702978774905205e-02	6.977471290156245232e-02
6.250000000000000130e-05	3.609310257944125383e-02	8.323071617633104324e-02	6.975703407078981400e-02
6.250000000000000130e-05	3.707440617152406998e-02	8.770446665585041046e-02	6.945829326286911964e-02
6.250000000000000130e-05	3.803545738794381070e-02	8.683419413864612579e-02	6.979963043704628944e-02
6.250000000000000130e-05	3.950506340287908424e-02	8.440386597067117691e-02	6.940076919272542000e-02
6.250000000000000130e-05	3.687393085300168238e-02	8.517666440457105637e-02	7.198871206492185593e-02
6.250000000000000130e-05	3.756333981888203971e-02	8.576943539083003998e-02	6.965554552152752876e-02
6.250000000000000130e-05	3.933497992214522732e-02	9.571396745741367340e-02	8.089032676070928574e-02
6.250000000000000130e-05	3.788476368954664386e-02	8.736481796950101852e-02	7.382823899388313293e-02
6.250000000000000130e-05	4.023226403595903111e-02	8.704782836139202118e-02	7.154066814109683037e-02
6.250000000000000130e-05	3.827245472164093887e-02	8.420707378536462784e-02	7.056417129933834076e-02
6.250000000000000130e-05	3.712741045069090778e-02	8.450759667903184891e-02	6.936508510261774063e-02
6.250000000000000130e-05	3.678387629834911632e-02	8.411584189161658287e-02	6.979072792455554008e-02
6.250000000000000130e-05	3.687469746115841496e-02	8.852056320756673813e-02	7.321950234472751617e-02
3.125000000000000065e-05	3.669113019787812596e-02	8.405519276857376099e-02	6.868052203208208084e-02
3.125000000000000065e-05	3.426975495170189040e-02	8.639897406101226807e-02	6.875543016940355301e-02
3.125000000000000065e-05	3.572761375881448875e-02	8.433858305215835571e-02	7.084009423851966858e-02
3.125000000000000065e-05	3.489928791605973607e-02	8.729460835456848145e-02	6.913171801716089249e-02
3.125000000000000065e-05	3.564005828450752394e-02	8.578768558800220490e-02	6.993295112624764442e-02
3.125000000000000065e-05	3.504773165700556664e-02	8.581662084907293320e-02	6.871579075232148170e-02
3.125000000000000065e-05	3.516429438715493877e-02	8.358329534530639648e-02	6.943470705300569534e-02
3.125000000000000065e-05	3.377905351263058020e-02	8.639644831418991089e-02	7.007571030408143997e-02
3.125000000000000065e-05	3.430462251358394610e-02	8.537467103451490402e-02	7.019721530377864838e-02
3.125000000000000065e-05	3.566104421227038468e-02	9.098323481157422066e-02	7.456354051828384399e-02
3.125000000000000065e-05	3.642793374631223685e-02	8.445984963327646255e-02	6.901703588664531708e-02
3.125000000000000065e-05	4.275551443047161115e-02	9.748677723109722137e-02	8.210313040763139725e-02
3.125000000000000065e-05	3.419414353615875257e-02	8.594436477869749069e-02	7.018872164189815521e-02
3.125000000000000065e-05	3.169179008684203797e-02	8.557324530556797981e-02	7.020631106570363045e-02
3.125000000000000065e-05	3.399155575404815693e-02	8.816325291991233826e-02	7.354110013693571091e-02
3.125000000000000065e-05	3.868492077328736234e-02	8.435305766761302948e-02	7.006440591067075729e-02
3.125000000000000065e-05	3.585923467821712507e-02	8.810383733361959457e-02	6.914637004956603050e-02
3.125000000000000065e-05	3.484967159979705797e-02	8.458887040615081787e-02	6.822868436574935913e-02
3.125000000000000065e-05	3.452091187804560285e-02	8.563212258741259575e-02	6.869146972894668579e-02
3.125000000000000065e-05	3.344282852132109130e-02	8.544375933706760406e-02	7.084105024114251137e-02
3.125000000000000065e-05	3.155632496257371883e-02	9.098827419802546501e-02	7.320335321128368378e-02
1.562500000000000033e-05	3.397763192747967065e-02	8.404803508892655373e-02	6.870369100943207741e-02
1.562500000000000033e-05	3.768901821650282036e-02	8.975492650642991066e-02	7.263823226094245911e-02
1.562500000000000033e-05	3.323740398959268427e-02	8.900750335305929184e-02	7.298480719327926636e-02
1.562500000000000033e-05	3.318316133433504844e-02	8.680477179586887360e-02	7.163371518254280090e-02
1.562500000000000033e-05	3.643230327605447016e-02	8.382905973121523857e-02	6.900278991088271141e-02
1.562500000000000033e-05	3.211165342149855523e-02	8.488375972956418991e-02	6.911760102957487106e-02
1.562500000000000033e-05	3.421427296545309638e-02	8.521500555798411369e-02	6.920234998688101768e-02
1.562500000000000033e-05	3.346695373707180010e-02	8.414096757769584656e-02	6.864768965169787407e-02
1.562500000000000033e-05	3.367327806787400596e-02	8.711291151121258736e-02	6.843033805489540100e-02
1.562500000000000033e-05	3.239176527278710138e-02	8.469150029122829437e-02	6.881768815219402313e-02
1.562500000000000033e-05	3.680084052766802866e-02	8.713988214731216431e-02	6.994124688208103180e-02
1.562500000000000033e-05	3.447803269034322576e-02	8.345410414040088654e-02	6.892738351598381996e-02
1.562500000000000033e-05	3.282150906758218162e-02	8.401796221733093262e-02	6.786407530307769775e-02
1.562500000000000033e-05	3.403226281457309710e-02	8.608925435692071915e-02	7.089288998395204544e-02
1.562500000000000033e-05	3.346266965322856890e-02	8.570922911167144775e-02	7.101435353979468346e-02
1.562500000000000033e-05	3.243066806676266761e-02	8.366707619279623032e-02	6.873598415404558182e-02
1.562500000000000033e-05	3.398182709948926322e-02	8.816565293818712234e-02	7.323823729529976845e-02
1.562500000000000033e-05	3.363388226237855327e-02	8.522800542414188385e-02	7.014978863298892975e-02
1.562500000000000033e-05	3.295294916893862225e-02	8.671636506915092468e-02	7.183816237375140190e-02
1.562500000000000033e-05	3.519329269522730036e-02	8.627769397571682930e-02	6.881659291684627533e-02
1.562500000000000033e-05	3.465090875950040811e-02	8.294909074902534485e-02	7.074236031621694565e-02
1.562500000000000033e-05	3.281799173336240327e-02	8.520672097802162170e-02	7.108012121170759201e-02
1.562500000000000033e-05	3.328123292590998150e-02	8.853525714948773384e-02	6.944865267723798752e-02
1.562500000000000033e-05	3.464759318040141339e-02	8.424652088433504105e-02	6.873215502128005028e-02
1.562500000000000033e-05	3.166096964025798960e-02	8.440104546025395393e-02	6.898578209802508354e-02
1.562500000000000033e-05	3.097414880802359591e-02	8.310513570904731750e-02	6.871331389993429184e-02
1.562500000000000033e-05	3.348339443342595451e-02	8.465275727212429047e-02	6.928144721314311028e-02
1.562500000000000033e-05	3.365076648047830160e-02	8.319082530215382576e-02	6.832401221618056297e-02
1.562500000000000033e-05	3.498835849893998373e-02	8.471979852765798569e-02	6.844192463904619217e-02
1.562500000000000033e-05	3.545015519838544404e-02	8.843597304075956345e-02	7.523583620786666870e-02
1.562500000000000033e-05	3.202094849717768144e-02	8.316061273217201233e-02	6.795438006520271301e-02
1.562500000000000033e-05	3.290639884911383123e-02	8.394050272181630135e-02	6.918578268960118294e-02
1.562500000000000033e-05	3.401436338413365429e-02	8.398216124624013901e-02	6.906309351325035095e-02
1.562500000000000033e-05	3.710550928040395879e-02	9.193854220211505890e-02	7.711754459887742996e-02
1.562500000000000033e-05	3.185658331347417105e-02	8.695660065859556198e-02	6.867099972441792488e-02
1.562500000000000033e-05	3.304187319229675429e-02	8.484792336821556091e-02	6.905995681881904602e-02
1.562500000000000033e-05	3.209293916632857679e-02	8.399200066924095154e-02	6.864566868171095848e-02
1.562500000000000033e-05	3.294912329580210186e-02	8.451820397749543190e-02	6.842566933482885361e-02
1.562500000000000033e-05	3.475465974475763775e-02	8.509948290884494781e-02	7.054468151181936264e-02
1.562500000000000033e-05	3.444352150670712542e-02	8.409030642360448837e-02	6.982490001246333122e-02
1.562500000000000033e-05	3.151504183777525253e-02	8.627745509147644043e-02	7.038389239460229874e-02
1.562500000000000033e-05	3.485298967814143972e-02	8.622041204944252968e-02	7.104558357968926430e-02
7.812500000000000163e-06	3.396157346241458763e-02	8.406643662601709366e-02	6.889632018283009529e-02
7.812500000000000163e-06	3.263531535675254225e-02	8.689330704510211945e-02	7.151450915262103081e-02
7.812500000000000163e-06	3.647331860435160111e-02	8.905122894793748856e-02	7.572469394654035568e-02
7.812500000000000163e-06	3.254703764768340779e-02	8.566619642078876495e-02	7.079238444566726685e-02
7.812500000000000163e-06	3.312734131335835081e-02	8.476368011906743050e-02	6.902442174032330513e-02
7.812500000000000163e-06	3.090690949908162996e-02	8.510510111227631569e-02	6.961732357740402222e-02
7.812500000000000163e-06	3.027044161211086062e-02	8.464433997869491577e-02	6.938740611076354980e-02
7.812500000000000163e-06	3.240024358552845429e-02	8.514899481087923050e-02	6.970392121002078056e-02
7.812500000000000163e-06	3.136629329499187463e-02	8.467008080333471298e-02	6.933505227789282799e-02
7.812500000000000163e-06	3.264960765697156458e-02	8.383275149390101433e-02	6.943460693582892418e-02
7.812500000000000163e-06	3.255694025915257389e-02	8.753459621220827103e-02	7.314700307324528694e-02
7.812500000000000163e-06	3.426937499566923284e-02	8.587921550497412682e-02	7.125174440443515778e-02
7.812500000000000163e-06	3.194181814412527104e-02	8.477094722911715508e-02	6.950165843591094017e-02
7.812500000000000163e-06	3.669280239345529271e-02	9.649829659610986710e-02	8.275601081550121307e-02
7.812500000000000163e-06	3.043233407543429955e-02	8.434186596423387527e-02	6.916754925623536110e-02
7.812500000000000163e-06	3.614582618863522445e-02	8.397280238568782806e-02	6.844496494159102440e-02
7.812500000000000163e-06	3.200106461874292069e-02	8.408230962231755257e-02	6.838628649711608887e-02
7.812500000000000163e-06	3.274000252160844809e-02	8.808726677671074867e-02	7.281062752008438110e-02
7.812500000000000163e-06	3.201705444887091578e-02	8.520120754837989807e-02	6.999817444011569023e-02
7.812500000000000163e-06	3.129532612577269612e-02	8.433557115495204926e-02	6.951926415786147118e-02
7.812500000000000163e-06	3.424156919310364366e-02	8.860543230548501015e-02	7.186066824942827225e-02
3.906250000000000081e-06	3.458133074631796616e-02	8.741305302828550339e-02	7.053412310779094696e-02
3.906250000000000081e-06	3.246589170037945948e-02	8.531593531370162964e-02	7.136998232454061508e-02
3.906250000000000081e-06	3.305354650733591942e-02	8.541760407388210297e-02	6.913444027304649353e-02
3.906250000000000081e-06	3.239452038431846898e-02	8.644511736929416656e-02	7.151926960796117783e-02
3.906250000000000081e-06	3.246341457095327371e-02	8.571732603013515472e-02	7.013271655887365341e-02
3.906250000000000081e-06	3.114562592457366733e-02	8.632598491385579109e-02	7.117733405902981758e-02
3.906250000000000081e-06	3.063479802700914967e-02	8.713106391951441765e-02	7.124223932623863220e-02
3.906250000000000081e-06	3.189925698539878424e-02	8.545811846852302551e-02	7.095606205984950066e-02
3.906250000000000081e-06	3.467111260028956504e-02	9.466076456010341644e-02	7.779863150790333748e-02
3.906250000000000081e-06	3.099095251977066617e-02	8.556196838617324829e-02	6.966536724939942360e-02
3.906250000000000081e-06	3.036917031660110039e-02	8.594574220478534698e-02	6.967961136251688004e-02
3.906250000000000081e-06	3.193415905337167876e-02	8.658746350556612015e-02	6.992338737472891808e-02
3.906250000000000081e-06	3.098823967142195698e-02	8.636109903454780579e-02	7.097215717658400536e-02
3.906250000000000081e-06	3.517772352818069465e-02	8.629697561264038086e-02	7.164737582206726074e-02
3.906250000000000081e-06	3.205449932219484044e-02	8.455955050885677338e-02	6.923948694020509720e-02
3.906250000000000081e-06	3.222790465371895563e-02	8.601034432649612427e-02	7.023499812930822372e-02
3.906250000000000081e-06	3.280748488216460312e-02	8.738868637010455132e-02	7.273377757519483566e-02
3.906250000000000081e-06	2.996792160917686673e-02	8.559046080335974693e-02	7.093209400773048401e-02
3.906250000000000081e-06	3.198164960817445612e-02	8.511948818340897560e-02	7.057168427854776382e-02
3.906250000000000081e-06	3.148506644264429527e-02	8.456617034971714020e-02	6.887874985113739967e-02
3.906250000000000081e-06	3.124853817722465441e-02	8.480958081781864166e-02	6.985579570755362511e-02
1.953125000000000041e-06	3.114900961989843300e-02	8.541714632883667946e-02	6.960591301321983337e-02
1.953125000000000041e-06	3.203428819586959242e-02	8.410497894510626793e-02	6.905394932255148888e-02
1.953125000000000041e-06	3.027419136436302477e-02	8.528021210804581642e-02	7.112964615225791931e-02
1.953125000000000041e-06	3.306756963175308539e-02	8.429137477651238441e-02	6.882536411285400391e-02
1.953125000000000041e-06	3.225145868579797764e-02	8.745242655277252197e-02	7.367800036445260048e-02
1.953125000000000041e-06	3.119291704666765294e-02	8.372585009783506393e-02	6.804345361888408661e-02
1.953125000000000041e-06	3.206825951892364190e-02	8.432119432836771011e-02	6.809326121583580971e-02
1.953125000000000041e-06	3.309298797121530689e-02	8.467812882736325264e-02	6.917044427245855331e-02
1.953125000000000041e-06	3.356206490174878931e-02	8.371227886527776718e-02	6.838119076564908028e-02
1.953125000000000041e-06	3.375784458616112177e-02	8.461978845298290253e-02	6.891111982986330986e-02
1.953125000000000041e-06	3.160131213408481909e-02	8.458357537165284157e-02	6.907219765707850456e-02
1.953125000000000041e-06	3.034810660571991489e-02	8.487732429057359695e-02	6.941815000027418137e-02
1.953125000000000041e-06	3.047542237452691150e-02	8.592340489849448204e-02	6.833783769980072975e-02
1.953125000000000041e-06	3.293561892984788603e-02	8.495435863733291626e-02	7.021635631099343300e-02
1.953125000000000041e-06	3.434886330667930032e-02	8.600859018042683601e-02	6.932892836630344391e-02
1.953125000000000041e-06	3.082313165775960040e-02	8.482102397829294205e-02	6.900451937690377235e-02
1.953125000000000041e-06	2.961629671575147921e-02	8.359511056914925575e-02	6.824196921661496162e-02
1.953125000000000041e-06	3.090360337467510515e-02	8.429960813373327255e-02	6.891537364572286606e-02
1.953125000000000041e-06	3.302331379602981704e-02	8.469761675223708153e-02	7.024984061717987061e-02
