1.000000000000000021e-03	3.053946307036264907e-01	2.701918724631763857e-01	2.601020142436027416e-01
1.000000000000000021e-03	1.956542362960151937e-01	1.644123072165469268e-01	1.569601055234670639e-01
1.000000000000000021e-03	1.692829724269040992e-01	2.068663020252557438e-01	2.005460511893034092e-01
1.000000000000000021e-03	1.542991238357439565e-01	1.589092116861443305e-01	1.483874291181564442e-01
1.000000000000000021e-03	1.446642449050881685e-01	1.435548140818536100e-01	1.361491484567523003e-01
1.000000000000000021e-03	1.326554867137199611e-01	1.369785372343362839e-01	1.290582861751317922e-01
1.000000000000000021e-03	1.224527065384831831e-01	1.170787448892418592e-01	1.098664032295346288e-01
1.000000000000000021e-03	1.119071186052601752e-01	1.564443292418075393e-01	1.463453449308872167e-01
1.000000000000000021e-03	1.029024345539141794e-01	9.257537824789266456e-02	8.960811067372560779e-02
1.000000000000000021e-03	9.659337666082895568e-02	9.765211114396599168e-02	8.910095272585749626e-02
1.000000000000000021e-03	9.345391932105588662e-02	1.148287758465212638e-01	1.114348908886313438e-01
1.000000000000000021e-03	8.769956996112870939e-02	8.785259111233406637e-02	9.211208019405603409e-02
1.000000000000000021e-03	8.278592476982096771e-02	9.797880880495640765e-02	9.974008221179246625e-02
1.000000000000000021e-03	8.025952953023920977e-02	6.176041651770706326e-02	6.790547389537096579e-02
1.000000000000000021e-03	7.669386681149767404e-02	6.205191474934523138e-02	6.229490218684077124e-02
1.000000000000000021e-03	7.525968956454955061e-02	5.995252055569468691e-02	6.116878641769289693e-02
1.000000000000000021e-03	7.350972838322737679e-02	8.095435213044051281e-02	8.326590973883866986e-02
1.000000000000000021e-03	6.851087659467369750e-02	5.616461746979758279e-02	5.427421070635318756e-02
1.000000000000000021e-03	6.905014162158258639e-02	6.525629659363736679e-02	6.794670755043626109e-02
1.000000000000000021e-03	6.652799344915785729e-02	5.807772481628737521e-02	5.209534717723727365e-02
1.000000000000000021e-03	6.683301758573732820e-02	8.410879493695903875e-02	7.587122730910778046e-02
1.000000000000000021e-03	6.292846460391644803e-02	8.003196434278762872e-02	8.089607236906885823e-02
1.000000000000000021e-03	6.395004820154460978e-02	5.215396228885151031e-02	4.757359549403190890e-02
1.000000000000000021e-03	6.053832726506488959e-02	8.416258237514820384e-02	9.246550584211946089e-02
1.000000000000000021e-03	6.061454040040070018e-02	7.270132438206547421e-02	6.838506758213043490e-02
1.000000000000000021e-03	6.013818442552779087e-02	5.999076426887387653e-02	6.063830507919192037e-02
1.000000000000000021e-03	5.630741809202773063e-02	6.601423678519838245e-02	6.440628869459033568e-02
1.000000000000000021e-03	5.696711524207103555e-02	4.761039426657542178e-02	5.287160603329539577e-02
1.000000000000000021e-03	5.547290534288159408e-02	5.129630565253227859e-02	5.481937155127525330e-02
1.000000000000000021e-03	5.509938164102157199e-02	4.523244985813245495e-02	4.432601393200456819e-02
1.000000000000000021e-03	5.320304288263928705e-02	5.190310030395448027e-02	5.725484034046531001e-02
1.000000000000000021e-03	5.531765635538718473e-02	5.534786192690514806e-02	5.855831056833267489e-02
1.000000000000000021e-03	5.528147299646672674e-02	4.935574847522206099e-02	5.124071189202368537e-02
1.000000000000000021e-03	5.205679957501897770e-02	4.924479435095611979e-02	4.753055367618799071e-02
1.000000000000000021e-03	5.122800439773880776e-02	6.722566134330490439e-02	6.596629852429032603e-02
1.000000000000000021e-03	5.009013708028563217e-02	5.041082189735317937e-02	5.314627960324287692e-02
1.000000000000000021e-03	5.047500551553088521e-02	4.594118544022450512e-02	5.051219258457421979e-02
1.000000000000000021e-03	4.911167410252709892e-02	4.261377192448571188e-02	4.564980887807905396e-02
1.000000000000000021e-03	4.908733221595546620e-02	4.470280320895592130e-02	4.338323753327131410e-02
1.000000000000000021e-03	4.885614923092602979e-02	4.788332356442331905e-02	4.868735456839203696e-02
1.000000000000000021e-03	4.771865633006980995e-02	4.304228136949826006e-02	4.758031680248677592e-02
1.000000000000000021e-03	4.696866951952187452e-02	4.147147122985093276e-02	4.004309088923037330e-02
1.000000000000000021e-03	4.685383096961450583e-02	4.389497090657656225e-02	4.278440382331609448e-02
1.000000000000000021e-03	4.590499091626878275e-02	4.553426990373284078e-02	1.028789225500077037e-01
1.000000000000000021e-03	4.582464598648038068e-02	4.099065359896390121e-02	4.432203653268516202e-02
1.000000000000000021e-03	4.580346581814870310e-02	4.386650081431366088e-02	4.659068766050040999e-02
1.000000000000000021e-03	4.681687619604295997e-02	4.920295233891896353e-02	5.427148686721920690e-02
1.000000000000000021e-03	4.470767212328417145e-02	4.605629079589981106e-02	5.133393164724111418e-02
1.000000000000000021e-03	4.513250131413574368e-02	4.129117227973738008e-02	4.215014628134668151e-02
1.000000000000000021e-03	4.416811591043522112e-02	4.255860783549815507e-02	4.046322712674736699e-02
1.000000000000000021e-03	4.337146998518008612e-02	4.529734667761163569e-02	4.391424786299467226e-02
1.000000000000000021e-03	4.354010003988932620e-02	4.350957372932846151e-02	4.459156971424817900e-02
1.000000000000000021e-03	4.307201809080240390e-02	4.034491071565300679e-02	4.562300615943968435e-02
1.000000000000000021e-03	4.254410414587556782e-02	4.487432683793662197e-02	3.738837386481463909e-02
1.000000000000000021e-03	4.173730357445520900e-02	4.538654986554415544e-02	4.304683129303157191e-02
1.000000000000000021e-03	3.990074530473589065e-02	3.647596144278324182e-02	3.547164164483547488e-02
1.000000000000000021e-03	3.961973107371689201e-02	4.179472783434141220e-02	3.994497195817529878e-02
1.000000000000000021e-03	4.012046733122360404e-02	4.733134100106373837e-02	4.735404960811138292e-02
1.000000000000000021e-03	3.992487225462663242e-02	3.746088251900610289e-02	3.753812988288700303e-02
1.000000000000000021e-03	3.880913186560473044e-02	3.706516052415857743e-02	3.748517357744276385e-02
1.000000000000000021e-03	3.996078798318754982e-02	5.251388027483880339e-02	5.012892195954919000e-02
1.000000000000000021e-03	3.912768176409517351e-02	3.831066287741922982e-02	3.500964646227657656e-02
1.000000000000000021e-03	3.853492952185429143e-02	5.035888130596170853e-02	4.468623893335461894e-02
1.000000000000000021e-03	3.925437407504166892e-02	3.978080625270361687e-02	3.617766927927732606e-02
1.000000000000000021e-03	3.657391094919586888e-02	3.932068912380652648e-02	3.416571021080017090e-02
1.000000000000000021e-03	3.770192116585632108e-02	4.309682281814632837e-02	4.690740308724343499e-02
1.000000000000000021e-03	3.760830533255699742e-02	3.530939322218532711e-02	3.539211051538586339e-02
1.000000000000000021e-03	3.736701187823420617e-02	4.252748787208065345e-02	4.093212923035025735e-02
1.000000000000000021e-03	3.610490543367975147e-02	4.552303593976335383e-02	3.682469236664474149e-02
1.000000000000000021e-03	3.735693419431274087e-02	3.811844984430293182e-02	3.810958475805818757e-02
1.000000000000000021e-03	3.593467595732926373e-02	5.271502334566016690e-02	5.784213719889521460e-02
1.000000000000000021e-03	3.492886172482931317e-02	3.630894558084885038e-02	7.751324395649135390e-02
1.000000000000000021e-03	3.621091111441245014e-02	4.929248680463012289e-02	4.835943588986992697e-02
1.000000000000000021e-03	3.556608317670189451e-02	4.595457829769056951e-02	4.407917470671236793e-02
1.000000000000000021e-03	3.341427708067402913e-02	4.912081620221987049e-02	5.592813650146126470e-02
1.000000000000000021e-03	3.397352181357689987e-02	3.162667197199704044e-02	3.144667572341859618e-02
1.000000000000000021e-03	3.366037828976709695e-02	3.611771870619027297e-02	3.777529578655958176e-02
1.000000000000000021e-03	3.346247557786885540e-02	3.232709031688605489e-02	3.315752982161938867e-02
1.000000000000000021e-03	3.280512242425729502e-02	3.559997070249150408e-02	3.326323698274791241e-02
1.000000000000000021e-03	3.335897381991199950e-02	3.801232829924029027e-02	3.695219261571765224e-02
1.000000000000000021e-03	3.177270628381877876e-02	3.501241814091567844e-02	3.176164762116968909e-02
1.000000000000000021e-03	3.184241607109081218e-02	3.370425828698418030e-02	2.912318999879062037e-02
1.000000000000000021e-03	3.211626782471561914e-02	3.313822645440463871e-02	3.256065710447728773e-02
1.000000000000000021e-03	3.261406575462338225e-02	4.800062860649918078e-02	5.387704605236649791e-02
1.000000000000000021e-03	3.253399870895313378e-02	3.518260337646406805e-02	3.116343086585402627e-02
1.000000000000000021e-03	3.115891140775669393e-02	4.417355694071784661e-02	4.716767771169542989e-02
1.000000000000000021e-03	3.125163417909816721e-02	4.348777031711258817e-02	4.029108174145221849e-02
1.000000000000000021e-03	3.200140431384627254e-02	3.999808196622039319e-02	4.426051620393991332e-02
1.000000000000000021e-03	3.030175502764721057e-02	4.801897396435912679e-02	4.515136275440454622e-02
1.000000000000000021e-03	2.977414442840671180e-02	3.585559137516620976e-02	3.398895612917840481e-02
1.000000000000000021e-03	3.059892914755841034e-02	4.247640620390469995e-02	4.951571454294025759e-02
1.000000000000000021e-03	3.047703046280155967e-02	3.554863717738558637e-02	3.384459014050662795e-02
1.000000000000000021e-03	3.018272226354526758e-02	3.399224601764017084e-02	3.562878770753741264e-02
1.000000000000000021e-03	2.983600184442762593e-02	3.265174007267539896e-02	3.447388969361782352e-02
1.000000000000000021e-03	2.903462407450609420e-02	3.512668411652142969e-02	3.917402829974889894e-02
1.000000000000000021e-03	2.880300694795941835e-02	3.001412613736709548e-02	3.322538235224783282e-02
1.000000000000000021e-03	3.024707715947521150e-02	3.244757034976757104e-02	3.543767151422798356e-02
1.000000000000000021e-03	2.952082749887425389e-02	3.082526682910182586e-02	3.586636693216860294e-02
1.000000000000000021e-03	2.834596373400867161e-02	3.828029191189723235e-02	3.850843668915331086e-02
1.000000000000000021e-03	2.927185537552524919e-02	4.057055112969188554e-02	4.528080797754228254e-02
1.000000000000000021e-03	2.860792727145155742e-02	3.352961795531330530e-02	3.582787844352423867e-02
1.000000000000000021e-03	2.771596033765418021e-02	3.018341027200222015e-02	3.041607062332331995e-02
1.000000000000000021e-03	2.769625832615479899e-02	3.053370278075103264e-02	3.384970892220735827e-02
1.000000000000000021e-03	2.809485378217357193e-02	3.383733609115890245e-02	3.689774265512824059e-02
1.000000000000000021e-03	2.734127929493776130e-02	3.001600977872054613e-02	3.528195139952004095e-02
1.000000000000000021e-03	2.720969236754379461e-02	3.285739666426368971e-02	3.571766824461519718e-02
1.000000000000000021e-03	2.857371620452459418e-02	3.810537622081047737e-02	4.368827557191252986e-02
1.000000000000000021e-03	2.706059249125555496e-02	3.451654733358565375e-02	4.015341601334512095e-02
1.000000000000000021e-03	2.686391368837742072e-02	3.202012440687074940e-02	3.467983375303447524e-02
1.000000000000000021e-03	2.672064228556560520e-02	3.388040411378700351e-02	3.557875165715813914e-02
1.000000000000000021e-03	2.709813471265904231e-02	3.024912435385881254e-02	3.344582538120448312e-02
1.000000000000000021e-03	2.776913993481011297e-02	3.830112494450277350e-02	4.295940082520246367e-02
1.000000000000000021e-03	2.821618308372245143e-02	3.086727284168073668e-02	3.385027591139078140e-02
1.000000000000000021e-03	2.668845539055482788e-02	3.143316175769136911e-02	3.450774624943733077e-02
1.000000000000000021e-03	2.622095640551530896e-02	3.057945144231094883e-02	3.586254613474011699e-02
1.000000000000000021e-03	2.702103991986811934e-02	3.110730409115084957e-02	3.178340112790465494e-02
1.000000000000000021e-03	2.641419281856898643e-02	2.853873014177015291e-02	2.982039060443639894e-02
1.000000000000000021e-03	2.604235840908242575e-02	3.177214910261606101e-02	3.691544635221362392e-02
1.000000000000000021e-03	2.610280342972195328e-02	3.051503543883406222e-02	2.945421286858618259e-02
1.000000000000000021e-03	2.549791309458093735e-02	2.839921311480212568e-02	3.156159804202616354e-02
1.000000000000000021e-03	2.540901925906738357e-02	2.979321505737866568e-02	3.363399114459753036e-02
1.000000000000000021e-03	2.575760378614458043e-02	2.864098986757051407e-02	3.046247558668255945e-02
1.000000000000000021e-03	2.596404284418686939e-02	2.976299252809654419e-02	3.303654729388653954e-02
1.000000000000000021e-03	2.534965554890485778e-02	3.082810357915169441e-02	3.415840989910066267e-02
1.000000000000000021e-03	2.542617914460300332e-02	3.131854841339338363e-02	3.635813030414283137e-02
1.000000000000000021e-03	2.531364581040028081e-02	3.152193506467716733e-02	3.518747086636721949e-02
1.000000000000000021e-03	2.451887504219870187e-02	3.201515995044046381e-02	3.552408895920962373e-02
1.000000000000000021e-03	2.540874776147076380e-02	2.628392236141478128e-02	3.318940894678235054e-02
1.000000000000000021e-03	2.510543516715159698e-02	3.325490674969413391e-02	3.701638602651655813e-02
1.000000000000000021e-03	2.436410041971304521e-02	3.147211715735066112e-02	3.672261545434594293e-02
1.000000000000000021e-03	2.465459626545092597e-02	3.919680082088053408e-02	9.742635879665613452e-02
1.000000000000000021e-03	2.449981539947408346e-02	2.891205119563958897e-02	3.346808045171201229e-02
1.000000000000000021e-03	2.452027616852275882e-02	3.297090630841816722e-02	3.689475320279598375e-02
1.000000000000000021e-03	2.422683107882842024e-02	2.687943814546649851e-02	3.048437233082950185e-02
1.000000000000000021e-03	2.431111977397181975e-02	2.920055116346369217e-02	3.151955669745802602e-02
1.000000000000000021e-03	2.398745307873299468e-02	3.282330929257794988e-02	3.683255976065993170e-02
1.000000000000000021e-03	2.424328213903257506e-02	3.439533793372321485e-02	3.752476042136550227e-02
1.000000000000000021e-03	2.398404382535490945e-02	3.076717870904824986e-02	3.479621661826968332e-02
1.000000000000000021e-03	2.411489512656510292e-02	2.988738085860045274e-02	3.417057720944285254e-02
1.000000000000000021e-03	2.434794344668942540e-02	2.785513301365350608e-02	3.131737469229847054e-02
1.000000000000000021e-03	2.409584719119913301e-02	2.724040057802699574e-02	3.150720498524606228e-02
1.000000000000000021e-03	2.466048829803604153e-02	2.625170006801944705e-02	3.149219215847551961e-02
1.000000000000000021e-03	2.399327632672586252e-02	2.625241056474715562e-02	3.142301677726209302e-02
1.000000000000000021e-03	2.303631803418502641e-02	3.463665312107321037e-02	3.752290196716785708e-02
1.000000000000000021e-03	2.321987462876372310e-02	3.064503573388329197e-02	3.453887263312935968e-02
1.000000000000000021e-03	2.367883326876919423e-02	2.765319508095686468e-02	3.457233114168047766e-02
1.000000000000000021e-03	2.334933346077808572e-02	2.872052380122751616e-02	3.428698643110692640e-02
1.000000000000000021e-03	2.369217875556085123e-02	3.251666686843827231e-02	3.751822425983845910e-02
1.000000000000000021e-03	2.285145723367670162e-02	2.733156150840808027e-02	3.201930066570639333e-02
1.000000000000000021e-03	2.333110240149924644e-02	3.268972126991336741e-02	3.276934004388749877e-02
1.000000000000000021e-03	2.279771687955947299e-02	3.409891921773319096e-02	3.948886478319764415e-02
1.000000000000000021e-03	2.280013220262274223e-02	2.911450716798530056e-02	3.414492229931056361e-02
1.000000000000000021e-03	2.272094467816275151e-02	2.668880199750212415e-02	3.252751859836280207e-02
1.000000000000000021e-03	2.253785124563283115e-02	2.824045011666432778e-02	3.199364235624670844e-02
1.000000000000000021e-03	2.311960559873611418e-02	3.213596153828798124e-02	3.649871931411326209e-02
1.000000000000000021e-03	2.249019581135395032e-02	2.585925929813952945e-02	3.148089146707207242e-02
1.000000000000000021e-03	2.231745820529347155e-02	2.688236963198915169e-02	3.006930565461516519e-02
1.000000000000000021e-03	2.284162989673987551e-02	2.593885399206146553e-02	2.749636201187968115e-02
1.000000000000000021e-03	2.218822818011080208e-02	3.490843469793884074e-02	3.821329236961901188e-02
1.000000000000000021e-03	2.289179034006671998e-02	3.064091272496115986e-02	3.401116351597011089e-02
1.000000000000000021e-03	2.187926354241048754e-02	2.602075410919039641e-02	3.047389485873281886e-02
1.000000000000000021e-03	2.256446361754126453e-02	2.697696895655537011e-02	3.078407500870525976e-02
1.000000000000000021e-03	2.167810445110714135e-02	2.740730718753412593e-02	3.196584929246455709e-02
1.000000000000000021e-03	2.220102159253312460e-02	2.919592577671505443e-02	2.981097362935542991e-02
1.000000000000000021e-03	2.168476949984975838e-02	2.630014022256379341e-02	2.956319451332092146e-02
1.000000000000000021e-03	2.154767949951117909e-02	2.990214813364113974e-02	3.385439217090606412e-02
1.000000000000000021e-03	2.179506577230630113e-02	2.621401038937543754e-02	3.170034994836896935e-02
1.000000000000000021e-03	2.162194791899527124e-02	3.257444365369399630e-02	3.529606950469314774e-02
1.000000000000000021e-03	2.180284814699972804e-02	3.472168964982344508e-02	4.079112922772765160e-02
1.000000000000000021e-03	2.158013580517584296e-02	3.428047863249691213e-02	4.056669478304684301e-02
1.000000000000000021e-03	2.132062381268882631e-02	2.748510314161396739e-02	3.233629488386213779e-02
1.000000000000000021e-03	2.171851954043102148e-02	2.697752309836330339e-02	3.031757874414324830e-02
1.000000000000000021e-03	2.240331234587026113e-02	2.730067692580023450e-02	2.832253864035010407e-02
1.000000000000000021e-03	2.185698456676496079e-02	2.580948742545400090e-02	3.270852463319897513e-02
1.000000000000000021e-03	2.120253945082651442e-02	2.558915659356179526e-02	3.224126277491450032e-02
1.000000000000000021e-03	2.111819560231598808e-02	2.593690976598031842e-02	2.910720347426831722e-02
1.000000000000000021e-03	2.117344248040843244e-02	2.966876828272617395e-02	3.535006786696612974e-02
1.000000000000000021e-03	2.126754470626807808e-02	3.599087041632043071e-02	4.333149502053856850e-02
1.000000000000000021e-03	2.125324957601513673e-02	2.636682709279172809e-02	3.115315460599958966e-02
1.000000000000000021e-03	2.098770024295009903e-02	2.511475109909685338e-02	3.251849599182606021e-02
1.000000000000000021e-03	2.095854354869528674e-02	3.060668103240859333e-02	3.524952633306384364e-02
1.000000000000000021e-03	2.070057001495825832e-02	2.717231669468093275e-02	3.248594212345778942e-02
1.000000000000000021e-03	2.085148756906450920e-02	3.109222615420506250e-02	3.645073552615940571e-02
1.000000000000000021e-03	2.110212201760770789e-02	3.751105685469680040e-02	4.284185008145868778e-02
1.000000000000000021e-03	2.081339151141791202e-02	2.626116458248561533e-02	3.194135818630457202e-02
1.000000000000000021e-03	2.029156219268379163e-02	2.474263384548157363e-02	3.082781312987208436e-02
1.000000000000000021e-03	2.038315485257042106e-02	2.475337153154361786e-02	2.878384040668606828e-02
1.000000000000000021e-03	2.029728811665493932e-02	2.782946950829153984e-02	2.960562207736074786e-02
1.000000000000000021e-03	2.075569036483348659e-02	2.640140838726028755e-02	3.308629435487091264e-02
1.000000000000000021e-03	2.039616471757855348e-02	2.356843014993748736e-02	2.575469154398888488e-02
1.000000000000000021e-03	2.047104164394547218e-02	2.805458790383725740e-02	3.455084976740181724e-02
1.000000000000000021e-03	2.068773168504862286e-02	2.490851123139496345e-02	2.942897006869316101e-02
1.000000000000000021e-03	2.026393182668888987e-02	2.784135333062466577e-02	3.203041153028607368e-02
1.000000000000000021e-03	2.016776404655069854e-02	2.796821528314295813e-02	3.400665782392024716e-02
1.000000000000000021e-03	2.038313364290424839e-02	2.578556763388567541e-02	2.874235606286674669e-02
1.000000000000000021e-03	2.056566904200898827e-02	2.624901124710187980e-02	3.195255552418529987e-02
1.000000000000000021e-03	2.022481802634248926e-02	2.425204546078649562e-02	2.875545332208275656e-02
1.000000000000000021e-03	2.006669739914658177e-02	3.173977647620345593e-02	3.486254746094345769e-02
1.000000000000000021e-03	1.994527556075822300e-02	2.962371079904558765e-02	3.299632733687758723e-02
1.000000000000000021e-03	1.986965302317259680e-02	2.468032938433099149e-02	2.993499848525971174e-02
1.000000000000000021e-03	1.984459541168078975e-02	2.616552867638971200e-02	3.056538621895015309e-02
1.000000000000000021e-03	1.985712526631587538e-02	2.494391538105241932e-02	3.048737377393990686e-02
1.000000000000000021e-03	2.035836388322851548e-02	2.709684589224336040e-02	2.784249009564519067e-02
1.000000000000000021e-03	2.084496339925019301e-02	3.473723573483409460e-02	3.761996780522167821e-02
1.000000000000000021e-03	2.028011379805742809e-02	2.528427009768198855e-02	3.082279609516263078e-02
1.000000000000000021e-03	2.018255969361034199e-02	2.471067673521828295e-02	2.764207664877176354e-02
1.000000000000000021e-03	1.984081929630842137e-02	3.380620331352293673e-02	3.791327201761305471e-02
1.000000000000000021e-03	1.981962379934986904e-02	2.552024747552203779e-02	2.725733567494898965e-02
1.000000000000000021e-03	1.951890497795106399e-02	2.598739363233612543e-02	2.906462275423109601e-02
1.000000000000000021e-03	1.966879011791171361e-02	2.461246193352482209e-02	2.881522751413285663e-02
1.000000000000000021e-03	1.890483748063731193e-02	2.804429913963634932e-02	3.014870891347527435e-02
5.000000000000000104e-04	1.582514572457354579e-02	2.347331625258267107e-02	2.746014776639640192e-02
5.000000000000000104e-04	1.482950272325723150e-02	2.173542468296607924e-02	2.594986816402524571e-02
5.000000000000000104e-04	1.467782107396934342e-02	2.263028744647171964e-02	2.725618004333228012e-02
5.000000000000000104e-04	1.462951953478976684e-02	2.366791266206827449e-02	2.856983128003776073e-02
5.000000000000000104e-04	1.483389297083080940e-02	2.135244856895732526e-02	2.595136375166475634e-02
5.000000000000000104e-04	1.471914831980187383e-02	2.304210743491406227e-02	3.033787445165216784e-02
5.000000000000000104e-04	1.431242343842324509e-02	2.303036787981138298e-02	2.659404273144900729e-02
5.000000000000000104e-04	1.425123640724553636e-02	2.282502685054278377e-02	2.676304751075804164e-02
5.000000000000000104e-04	1.434904696238879958e-02	2.107118371952110616e-02	2.521881426218897104e-02
5.000000000000000104e-04	1.428232703318926648e-02	2.274346452557447773e-02	2.801627863664180040e-02
5.000000000000000104e-04	1.424469196938147296e-02	2.299332629440654571e-02	2.732761378865689039e-02
5.000000000000000104e-04	1.438339391518481808e-02	2.315424800562764993e-02	2.776603195816278527e-02
5.000000000000000104e-04	1.438815549715980607e-02	2.154342106577613464e-02	2.609043878037482431e-02
5.000000000000000104e-04	1.420514551687545798e-02	2.279465741609559490e-02	2.696524164639413357e-02
5.000000000000000104e-04	1.416586792782391184e-02	2.142957864690045455e-02	2.727394907269626786e-02
5.000000000000000104e-04	1.425124532822140237e-02	2.255450695245990109e-02	2.696118012536317249e-02
5.000000000000000104e-04	1.407653901296916470e-02	2.440157127493495018e-02	2.860081968829035828e-02
5.000000000000000104e-04	1.401200315385727445e-02	2.284362028640602241e-02	2.811103772837668727e-02
5.000000000000000104e-04	1.421975898499524237e-02	2.143805915324007577e-02	2.762195316608995199e-02
5.000000000000000104e-04	1.418654007892438014e-02	2.132772663559432888e-02	2.560832451563328435e-02
5.000000000000000104e-04	1.398641352366749267e-02	2.167489468875823805e-02	2.661841292865574360e-02
5.000000000000000104e-04	1.402114731232013099e-02	2.153402134893140155e-02	2.640907133463770221e-02
5.000000000000000104e-04	1.398462890211217557e-02	2.231944573272741372e-02	2.850422123447060585e-02
5.000000000000000104e-04	1.378837746252165562e-02	2.117435335722893386e-02	2.572323996573686739e-02
5.000000000000000104e-04	1.377432513548632227e-02	2.137856902700912415e-02	2.818897075485438108e-02
5.000000000000000104e-04	1.390950020712568985e-02	2.232353615511150149e-02	2.616385673172771931e-02
5.000000000000000104e-04	1.388339695280689859e-02	2.046747349631724069e-02	2.584992249030619929e-02
5.000000000000000104e-04	1.351220432480384342e-02	2.080419395333497207e-02	2.687533788848668267e-02
5.000000000000000104e-04	1.358854464174547895e-02	2.664444686269572954e-02	3.135817339643835744e-02
5.000000000000000104e-04	1.375777570508017467e-02	2.412558851168730006e-02	2.847013613209128241e-02
5.000000000000000104e-04	1.396485410713053758e-02	2.131033078304135978e-02	2.551818201318383286e-02
5.000000000000000104e-04	1.365654837500483894e-02	2.074653185728488752e-02	2.602515704929828783e-02
5.000000000000000104e-04	1.377838054848504364e-02	2.129165502021293857e-02	2.547682714648544927e-02
5.000000000000000104e-04	1.347070345584652079e-02	2.152509949321210203e-02	2.736243924591690371e-02
5.000000000000000104e-04	1.340979113394677284e-02	2.657718112428930982e-02	3.194277924485504350e-02
5.000000000000000104e-04	1.353313258284006247e-02	2.307395920820573196e-02	2.850317535921931267e-02
5.000000000000000104e-04	1.343931075794499788e-02	2.776398964187237750e-02	3.261776501312851906e-02
5.000000000000000104e-04	1.342877369252677699e-02	2.288162610761782303e-02	2.774734732229262521e-02
5.000000000000000104e-04	1.354496425463059053e-02	2.262493897307449667e-02	2.715595411136746337e-02
5.000000000000000104e-04	1.360537939791097925e-02	2.505440300047709692e-02	2.915082913823425700e-02
5.000000000000000104e-04	1.335341315402271793e-02	2.069647710633839774e-02	2.590691454242914984e-02
5.000000000000000104e-04	1.345875490307287849e-02	2.063781166380924612e-02	2.569009936414658885e-02
5.000000000000000104e-04	1.354389488556188847e-02	2.051070231593248028e-02	2.641543066129088332e-02
5.000000000000000104e-04	1.327071358450298937e-02	2.099475396202184901e-02	2.594966734759509425e-02
5.000000000000000104e-04	1.346170068125242085e-02	2.122396676367177895e-02	2.724824722390621970e-02
5.000000000000000104e-04	1.334924833012561714e-02	2.140465595257219980e-02	2.639906750991940360e-02
5.000000000000000104e-04	1.343199499699093691e-02	2.208803881310823780e-02	2.688303769100457499e-02
5.000000000000000104e-04	1.310037050846966228e-02	2.115895166622562551e-02	2.627624191809445689e-02
2.500000000000000052e-04	1.154214815264258988e-02	2.036152521626175341e-02	2.572350660338997702e-02
2.500000000000000052e-04	1.113200530007811030e-02	1.968133024364241909e-02	2.450480081606656174e-02
2.500000000000000052e-04	1.112822390396046163e-02	2.070072440537794670e-02	2.585396054200828075e-02
2.500000000000000052e-04	1.105559691965554009e-02	2.041295263916254044e-02	2.575044988188892464e-02
2.500000000000000052e-04	1.104445865923899678e-02	1.954817750457069764e-02	2.475965679623186658e-02
2.500000000000000052e-04	1.106117967079507831e-02	1.979442265528346886e-02	2.478901383001357386e-02
2.500000000000000052e-04	1.093720201074582961e-02	2.154215208269382592e-02	2.711462397128343652e-02
2.500000000000000052e-04	1.109017140365846713e-02	2.057169157894650144e-02	2.574835843406617780e-02
2.500000000000000052e-04	1.098070709075976009e-02	2.015979950321126341e-02	2.445520262699574232e-02
2.500000000000000052e-04	1.086066171273355162e-02	2.112992054231815908e-02	2.549762248527258704e-02
2.500000000000000052e-04	1.114620664766477649e-02	1.936754410238010135e-02	2.507070163264870505e-02
2.500000000000000052e-04	1.081056340173354967e-02	1.937935143923728148e-02	2.448574670124798944e-02
2.500000000000000052e-04	1.091322528226533993e-02	2.236957998253912352e-02	2.743440580088645289e-02
2.500000000000000052e-04	1.085204439434922334e-02	1.964849592503452660e-02	2.458529081195592880e-02
2.500000000000000052e-04	1.085600870839683631e-02	1.965613360882429578e-02	2.462922818958759169e-02
2.500000000000000052e-04	1.079006895635313892e-02	2.001011836786232775e-02	2.458785602357238531e-02
2.500000000000000052e-04	1.081020354551716703e-02	1.956160494774892081e-02	2.477264790795743327e-02
2.500000000000000052e-04	1.074998980738036194e-02	1.956261313613016570e-02	2.447438172530382733e-02
2.500000000000000052e-04	1.089581077048309109e-02	2.061670285732490268e-02	2.594003400299698184e-02
2.500000000000000052e-04	1.074990992737178720e-02	1.996137728397758687e-02	2.519153829198330502e-02
2.500000000000000052e-04	1.072499143510164017e-02	1.913318210110770412e-02	2.438700078055262496e-02
2.500000000000000052e-04	1.077437917596252639e-02	1.940217219702704277e-02	2.444745991379022529e-02
2.500000000000000052e-04	1.066005688649344918e-02	1.974405590152241222e-02	2.544147281441837619e-02
2.500000000000000052e-04	1.077401241365605680e-02	2.130170449302458760e-02	2.640745269600302050e-02
2.500000000000000052e-04	1.062835781813890185e-02	2.075492162062391593e-02	2.579366525169462035e-02
2.500000000000000052e-04	1.071111687744570433e-02	1.969923483724681651e-02	2.535870620049536159e-02
2.500000000000000052e-04	1.062170254828331481e-02	1.987423542009286379e-02	2.588393290061503579e-02
2.500000000000000052e-04	1.054601536396242850e-02	1.936010637988594754e-02	2.466676190961152385e-02
2.500000000000000052e-04	1.064166282761436731e-02	1.955089569871962252e-02	2.484358651563525061e-02
2.500000000000000052e-04	1.067291167952063961e-02	2.083879876979358517e-02	2.502704306971281767e-02
2.500000000000000052e-04	1.070954711861808739e-02	1.976575526403975130e-02	2.470685627777129481e-02
2.500000000000000052e-04	1.064546664698897901e-02	2.024058453465631471e-02	2.525611517485231231e-02
2.500000000000000052e-04	1.056123441171904521e-02	1.976236703449674864e-02	2.492768452502787044e-02
2.500000000000000052e-04	1.058238402113032342e-02	2.055776400091760547e-02	2.538451896980404784e-02
2.500000000000000052e-04	1.062613867338120521e-02	2.031942224861439661e-02	2.603032374754548142e-02
2.500000000000000052e-04	1.064909145251185206e-02	2.033135086219972285e-02	2.546373223885893891e-02
2.500000000000000052e-04	1.055744967199623643e-02	1.948046849075100312e-02	2.442775766830891301e-02
2.500000000000000052e-04	1.060536291494688227e-02	1.990289868621145791e-02	2.522229165770113399e-02
2.500000000000000052e-04	1.050967234796332424e-02	1.926829864841481110e-02	2.371298680081963470e-02
2.500000000000000052e-04	1.048430594804720083e-02	1.923696278394516901e-02	2.406488386914134095e-02
2.500000000000000052e-04	1.052019105240303842e-02	1.985403623295392203e-02	2.484898460097611020e-02
2.500000000000000052e-04	1.061983112925192312e-02	2.012392115920626223e-02	2.473448610398918529e-02
1.250000000000000026e-04	9.562340280590464828e-03	2.003259785200288759e-02	2.477826396934688230e-02
1.250000000000000026e-04	9.406010376765170516e-03	1.987073638754365337e-02	2.437764964997768402e-02
1.250000000000000026e-04	9.414932087016112186e-03	1.902645317281728005e-02	2.384731310885399719e-02
1.250000000000000026e-04	9.389691665137990181e-03	1.877470074601822470e-02	2.359866178594529490e-02
1.250000000000000026e-04	9.302052912487063230e-03	1.966056279857589240e-02	2.438792574685066938e-02
1.250000000000000026e-04	9.375244383377832544e-03	1.927646696665056072e-02	2.376973622012883494e-02
1.250000000000000026e-04	9.361141654941805557e-03	1.869189752392587736e-02	5.316873004194348773e-02
1.250000000000000026e-04	9.338819905638763574e-03	1.928928548089808848e-02	2.394300459418445895e-02
1.250000000000000026e-04	9.247369371319905454e-03	1.928217914345532746e-02	2.359931017272174497e-02
1.250000000000000026e-04	9.253274147420982240e-03	1.868262103422305836e-02	2.314388635568320751e-02
1.250000000000000026e-04	9.303284899741758734e-03	2.029221881844142303e-02	2.536792461760341982e-02
1.250000000000000026e-04	9.291335072968677500e-03	1.940126532288902195e-02	2.395414165221154690e-02
1.250000000000000026e-04	9.128803250755315388e-03	1.896566567523160982e-02	2.388303440529853175e-02
1.250000000000000026e-04	9.243065099881495397e-03	2.087228696949351009e-02	2.529630206990986924e-02
1.250000000000000026e-04	9.350556221158353234e-03	1.946654205859019507e-02	2.402639565989374976e-02
1.250000000000000026e-04	9.311404694662737611e-03	1.900772787923120030e-02	2.444530657958239248e-02
1.250000000000000026e-04	9.162301776541689757e-03	1.900046663992692106e-02	2.406033885199576616e-02
1.250000000000000026e-04	9.203344561840088797e-03	1.943427693410849574e-02	2.429094694089144538e-02
1.250000000000000026e-04	9.233395848585776444e-03	1.885045372456780124e-02	2.338987512048333953e-02
1.250000000000000026e-04	9.238422595814017521e-03	1.983327853508020516e-02	2.432242203503847192e-02
1.250000000000000026e-04	9.232232372323619790e-03	1.915448623665496480e-02	2.344867535866796901e-02
1.250000000000000026e-04	9.270894333044064559e-03	1.913258323631205488e-02	2.505763864610344172e-02
1.250000000000000026e-04	9.227890599304469643e-03	1.961435333713499110e-02	2.425351387355476757e-02
1.250000000000000026e-04	9.155914971389313844e-03	1.962992041834986032e-02	2.479529820848256488e-02
1.250000000000000026e-04	9.162248273441321242e-03	1.893712600683354619e-02	2.365434784442186494e-02
1.250000000000000026e-04	9.190771745278382768e-03	1.871911085244872680e-02	2.359292199835181375e-02
1.250000000000000026e-04	9.209948786116655198e-03	1.924692291805413236e-02	2.374560236930847029e-02
1.250000000000000026e-04	9.158346149962071775e-03	1.883659075399499866e-02	2.308711004443466525e-02
1.250000000000000026e-04	9.111329143267685518e-03	1.859023644837565561e-02	2.321631272789091011e-02
1.250000000000000026e-04	9.105157420535449353e-03	1.909958775013841092e-02	2.391814098227769067e-02
1.250000000000000026e-04	9.094819384277594634e-03	1.931911214932565193e-02	2.449804393108934164e-02
1.250000000000000026e-04	9.188164641821693415e-03	1.945133188846691688e-02	2.469783523119985919e-02
1.250000000000000026e-04	9.235224307045002481e-03	1.880060701938199644e-02	2.556404878851026297e-02
1.250000000000000026e-04	9.118000958862521738e-03	1.890561187454543185e-02	2.388044204562902312e-02
1.250000000000000026e-04	9.053215130116875481e-03	1.925068476398265893e-02	2.395413669291883776e-02
1.250000000000000026e-04	9.094441147578567405e-03	1.898664886044114028e-02	2.331450617639347841e-02
1.250000000000000026e-04	9.055160928448232824e-03	1.922893013649117772e-02	2.368304100818931918e-02
1.250000000000000026e-04	9.105605430307257830e-03	1.891430991540872519e-02	2.348195209633558919e-02
1.250000000000000026e-04	9.059384978826549514e-03	1.865500570591831567e-02	2.336258271243423293e-02
1.250000000000000026e-04	9.028244014328791131e-03	1.980218904687783971e-02	2.466530143283307552e-02
1.250000000000000026e-04	9.053523654151770031e-03	1.855109822668174133e-02	2.329053040593862672e-02
1.250000000000000026e-04	8.960080456309379646e-03	1.960782564844916476e-02	2.484716365579515626e-02
1.250000000000000026e-04	9.000388375001808910e-03	1.903387050861151536e-02	2.429538723081350188e-02
1.250000000000000026e-04	9.077700075745981714e-03	1.936456413344719157e-02	2.452183847781270673e-02
1.250000000000000026e-04	9.045556682005411950e-03	1.902555452454932766e-02	2.395894502988085012e-02
1.250000000000000026e-04	8.986595053162909838e-03	1.853284274388826425e-02	2.358856669161468744e-02
1.250000000000000026e-04	9.021239044223850617e-03	1.899946200617477071e-02	2.406356984283775091e-02
1.250000000000000026e-04	9.069642204565925986e-03	2.010078118694702196e-02	2.642509264405816863e-02
1.250000000000000026e-04	8.991696357937261838e-03	1.897627683795247502e-02	2.366313096135854582e-02
1.250000000000000026e-04	9.016360946697436762e-03	1.951756686245271696e-02	2.469492265954613755e-02
1.250000000000000026e-04	9.006142974389612366e-03	1.944917016199433982e-02	2.415626186411827872e-02
1.250000000000000026e-04	8.957725309199584054e-03	1.928674308241817847e-02	2.368440041318535874e-02
1.250000000000000026e-04	9.031714242517323646e-03	1.911153535100177867e-02	2.434642645530402799e-02
1.250000000000000026e-04	8.977187209865029188e-03	1.902029069910966819e-02	2.399147236719727586e-02
1.250000000000000026e-04	9.040146151318097581e-03	1.899640744854330307e-02	2.385986840818077326e-02
1.250000000000000026e-04	9.054998027994023632e-03	1.880870706094575281e-02	2.382818642072379728e-02
1.250000000000000026e-04	8.919040154808738352e-03	1.874860786681711855e-02	2.330754399299621651e-02
1.250000000000000026e-04	8.960102677210913386e-03	1.856627768754022870e-02	2.331099538132548263e-02
1.250000000000000026e-04	8.939537639854829715e-03	2.053702608511553951e-02	2.474507319275289635e-02
1.250000000000000026e-04	9.016409873910391504e-03	1.932324479816783722e-02	2.398967517074197461e-02
1.250000000000000026e-04	8.945425644835513015e-03	1.876963208385631215e-02	2.352150864899158617e-02
1.250000000000000026e-04	8.938981486953590655e-03	1.930157233185637172e-02	2.416894535999745269e-02
1.250000000000000026e-04	8.999838785242903275e-03	2.037869199759360928e-02	2.526591201312839916e-02
1.250000000000000026e-04	8.925965364909730151e-03	1.933391269354920242e-02	2.586461997125297924e-02
1.250000000000000026e-04	8.879994587520914293e-03	1.869122213464601001e-02	2.331916592083871365e-02
1.250000000000000026e-04	8.978069162591121102e-03	1.881114750398391045e-02	2.386974366381764551e-02
1.250000000000000026e-04	8.855716819989258373e-03	1.862538683944971879e-02	2.394111161120236059e-02
6.250000000000000130e-05	8.433178823534453680e-03	1.907138243142066786e-02	2.396179086063057045e-02
6.250000000000000130e-05	8.333781949196221797e-03	1.908054855208434278e-02	2.372827578801661730e-02
6.250000000000000130e-05	8.348073080288264877e-03	1.855722746046269828e-02	2.371453426312655072e-02
6.250000000000000130e-05	8.377073679949357740e-03	1.909475089465292180e-02	2.412114897742867470e-02
6.250000000000000130e-05	8.328633962893655651e-03	1.878709075923677349e-02	2.385997450910508702e-02
6.250000000000000130e-05	8.275325180623526594e-03	1.872838791752360829e-02	2.356707265134900739e-02
6.250000000000000130e-05	8.316627079474676887e-03	1.864073573762833891e-02	2.382929592859000037e-02
6.250000000000000130e-05	8.325980216104356818e-03	1.874920828706775136e-02	2.364221729803830246e-02
6.250000000000000130e-05	8.427811125558846636e-03	1.861066273681780472e-02	2.363685288000851731e-02
6.250000000000000130e-05	8.268289489605491413e-03	1.840493593033383501e-02	2.571781924925744395e-02
6.250000000000000130e-05	8.303981592663069872e-03	1.856465396320164385e-02	2.317121904343366623e-02
6.250000000000000130e-05	8.355155793615140145e-03	1.936220585890309487e-02	2.422767083626240631e-02
6.250000000000000130e-05	8.292277655095606909e-03	1.860744223310685161e-02	2.383490088395774295e-02
6.250000000000000130e-05	8.237288601657483111e-03	1.897103062962518169e-02	2.420951284002512832e-02
6.250000000000000130e-05	8.242573580959809340e-03	1.859657625370312803e-02	2.332427854416891863e-02
6.250000000000000130e-05	8.288802085753147267e-03	1.873724543396871126e-02	2.356779694091528515e-02
6.250000000000000130e-05	8.312007913462397465e-03	1.869329397142401386e-02	2.347638241481036017e-02
6.250000000000000130e-05	8.257799017134189595e-03	1.893646389987144185e-02	2.379973933566361527e-02
6.250000000000000130e-05	8.355222687118704639e-03	1.833058283201062857e-02	2.347911181859672208e-02
6.250000000000000130e-05	8.255360076456412163e-03	1.918214607340191016e-02	2.368055905681103537e-02
6.250000000000000130e-05	8.282173606726910345e-03	1.859555637746737253e-02	2.370271680410951376e-02
6.250000000000000130e-05	8.256696525705440118e-03	1.843462317587115512e-02	2.336101166438311200e-02
6.250000000000000130e-05	8.300132338128823548e-03	1.898950423694249767e-02	2.400230225175619195e-02
6.250000000000000130e-05	8.232871566776135686e-03	1.824131419794409667e-02	2.355095110833644798e-02
6.250000000000000130e-05	8.181718854507764177e-03	1.859418647997666471e-02	2.363867762032896211e-02
6.250000000000000130e-05	8.224927738456271759e-03	1.921804767609110523e-02	2.428960450924932957e-02
6.250000000000000130e-05	8.237122992566153767e-03	1.845598454387244181e-02	2.326507391408085684e-02
6.250000000000000130e-05	8.247990706754569981e-03	1.886568656337511002e-02	2.394655321259051700e-02
6.250000000000000130e-05	8.241127500036398573e-03	1.845210470278693671e-02	2.344792827498167614e-02
6.250000000000000130e-05	8.212748843983656150e-03	1.877645150568160726e-02	2.379500593524426152e-02
6.250000000000000130e-05	8.209223699999226853e-03	1.897446487430502760e-02	2.399629817809909721e-02
6.250000000000000130e-05	8.195365827320411425e-03	1.902427007468582981e-02	2.400639625266194274e-02
6.250000000000000130e-05	8.175221582253774585e-03	1.870750252118441592e-02	2.396033420227467944e-02
6.250000000000000130e-05	8.218767162880504309e-03	1.826041315180000971e-02	2.316934671252966066e-02
6.250000000000000130e-05	8.239678685824805213e-03	1.882072583972159430e-02	2.390320834238082032e-02
6.250000000000000130e-05	8.254551334949150609e-03	1.951169259163565775e-02	2.435903423465788503e-02
6.250000000000000130e-05	8.224128278751421939e-03	1.897541186845427483e-02	2.393062952905893395e-02
6.250000000000000130e-05	8.280625080862073772e-03	1.968530616698620922e-02	2.488848618231713841e-02
6.250000000000000130e-05	8.171395122638669753e-03	1.847880087909898120e-02	2.355287121608853201e-02
6.250000000000000130e-05	8.176479857564492026e-03	1.850093150979483306e-02	2.382746387738734345e-02
6.250000000000000130e-05	8.257561315061256665e-03	1.846740783450647252e-02	2.338048343081027339e-02
6.250000000000000130e-05	8.244320591765393058e-03	1.869248683657009566e-02	2.359506241045892377e-02
6.250000000000000130e-05	8.206986331875550794e-03	1.829244990964756443e-02	2.336738922167569399e-02
6.250000000000000130e-05	8.195642131603408237e-03	1.854644147727970219e-02	2.362975184805691381e-02
6.250000000000000130e-05	8.208406319242531404e-03	1.855881929553616222e-02	2.402764444705098729e-02
3.125000000000000065e-05	7.919944072962500567e-03	1.913750622206957658e-02	2.403875468298792908e-02
3.125000000000000065e-05	7.921128112816269717e-03	1.833388579921572600e-02	2.358475020155310561e-02
3.125000000000000065e-05	7.867415929446132036e-03	1.860894353972523604e-02	2.378884041681885581e-02
3.125000000000000065e-05	7.888146174975159755e-03	1.864408072649808429e-02	2.359511100221425156e-02
3.125000000000000065e-05	7.863369118855694645e-03	1.868087359026308555e-02	2.358880082610994439e-02
3.125000000000000065e-05	7.845179082738011622e-03	1.853580148744333328e-02	2.381472196429967880e-02
3.125000000000000065e-05	7.904797430795472077e-03	1.871880732905802439e-02	7.844805507920682430e-02
3.125000000000000065e-05	7.866864266559922894e-03	1.839626013393957579e-02	2.384194112382829328e-02
3.125000000000000065e-05	7.808531987751167816e-03	1.930491806188334991e-02	2.430003099143505235e-02
3.125000000000000065e-05	7.855320752692074304e-03	1.870522144889332286e-02	2.490814202465117116e-02
3.125000000000000065e-05	7.867185427379805654e-03	1.895713156176955308e-02	2.407490664627403090e-02
3.125000000000000065e-05	7.882193206587872689e-03	1.896967776899874392e-02	2.419399619102478166e-02
3.125000000000000065e-05	7.873712569137101755e-03	1.899077893961318569e-02	2.417513302061706851e-02
3.125000000000000065e-05	7.851621534549666284e-03	1.923766927744861507e-02	2.621438878122717142e-02
3.125000000000000065e-05	7.897317892242789253e-03	1.851030482047515482e-02	2.330299797467887471e-02
3.125000000000000065e-05	7.813624520268704771e-03	1.832599965709198059e-02	2.362262352835386992e-02
3.125000000000000065e-05	7.831358303949280744e-03	1.885034069321386493e-02	2.358726391103118519e-02
3.125000000000000065e-05	7.856049543217370756e-03	1.863989657698033459e-02	2.365424251183867455e-02
3.125000000000000065e-05	7.812129532449150864e-03	1.829657797989342818e-02	2.345609960611909697e-02
3.125000000000000065e-05	7.831902484831558542e-03	1.856423767663889501e-02	2.339058998040854931e-02
3.125000000000000065e-05	7.856650316980497151e-03	1.836561321168747943e-02	2.356565671507269283e-02
1.562500000000000033e-05	7.656396323042407269e-03	1.850541193447811927e-02	2.332316173706203838e-02
1.562500000000000033e-05	7.722809736862336523e-03	1.888893284781284834e-02	2.370122247375548025e-02
1.562500000000000033e-05	7.700634274009773676e-03	1.820275621459434279e-02	2.285621354822069476e-02
1.562500000000000033e-05	7.685204901488161197e-03	1.849822758292262587e-02	2.317690306808799575e-02
1.562500000000000033e-05	7.693599842904854172e-03	1.829373470327148865e-02	2.318604777101427455e-02
1.562500000000000033e-05	7.679872359720737486e-03	1.849874949658104201e-02	2.327320298645645449e-02
1.562500000000000033e-05	7.737417841886038219e-03	1.841229778660841490e-02	2.318498897366225858e-02
1.562500000000000033e-05	7.689173718011781643e-03	1.837599197529373243e-02	2.326718049589544465e-02
1.562500000000000033e-05	7.668909623540630383e-03	1.848579039163302309e-02	2.330305729992687702e-02
1.562500000000000033e-05	7.669666821300688379e-03	1.816932427457957841e-02	2.329455576837062905e-02
1.562500000000000033e-05	7.691772831815179602e-03	1.854179756160025810e-02	2.359399488195777078e-02
1.562500000000000033e-05	7.678154082031548623e-03	1.827727143131001319e-02	2.315348894335329463e-02
1.562500000000000033e-05	7.713201866713268254e-03	1.827187078434447387e-02	2.313117992598563363e-02
1.562500000000000033e-05	7.664300876801239011e-03	1.823744458677881153e-02	2.311223750002682278e-02
1.562500000000000033e-05	7.695196101354211116e-03	1.848402019609643454e-02	2.324257590807974477e-02
1.562500000000000033e-05	7.668962098068626658e-03	1.866914140772445163e-02	2.347214615438133339e-02
1.562500000000000033e-05	7.631739046166739066e-03	1.852082145639271163e-02	2.367058657109737466e-02
1.562500000000000033e-05	7.643453201193442688e-03	1.852713997295389603e-02	2.362672756426036427e-02
1.562500000000000033e-05	7.715992928320599721e-03	1.848790111478554668e-02	2.342052345629781415e-02
1.562500000000000033e-05	7.720480498832332263e-03	1.831235249980269972e-02	2.327081363182514906e-02
1.562500000000000033e-05	7.654168429866286052e-03	1.820647996894195902e-02	2.306973026134073734e-02
1.562500000000000033e-05	7.696366034569505736e-03	1.825589407722987348e-02	2.311106866691261391e-02
1.562500000000000033e-05	7.685251114375286734e-03	1.836110469616988525e-02	2.380113801918923994e-02
1.562500000000000033e-05	7.595067778510139651e-03	1.818429792290114644e-02	2.295659447554498911e-02
1.562500000000000033e-05	7.666653114002048089e-03	1.827971773290353388e-02	2.305469207931309938e-02
1.562500000000000033e-05	7.690929034329331039e-03	1.816912562006119114e-02	2.294371267780661444e-02
1.562500000000000033e-05	7.693008133960609410e-03	1.818379218548692167e-02	2.302299761213362148e-02
1.562500000000000033e-05	7.668323861462145001e-03	1.826826385002953967e-02	2.293393188156187673e-02
1.562500000000000033e-05	7.647514637990910323e-03	1.842380516445605437e-02	2.334773922339081903e-02
1.562500000000000033e-05	7.716691285618832753e-03	1.818477240005868939e-02	2.332890275865793367e-02
1.562500000000000033e-05	7.693753168181911330e-03	1.859546418140851920e-02	2.355796080082655022e-02
7.812500000000000163e-06	7.638515178287545553e-03	1.819911478233587204e-02	2.304185384418815444e-02
7.812500000000000163e-06	7.585416736764971288e-03	1.848900985918666001e-02	2.346168966032564571e-02
7.812500000000000163e-06	7.611544114722284225e-03	1.859062268637627982e-02	2.373120267875492712e-02
7.812500000000000163e-06	7.629858414410088489e-03	1.839900009470616174e-02	2.330051641911268234e-02
7.812500000000000163e-06	7.588176780021107029e-03	1.842107953435463338e-02	2.312379393260926078e-02
7.812500000000000163e-06	7.566349133372376502e-03	1.813578908453592972e-02	2.301460187882185121e-02
7.812500000000000163e-06	7.556041677977072372e-03	1.886883189813940917e-02	2.376891782041639159e-02
7.812500000000000163e-06	7.595935135639861162e-03	1.805523773216452174e-02	2.310344711877405574e-02
7.812500000000000163e-06	7.598687265904803187e-03	1.833335649592714167e-02	2.342167650349438052e-02
7.812500000000000163e-06	7.538440650022345396e-03	1.798531586177530214e-02	2.494653470348566840e-02
7.812500000000000163e-06	7.570195884333837978e-03	1.869286515832883563e-02	2.348780471365898709e-02
7.812500000000000163e-06	7.570174217945774102e-03	1.839486419842505452e-02	2.343137303832918544e-02
7.812500000000000163e-06	7.559045816599941660e-03	1.854704650538286162e-02	2.359450194053351949e-02
7.812500000000000163e-06	7.577318616087887725e-03	1.841941823041876036e-02	2.348707932978868346e-02
7.812500000000000163e-06	7.558937148213248046e-03	1.813434548578493274e-02	2.301361397840082784e-02
7.812500000000000163e-06	7.614422662680997780e-03	1.871256862342825580e-02	2.394926836714148660e-02
7.812500000000000163e-06	7.572134021060663960e-03	1.867333155476454121e-02	2.355831728782504728e-02
7.812500000000000163e-06	7.568054047747449498e-03	1.829510963770575663e-02	2.321830138098448376e-02
7.812500000000000163e-06	7.573089798302359843e-03	1.841948205039529302e-02	2.322488520294428010e-02
7.812500000000000163e-06	7.574984243593637333e-03	1.823060326668292375e-02	2.307880781590938499e-02
7.812500000000000163e-06	7.553075719245510612e-03	1.841098776194437583e-02	2.348863747902214458e-02
7.812500000000000163e-06	7.579049878927633828e-03	1.818311194699082090e-02	2.290298643056303332e-02
7.812500000000000163e-06	7.555706771345264278e-03	1.813715327219033238e-02	2.299728118814527850e-02
7.812500000000000163e-06	7.592543240131646547e-03	1.853773333814911703e-02	2.346954101230949025e-02
7.812500000000000163e-06	7.546169496693449531e-03	1.839435947522598952e-02	2.311943362001329591e-02
7.812500000000000163e-06	7.527424503115632930e-03	1.822326030991776313e-02	2.311626982409507175e-02
7.812500000000000163e-06	7.583827600034778391e-03	1.851969923219443787e-02	2.338660301174968342e-02
7.812500000000000163e-06	7.614920764767097588e-03	1.847020914553815923e-02	2.348963695112615824e-02
7.812500000000000163e-06	7.583194110247806242e-03	1.858604337571491058e-02	2.349911646451801131e-02
7.812500000000000163e-06	7.528290762866718562e-03	1.851296906617923635e-02	2.315228746738284826e-02
7.812500000000000163e-06	7.559889771744236417e-03	1.813928824873806828e-02	2.297499736305326154e-02
3.906250000000000081e-06	7.538915081128452246e-03	1.808785516232330054e-02	2.325115548446774622e-02
3.906250000000000081e-06	7.546413694727795336e-03	1.884041911878511083e-02	2.390628990251570871e-02
3.906250000000000081e-06	7.529364455623499194e-03	1.813506946474781681e-02	7.822418631985783577e-02
3.906250000000000081e-06	7.498266984811003538e-03	1.819886130168643992e-02	2.298573560547083686e-02
