1.000000000000000021e-03	3.054264654265093637e-01	2.375578620514944561e-01	2.236457135528326090e-01
1.000000000000000021e-03	1.995372970768918564e-01	1.487839163832015421e-01	1.357585282996296994e-01
1.000000000000000021e-03	1.704322295160471123e-01	1.221828554703303094e-01	1.115599490702152280e-01
1.000000000000000021e-03	1.540420004635303652e-01	1.186421322416884722e-01	1.109283924102783259e-01
1.000000000000000021e-03	1.414081808515521566e-01	1.464461174388830556e-01	1.450359128415584509e-01
1.000000000000000021e-03	1.327016326648125244e-01	8.916126657764948671e-02	8.238219786435366232e-02
1.000000000000000021e-03	1.178163448310716732e-01	9.191662471019784730e-02	9.038701690733433325e-02
1.000000000000000021e-03	1.145226135503212422e-01	9.900090231009178732e-02	9.118493609130381983e-02
1.000000000000000021e-03	1.038116069685032783e-01	7.357160099513868068e-02	7.629552260041236322e-02
1.000000000000000021e-03	1.002250825179011595e-01	1.059291119740895515e-01	1.088020306080579730e-01
1.000000000000000021e-03	9.313622688947201245e-02	7.345074477620150422e-02	7.557818209752439897e-02
1.000000000000000021e-03	8.847851311401130903e-02	6.692072920774290445e-02	7.358541358262300769e-02
1.000000000000000021e-03	8.540044304518730478e-02	8.453317684808950294e-02	8.981174156069755832e-02
1.000000000000000021e-03	8.392698307363982702e-02	6.634798618667413217e-02	7.118963012471794805e-02
1.000000000000000021e-03	7.894734391393254391e-02	7.813918001520696321e-02	7.038459638133645613e-02
1.000000000000000021e-03	7.886570601693206062e-02	9.405069556379817841e-02	9.777938425540924627e-02
1.000000000000000021e-03	7.416495698796170266e-02	6.180876462247358871e-02	6.813561543822288513e-02
1.000000000000000021e-03	7.374483775596690771e-02	7.172914303800198565e-02	6.529928985983132761e-02
1.000000000000000021e-03	6.965047821896654112e-02	9.333684131581121424e-02	9.202041449025273601e-02
1.000000000000000021e-03	6.792900976987686912e-02	5.724340242319082145e-02	6.209375234320759634e-02
1.000000000000000021e-03	6.683496885768822060e-02	5.774219027910557078e-02	6.795262610539794246e-02
1.000000000000000021e-03	6.401404426360005062e-02	6.542595138490511775e-02	7.434682836756109636e-02
1.000000000000000021e-03	6.388127781806157701e-02	5.853250406253400484e-02	6.048802239820361137e-02
1.000000000000000021e-03	6.128364701068907822e-02	5.375848538900545454e-02	5.607936242595314841e-02
1.000000000000000021e-03	6.013824406918084203e-02	5.023329904917334804e-02	5.595821319147944312e-02
1.000000000000000021e-03	5.972448180778003324e-02	5.024405490821568648e-02	5.171221066266298155e-02
1.000000000000000021e-03	5.835353563376607239e-02	6.613970750757537653e-02	5.921117989346384725e-02
1.000000000000000021e-03	5.741185434986124936e-02	5.167262365368648080e-02	4.771713661029934606e-02
1.000000000000000021e-03	5.555586767918741647e-02	5.508940146153509798e-02	5.126735856756568094e-02
1.000000000000000021e-03	5.619246792210750435e-02	5.075027859959926890e-02	5.026834746822714944e-02
1.000000000000000021e-03	5.455083773081874365e-02	5.272368308527307368e-02	4.995299428701401034e-02
1.000000000000000021e-03	5.444899806996602448e-02	5.667926365246323678e-02	5.212800046429037770e-02
1.000000000000000021e-03	5.279981929303914634e-02	4.979067957955193163e-02	4.483119389042258124e-02
1.000000000000000021e-03	5.223128142256838052e-02	5.261093543852186916e-02	5.537338247522712031e-02
1.000000000000000021e-03	5.322111386604230082e-02	4.824699127939358761e-02	5.068601481616497040e-02
1.000000000000000021e-03	5.144335866438191213e-02	5.111038643886281485e-02	4.644563803449273248e-02
1.000000000000000021e-03	4.978618856981058272e-02	4.469987312185514511e-02	4.373670164495706281e-02
1.000000000000000021e-03	4.907087356484927942e-02	4.381949248777321920e-02	5.139065976254642010e-02
1.000000000000000021e-03	4.920104676732980908e-02	4.582676718606374516e-02	4.560178604442625960e-02
1.000000000000000021e-03	4.862464159193983365e-02	4.098238215747616181e-02	4.072443456389009814e-02
1.000000000000000021e-03	4.704791301056317904e-02	4.472903312422842059e-02	5.175203098915517191e-02
1.000000000000000021e-03	4.617274054144620415e-02	4.695518714673232313e-02	4.616684010252356668e-02
1.000000000000000021e-03	4.662969899258168072e-02	4.760904716454563562e-02	4.924693247303366800e-02
1.000000000000000021e-03	4.602903211538079964e-02	4.571866365978542734e-02	4.497019834816455564e-02
1.000000000000000021e-03	4.630447218195687248e-02	4.200268797186344771e-02	4.243778386153281013e-02
1.000000000000000021e-03	4.355817924862063345e-02	5.440881194946653454e-02	5.402996633201837678e-02
1.000000000000000021e-03	4.345912209464374704e-02	4.510235946371917576e-02	4.445218727923929553e-02
1.000000000000000021e-03	4.380877382962283795e-02	4.817646125536314411e-02	4.729939885437488278e-02
1.000000000000000021e-03	4.380181686516033956e-02	5.365209234634619323e-02	5.265269903466105600e-02
1.000000000000000021e-03	4.412162873987162531e-02	5.290146999022099505e-02	5.013932683505117893e-02
1.000000000000000021e-03	4.238513057673303636e-02	4.038661724219771293e-02	4.122894993051886420e-02
1.000000000000000021e-03	4.140248471126610486e-02	4.705622775665440488e-02	4.653553096577525000e-02
1.000000000000000021e-03	4.107337998829829750e-02	4.157373298408161000e-02	4.202387831173837185e-02
1.000000000000000021e-03	4.040122062505296929e-02	5.014838543549882122e-02	5.082028312608599663e-02
1.000000000000000021e-03	4.065054509769247537e-02	3.979772311776720584e-02	4.133484782651066641e-02
1.000000000000000021e-03	4.058993008765736377e-02	4.203126167010574205e-02	4.239648194052279134e-02
1.000000000000000021e-03	4.068647862486259731e-02	4.148770970199745084e-02	3.909054850228130956e-02
1.000000000000000021e-03	3.991791839457272534e-02	3.852421737700232468e-02	3.549241079017519812e-02
1.000000000000000021e-03	3.918717876553465956e-02	4.318238350109280393e-02	4.105180604383349557e-02
1.000000000000000021e-03	3.876914839634651444e-02	3.905759868821548353e-02	4.506326597183942656e-02
1.000000000000000021e-03	3.864641981703240831e-02	4.669691937249056263e-02	4.506200472824275355e-02
1.000000000000000021e-03	4.007133160278400497e-02	4.163179910346787721e-02	4.526836662553250512e-02
1.000000000000000021e-03	3.850070250704407809e-02	4.059985915871815176e-02	4.203231339342892309e-02
1.000000000000000021e-03	3.709362263056065201e-02	4.109375800995926364e-02	4.042476876638829986e-02
1.000000000000000021e-03	3.789736628922492356e-02	3.717775088954346219e-02	3.374995859339833398e-02
1.000000000000000021e-03	3.676512194965349256e-02	3.779736742455297449e-02	3.815552648156881471e-02
1.000000000000000021e-03	3.644333600265436263e-02	4.127754005774153523e-02	4.235545084811746797e-02
1.000000000000000021e-03	3.628877753856710187e-02	3.601396673831952500e-02	3.537020655348897119e-02
1.000000000000000021e-03	3.587009093424586154e-02	3.826084625736581035e-02	3.468103213235736171e-02
1.000000000000000021e-03	3.595390471501395957e-02	3.799741759077104875e-02	3.597986376844346246e-02
1.000000000000000021e-03	3.534773219140585621e-02	4.848971405110433924e-02	4.508766606450080594e-02
1.000000000000000021e-03	3.526347065198171676e-02	3.799585858603734406e-02	3.645749408751726428e-02
1.000000000000000021e-03	3.693615915410874972e-02	3.388237092078356244e-02	3.491291552782058855e-02
1.000000000000000021e-03	3.369882905778841947e-02	4.521036982848382346e-02	4.370570834726095200e-02
1.000000000000000021e-03	3.386375312045988156e-02	3.910236724735242225e-02	3.907275828532874584e-02
1.000000000000000021e-03	3.428371485329215207e-02	3.565184886113823698e-02	3.618070310913026194e-02
1.000000000000000021e-03	3.437223598152971266e-02	3.462446566807662190e-02	3.429028014652431289e-02
1.000000000000000021e-03	3.385553841867579988e-02	3.555838353151738462e-02	3.406051956117153029e-02
1.000000000000000021e-03	3.306045016645518114e-02	3.527740062414351507e-02	3.383406917564570765e-02
1.000000000000000021e-03	3.420851035059850609e-02	3.270994738251439132e-02	3.446290763095020970e-02
1.000000000000000021e-03	3.314031197116810296e-02	3.834078245411056546e-02	3.908337145112454614e-02
1.000000000000000021e-03	3.308745786556329532e-02	4.542972576555781572e-02	4.831714164465665540e-02
1.000000000000000021e-03	3.255543368367382062e-02	3.774641995459639132e-02	3.903116155415773531e-02
1.000000000000000021e-03	3.200367230265344087e-02	4.590250373237732273e-02	4.609780041500925740e-02
1.000000000000000021e-03	3.203912303198417494e-02	3.632524677830216431e-02	3.619921351782977303e-02
1.000000000000000021e-03	3.154033425070644492e-02	3.498688027145662599e-02	3.479244047775864601e-02
1.000000000000000021e-03	3.131539401895713087e-02	3.461964284094216221e-02	3.521131603047251979e-02
1.000000000000000021e-03	3.055798726556188671e-02	3.803953645429061781e-02	3.725879108533262929e-02
1.000000000000000021e-03	3.053611239451977863e-02	3.665128793977005806e-02	3.525457684881985049e-02
1.000000000000000021e-03	3.058559026237557543e-02	3.222018560267867621e-02	3.305445630103349963e-02
1.000000000000000021e-03	3.135856734334104695e-02	4.101120979959115703e-02	4.139624624513089934e-02
1.000000000000000021e-03	3.051266172134716598e-02	3.564759608143599351e-02	3.338979552499950210e-02
1.000000000000000021e-03	2.993801410823037495e-02	3.431474038092565543e-02	3.474359982647001743e-02
1.000000000000000021e-03	2.946846201092680889e-02	3.755166672209170331e-02	3.541508507914840898e-02
1.000000000000000021e-03	3.024987815952425926e-02	4.068646484410575609e-02	3.895574975758790692e-02
1.000000000000000021e-03	2.994720299618233023e-02	3.230083588491247659e-02	3.246611715294420858e-02
1.000000000000000021e-03	2.959785123267376361e-02	3.138712050480992055e-02	3.258398072794079642e-02
1.000000000000000021e-03	2.890846616447127759e-02	3.095429401396144684e-02	3.493546964600682120e-02
1.000000000000000021e-03	2.893122964781893666e-02	3.055393653897402889e-02	3.008335884660482545e-02
1.000000000000000021e-03	2.927167827199544242e-02	3.865075343488398596e-02	3.677472514100373069e-02
1.000000000000000021e-03	2.869896958633572429e-02	3.141090425014184118e-02	3.112534182146191666e-02
1.000000000000000021e-03	2.940736766612030498e-02	3.232052870562875796e-02	3.208981915377080718e-02
1.000000000000000021e-03	2.872268289139081471e-02	5.904230898665507876e-02	5.874763149768114090e-02
1.000000000000000021e-03	2.857398527602320049e-02	3.235224732904846273e-02	3.240229859948158542e-02
1.000000000000000021e-03	2.879479314553280017e-02	3.367857753021243072e-02	3.112040748819708963e-02
1.000000000000000021e-03	2.843395495324581301e-02	3.678838800424368699e-02	3.728891899809241156e-02
1.000000000000000021e-03	2.837691671220957459e-02	3.261576021450976470e-02	3.157830885611474792e-02
1.000000000000000021e-03	2.734193870816174071e-02	3.065916044510784075e-02	2.902831314131617407e-02
1.000000000000000021e-03	2.733862833480213764e-02	3.621228111429988100e-02	3.664555703289806843e-02
1.000000000000000021e-03	2.742624874408245914e-02	4.508452528980389645e-02	4.543655752204358439e-02
1.000000000000000021e-03	2.735754339714654287e-02	3.608595758325454372e-02	3.501830650493502339e-02
1.000000000000000021e-03	2.692540256938246238e-02	3.361097791510102295e-02	3.276205356232821803e-02
1.000000000000000021e-03	2.827557967461043209e-02	3.944858998372292869e-02	3.629636550322175303e-02
1.000000000000000021e-03	2.696374202458108951e-02	3.014782726452612874e-02	3.129378808662295480e-02
1.000000000000000021e-03	2.762322156316773455e-02	2.948226777748911773e-02	2.731074057519435744e-02
1.000000000000000021e-03	2.650051006268213521e-02	3.972320201080194874e-02	4.077974627725779871e-02
1.000000000000000021e-03	2.666287274447168287e-02	2.944049655571969945e-02	2.601040860172361066e-02
1.000000000000000021e-03	2.673113223819745948e-02	3.112775240464048243e-02	3.252046736888587752e-02
1.000000000000000021e-03	2.568208244469378718e-02	3.493554005643147858e-02	3.724159798584878583e-02
1.000000000000000021e-03	2.565597422277948042e-02	3.088190476775793530e-02	3.161361655220389089e-02
1.000000000000000021e-03	2.643907982249239785e-02	3.471626257475134147e-02	3.677753075025975982e-02
1.000000000000000021e-03	2.552472752122909513e-02	2.965821177547514620e-02	2.964867884293198586e-02
1.000000000000000021e-03	2.626310776455361568e-02	2.949617878187701242e-02	3.172177062369883199e-02
1.000000000000000021e-03	2.522429733668790294e-02	3.008835169813395966e-02	2.910304563120007584e-02
1.000000000000000021e-03	2.517515221050463034e-02	3.137589173869313047e-02	3.181964168325066705e-02
1.000000000000000021e-03	2.528715009815717812e-02	3.062332884764484148e-02	3.325746632181107720e-02
1.000000000000000021e-03	2.505788246333304214e-02	3.025292876269180739e-02	3.201177336741238555e-02
1.000000000000000021e-03	2.494939347190556003e-02	2.974133892716225580e-02	2.739910176023840904e-02
1.000000000000000021e-03	2.511720387172983182e-02	3.261472930380811264e-02	3.243908099830150604e-02
1.000000000000000021e-03	2.532588648802149359e-02	4.854497323251519281e-02	5.050539039075374603e-02
1.000000000000000021e-03	2.537147421985777931e-02	3.115396959346314332e-02	2.719728806987404754e-02
1.000000000000000021e-03	2.439253296651089017e-02	3.198446326581907279e-02	3.279924965463578562e-02
1.000000000000000021e-03	2.480301397043719810e-02	4.004964776610204363e-02	3.873454034328460693e-02
1.000000000000000021e-03	2.508909823486734150e-02	3.475708288203983171e-02	3.519348651170730452e-02
1.000000000000000021e-03	2.446930782155390047e-02	2.947971696784983109e-02	8.371770279482007582e-02
1.000000000000000021e-03	2.497087457932969587e-02	2.881663129786858277e-02	2.942979964427649975e-02
1.000000000000000021e-03	2.452171745332453259e-02	3.316515117532607693e-02	3.384537461679428677e-02
1.000000000000000021e-03	2.468099040556276380e-02	3.478027306770154620e-02	3.376821056008338928e-02
1.000000000000000021e-03	2.459498035107642380e-02	3.431257463172468491e-02	3.538784673437476297e-02
1.000000000000000021e-03	2.404428245700189135e-02	2.823957506352694352e-02	2.936590760946273734e-02
1.000000000000000021e-03	2.406164332184075952e-02	3.075443828449199446e-02	3.023584829643368582e-02
1.000000000000000021e-03	2.336460125316725325e-02	2.859005018951693219e-02	2.800252581946551661e-02
1.000000000000000021e-03	2.378832880047828877e-02	3.029720770946035813e-02	3.128947741352021417e-02
1.000000000000000021e-03	2.392156130280465032e-02	2.845520390616973830e-02	3.275227439589798589e-02
1.000000000000000021e-03	2.375185845171628660e-02	3.241479724489581410e-02	3.477834980003535748e-02
1.000000000000000021e-03	2.382940804740764015e-02	3.503711578187518327e-02	3.588377856649458547e-02
1.000000000000000021e-03	2.335245867214832613e-02	3.088395832915892883e-02	3.308115922845900059e-02
1.000000000000000021e-03	2.324487925238946304e-02	3.318741256419900643e-02	3.439726899378001829e-02
1.000000000000000021e-03	2.330433441095223351e-02	3.106403237706079415e-02	3.231884906999767104e-02
1.000000000000000021e-03	2.318063728866742029e-02	2.793234817352126254e-02	2.780338251031935076e-02
1.000000000000000021e-03	2.347145093103232549e-02	2.799902675449068151e-02	2.903044554404914449e-02
1.000000000000000021e-03	2.358844431540850148e-02	2.796543552418341919e-02	2.993884864263236453e-02
1.000000000000000021e-03	2.321181301983239048e-02	2.921660844217108255e-02	3.022861592471599509e-02
1.000000000000000021e-03	2.322818036394333485e-02	2.867370043242476949e-02	2.881854411680251360e-02
1.000000000000000021e-03	2.358083450628218128e-02	2.890121118599519798e-02	2.985184602439403673e-02
1.000000000000000021e-03	2.285262295806161914e-02	3.352074517200442222e-02	3.592328270897269388e-02
1.000000000000000021e-03	2.320293083173667614e-02	3.378170768666954177e-02	3.724514530040323734e-02
1.000000000000000021e-03	2.311921161515480966e-02	3.294752616220743974e-02	3.149419459514320174e-02
1.000000000000000021e-03	2.253737560635375031e-02	2.659616008381412988e-02	2.911243038251996179e-02
1.000000000000000021e-03	2.248440140185399908e-02	3.244926399156373292e-02	3.543473635800183097e-02
1.000000000000000021e-03	2.263189944882355517e-02	2.823597217144454413e-02	3.041459126397967269e-02
1.000000000000000021e-03	2.251456880702519536e-02	3.815500167105834867e-02	3.890267475508153716e-02
1.000000000000000021e-03	2.276250417330727763e-02	2.972453847254446016e-02	3.126518081407993893e-02
1.000000000000000021e-03	2.241387733958830758e-02	2.692187231287594337e-02	2.604316961951553752e-02
1.000000000000000021e-03	2.212138447711171560e-02	2.728098850326700353e-02	2.956184016074985335e-02
1.000000000000000021e-03	2.212522828321927815e-02	4.565381235321154529e-02	4.615170890465378900e-02
1.000000000000000021e-03	2.222609830616066942e-02	2.710569968339816491e-02	2.829546770080924173e-02
1.000000000000000021e-03	2.263660902951677642e-02	3.004426391141888988e-02	3.067984394729137559e-02
1.000000000000000021e-03	2.192983987354881967e-02	3.021306805897757547e-02	3.031672914512455533e-02
1.000000000000000021e-03	2.205490278661979137e-02	2.742668142766540446e-02	2.753718441817909479e-02
1.000000000000000021e-03	2.198038074453949331e-02	2.788374237521156623e-02	2.277765488252043655e-02
1.000000000000000021e-03	2.186751185790129087e-02	3.434359873230544841e-02	3.534078598022460938e-02
1.000000000000000021e-03	2.175755918767127706e-02	2.931668276835174350e-02	2.651625610888004234e-02
1.000000000000000021e-03	2.169363417973120892e-02	2.804593724340044558e-02	2.712440281175076962e-02
1.000000000000000021e-03	2.170661653252779072e-02	3.415804037443942454e-02	3.373753870837390562e-02
1.000000000000000021e-03	2.211875680329114524e-02	2.831961650459866378e-02	3.002039049752056737e-02
1.000000000000000021e-03	2.171658837887143617e-02	2.865250569558580596e-02	2.985731200315058093e-02
1.000000000000000021e-03	2.242338967765830290e-02	3.355779964964427514e-02	3.510741828940808912e-02
1.000000000000000021e-03	2.131952296827614723e-02	2.802292819754147526e-02	3.006522725336253574e-02
1.000000000000000021e-03	2.154860732217664387e-02	2.941090552165558092e-02	3.307120250537991246e-02
5.000000000000000104e-04	1.713182256297534137e-02	2.430560632428417633e-02	2.656312268227338860e-02
5.000000000000000104e-04	1.644570211738503873e-02	2.407386387986038337e-02	2.504441954661160846e-02
5.000000000000000104e-04	1.633984899205773861e-02	2.456946979662042591e-02	2.535982530098408391e-02
5.000000000000000104e-04	1.652263582712814108e-02	2.475138093925115246e-02	2.649832512252032687e-02
5.000000000000000104e-04	1.596368001226753860e-02	2.598202926794271686e-02	2.825585016980767389e-02
5.000000000000000104e-04	1.590722961022955628e-02	2.415228830601688290e-02	2.504903771914541652e-02
5.000000000000000104e-04	1.603231817665940612e-02	2.616244879751149222e-02	2.956546964123845170e-02
5.000000000000000104e-04	1.600637825486565108e-02	2.699057319011363698e-02	2.967147449962794642e-02
5.000000000000000104e-04	1.581147886918875950e-02	2.665149293235303390e-02	2.867637635208666186e-02
5.000000000000000104e-04	1.586728931392189165e-02	2.287563139387450289e-02	2.550559670198708842e-02
5.000000000000000104e-04	1.575749958721772356e-02	2.427167565371665670e-02	2.656623101793229719e-02
5.000000000000000104e-04	1.560428330090726963e-02	2.479332980470663750e-02	2.744136976543814013e-02
5.000000000000000104e-04	1.548423302707161060e-02	2.634038774208872710e-02	2.644867082126438687e-02
5.000000000000000104e-04	1.580298748224921723e-02	2.461118168680299576e-02	2.831894620321690967e-02
5.000000000000000104e-04	1.554276024973656051e-02	2.840134193291838846e-02	3.076682509854435782e-02
5.000000000000000104e-04	1.549126302748658410e-02	2.532426419506990378e-02	2.673663869500160148e-02
5.000000000000000104e-04	1.559895192180316484e-02	2.420174551844908942e-02	2.505489203613251586e-02
5.000000000000000104e-04	1.552777062806800883e-02	2.747471927036165482e-02	2.823266610503196578e-02
5.000000000000000104e-04	1.526458411617827651e-02	2.410594985396137882e-02	2.523920044768601656e-02
5.000000000000000104e-04	1.529354366315111534e-02	2.391646984301468506e-02	2.650013405364006619e-02
5.000000000000000104e-04	1.539534397494782617e-02	2.305671221123159823e-02	2.310015470720827579e-02
5.000000000000000104e-04	1.544917915601536941e-02	2.356739467039158098e-02	2.467852325644344022e-02
5.000000000000000104e-04	1.523895672489436644e-02	2.468230049198990791e-02	2.498413561843335767e-02
5.000000000000000104e-04	1.525559312750115679e-02	2.621108247698601679e-02	2.702435073442756991e-02
5.000000000000000104e-04	1.546438267956194712e-02	2.371593028872581027e-02	2.366601023823022842e-02
5.000000000000000104e-04	1.494057498733583969e-02	2.302568122081419602e-02	2.393640670925378799e-02
5.000000000000000104e-04	1.524041844461462153e-02	2.263789580091444056e-02	2.369813669938593964e-02
5.000000000000000104e-04	1.495045570655573718e-02	3.005625492849275243e-02	3.087479602545499871e-02
5.000000000000000104e-04	1.542717973967670624e-02	2.277283295891515888e-02	2.426557729486376186e-02
5.000000000000000104e-04	1.494115412694690774e-02	2.329164163662969175e-02	2.513144740369170974e-02
5.000000000000000104e-04	1.517637428075049172e-02	2.231759978799607858e-02	2.268972175661474605e-02
5.000000000000000104e-04	1.507324714120423202e-02	2.402752764640054065e-02	2.460574805736541817e-02
5.000000000000000104e-04	1.496617092386347617e-02	2.519912553551309498e-02	2.658459655940532615e-02
5.000000000000000104e-04	1.501950822930962944e-02	2.358637498545396866e-02	2.519543799571693013e-02
5.000000000000000104e-04	1.479343707234950268e-02	2.260575124613589670e-02	2.295123448129743338e-02
5.000000000000000104e-04	1.471060215928410297e-02	2.310297473367908111e-02	2.369687200989574125e-02
5.000000000000000104e-04	1.476870615191328527e-02	2.387038861152701238e-02	2.478234251029789309e-02
5.000000000000000104e-04	1.454489971248301879e-02	2.299609691567757949e-02	2.415493547450751205e-02
5.000000000000000104e-04	1.486095935301318810e-02	2.258958434442262866e-02	2.338761652354150872e-02
5.000000000000000104e-04	1.492631657795634968e-02	2.337072439082162056e-02	2.471755293663591146e-02
5.000000000000000104e-04	1.484480247155065859e-02	2.432088475888936202e-02	2.332630855962634225e-02
5.000000000000000104e-04	1.483039668457254191e-02	2.299417541679287316e-02	2.443923009559512138e-02
5.000000000000000104e-04	1.456175271070596355e-02	2.577248622824228341e-02	2.562154417391866376e-02
5.000000000000000104e-04	1.479731299310333217e-02	2.777716408225254160e-02	2.802583109587430954e-02
5.000000000000000104e-04	1.505365188397714271e-02	2.621366242093097626e-02	2.712773703970015188e-02
5.000000000000000104e-04	1.454341003303960544e-02	2.437564991024464278e-02	2.665064122993499041e-02
5.000000000000000104e-04	1.458618587610019737e-02	2.379230403034162875e-02	2.411299506202340195e-02
5.000000000000000104e-04	1.477473901900061386e-02	2.312462828585302652e-02	2.276945104822516303e-02
5.000000000000000104e-04	1.442867932746911760e-02	2.362969251476345137e-02	2.410080293193459650e-02
5.000000000000000104e-04	1.453811058925205853e-02	2.342469647468228486e-02	2.420159459579735925e-02
5.000000000000000104e-04	1.448501066812392726e-02	2.458236883370040066e-02	2.630956014618277689e-02
5.000000000000000104e-04	1.451851642534024087e-02	2.423724383895933809e-02	2.651496680919080903e-02
2.500000000000000052e-04	1.239252624163158199e-02	2.211192745656867173e-02	2.216587616130709718e-02
2.500000000000000052e-04	1.215345005641857781e-02	2.271720875756746971e-02	2.338905190117657185e-02
2.500000000000000052e-04	1.214439880970807038e-02	2.205854049683865503e-02	2.331470665521919589e-02
2.500000000000000052e-04	1.203833290859580157e-02	2.169244510185032102e-02	2.295213432516902616e-02
2.500000000000000052e-04	1.192242646136945812e-02	2.290449168591599319e-02	2.342101591639220853e-02
2.500000000000000052e-04	1.212585035905484714e-02	2.168546172824361434e-02	2.311500830110162566e-02
2.500000000000000052e-04	1.194627605077397230e-02	2.179522832845830205e-02	2.284297288861125708e-02
2.500000000000000052e-04	1.194556087224054632e-02	2.398037505262965233e-02	2.454918264411389689e-02
2.500000000000000052e-04	1.187953002232930433e-02	2.111467856094631154e-02	2.159347590059041908e-02
2.500000000000000052e-04	1.190125243115244813e-02	2.160486999743115727e-02	2.336940099485218525e-02
2.500000000000000052e-04	1.202700561516034661e-02	2.277829517069131227e-02	2.422846157569438080e-02
2.500000000000000052e-04	1.181473507350305242e-02	2.145098225842595810e-02	2.279135326389223476e-02
2.500000000000000052e-04	1.198396591470729002e-02	2.239737376395164320e-02	2.277199460659175972e-02
2.500000000000000052e-04	1.186838302676798337e-02	2.121993914948708260e-02	2.123066347558051278e-02
2.500000000000000052e-04	1.178499908522941640e-02	2.105257699158803383e-02	2.252116489689797232e-02
2.500000000000000052e-04	1.174548240876938099e-02	2.135574940533538010e-02	2.298834754619747539e-02
2.500000000000000052e-04	1.162721337333382302e-02	2.216502906101224316e-02	2.254446216393262217e-02
2.500000000000000052e-04	1.162566733668455969e-02	2.312104822823982456e-02	2.331334198825061460e-02
2.500000000000000052e-04	1.169666359954150102e-02	2.169839185004302992e-02	2.166975536383688311e-02
2.500000000000000052e-04	1.171712788475277531e-02	2.231287320890507769e-02	2.348389606922864775e-02
2.500000000000000052e-04	1.176053061409527804e-02	2.241011410561531692e-02	2.287827979307621717e-02
2.500000000000000052e-04	1.156078505754002707e-02	2.148134358402790239e-02	2.200900744646787713e-02
2.500000000000000052e-04	1.151884450355610857e-02	2.467022770381878741e-02	2.588927056640386720e-02
2.500000000000000052e-04	1.157221157421260867e-02	2.115243633828706171e-02	2.152294630650430918e-02
2.500000000000000052e-04	1.149702680808096025e-02	2.094557221140224898e-02	2.242857574019581010e-02
2.500000000000000052e-04	1.157152999453615015e-02	2.234759143217227711e-02	2.196119634900241951e-02
2.500000000000000052e-04	1.152972288379893254e-02	2.249072388750720380e-02	2.231047495733946492e-02
2.500000000000000052e-04	1.162158893562155459e-02	2.302671014209380432e-02	2.468605218455195358e-02
2.500000000000000052e-04	1.152492586984892389e-02	2.150278992911908160e-02	2.268006410449743132e-02
2.500000000000000052e-04	1.151371109795091933e-02	2.208223542032753534e-02	2.233294071629643440e-02
2.500000000000000052e-04	1.160682952399904634e-02	2.178285682954245184e-02	2.208155172411352396e-02
2.500000000000000052e-04	1.160554613684016377e-02	2.355474796321691683e-02	2.334058221895247628e-02
2.500000000000000052e-04	1.142957739243766029e-02	2.119073143024095135e-02	2.057449717540293932e-02
2.500000000000000052e-04	1.133602671975344686e-02	2.204274202828631832e-02	2.203488722443580627e-02
2.500000000000000052e-04	1.141725064901642599e-02	2.200054613805097967e-02	2.157944380305707593e-02
2.500000000000000052e-04	1.126990556378847270e-02	2.253180905123343750e-02	2.333399900235235552e-02
2.500000000000000052e-04	1.144213621234255879e-02	2.278007829259515518e-02	2.286937884055078099e-02
2.500000000000000052e-04	1.136554101289159562e-02	2.170183881629668063e-02	2.298683875706046889e-02
2.500000000000000052e-04	1.129636659090249573e-02	2.123542085133921925e-02	2.362078225705772569e-02
2.500000000000000052e-04	1.131080587298640208e-02	2.293783326813687851e-02	2.278479933738708496e-02
2.500000000000000052e-04	1.132882614563142896e-02	2.138687452272126921e-02	2.594400183297693868e-02
2.500000000000000052e-04	1.149569334025609020e-02	2.092673092183330169e-02	2.139315637759864330e-02
2.500000000000000052e-04	1.131509847797067606e-02	2.326889077191733601e-02	2.352842972613871167e-02
2.500000000000000052e-04	1.118090967124911982e-02	2.120001782804571688e-02	2.076015067286789487e-02
2.500000000000000052e-04	1.139003945050794629e-02	2.144067871008868004e-02	2.200750338379293611e-02
2.500000000000000052e-04	1.128464659221942862e-02	2.120768227151239096e-02	2.225600420497357915e-02
2.500000000000000052e-04	1.135095001787267931e-02	2.173368477735531865e-02	2.168669612146913867e-02
2.500000000000000052e-04	1.132286897491514149e-02	2.097793232103448841e-02	2.105759365949779610e-02
2.500000000000000052e-04	1.124210300822289961e-02	2.122643430039520759e-02	2.097371574491262505e-02
2.500000000000000052e-04	1.127172959426666135e-02	2.144983334281525683e-02	2.180895530618727138e-02
2.500000000000000052e-04	1.117959424800230375e-02	2.190695968773508431e-02	2.137099525425583194e-02
2.500000000000000052e-04	1.123221098066650575e-02	2.123270159909082175e-02	2.069608632009476562e-02
2.500000000000000052e-04	1.125911884134447871e-02	2.102428127119210233e-02	2.108266814611852238e-02
2.500000000000000052e-04	1.123108730693155380e-02	2.177892113835867838e-02	2.176794363185763359e-02
2.500000000000000052e-04	1.127367704801170330e-02	2.231343506947549779e-02	2.268293045926839113e-02
2.500000000000000052e-04	1.118879229233423096e-02	2.132537970758233495e-02	2.095152447000146051e-02
2.500000000000000052e-04	1.106268413870911335e-02	2.239203468179671447e-02	2.269413159228861332e-02
2.500000000000000052e-04	1.115491878216378664e-02	2.244652991539052705e-02	4.942634473554789742e-02
2.500000000000000052e-04	1.117670845100574885e-02	2.132544072140105801e-02	2.141790860332548618e-02
2.500000000000000052e-04	1.119040499683502006e-02	2.130989884928415068e-02	2.200075362343341043e-02
2.500000000000000052e-04	1.110476238621640500e-02	2.086314715503554199e-02	2.084495183080434938e-02
2.500000000000000052e-04	1.108425162318680060e-02	2.154779674104995157e-02	2.100624495651572804e-02
2.500000000000000052e-04	1.112955363891008839e-02	2.146479703915056894e-02	2.136351142544299503e-02
2.500000000000000052e-04	1.111485475783711464e-02	2.195915249200703495e-02	2.174752263817936182e-02
2.500000000000000052e-04	1.096306637351018159e-02	2.161037713698847618e-02	2.179324061144143412e-02
2.500000000000000052e-04	1.107415956065249500e-02	2.124693288579973180e-02	2.160681942477822234e-02
2.500000000000000052e-04	1.098051417479210291e-02	2.117380738765469242e-02	2.091821499634534051e-02
2.500000000000000052e-04	1.104908012592684986e-02	2.097713306097616012e-02	2.118311466183513472e-02
2.500000000000000052e-04	1.092882545170801613e-02	2.110353014212472400e-02	2.093299876432865719e-02
2.500000000000000052e-04	1.120588293059611440e-02	2.074975420413685198e-02	2.113024480640888353e-02
2.500000000000000052e-04	1.095602501708192907e-02	2.103267616411934327e-02	2.071077704895287613e-02
2.500000000000000052e-04	1.104244435804182557e-02	2.098485191123491966e-02	2.042071036994457314e-02
2.500000000000000052e-04	1.104856335513029406e-02	2.188355359126916214e-02	2.097312216646969249e-02
2.500000000000000052e-04	1.092290350817330322e-02	2.438416804006586502e-02	2.469962299801409245e-02
2.500000000000000052e-04	1.106123918333698150e-02	2.280683916413191181e-02	2.294955721590668032e-02
2.500000000000000052e-04	1.114893170727017033e-02	2.176153181969183240e-02	2.260917974635958533e-02
2.500000000000000052e-04	1.092790851804009006e-02	2.082055888055818829e-02	2.074772324413061073e-02
2.500000000000000052e-04	1.106370644998228014e-02	2.068560601685059605e-02	2.053105244413018157e-02
2.500000000000000052e-04	1.090219278141006665e-02	2.176085380710544512e-02	2.202326429542154212e-02
2.500000000000000052e-04	1.092390264202951732e-02	2.200492088200222199e-02	2.279166230000555585e-02
2.500000000000000052e-04	1.095014224571152529e-02	2.221869801644099293e-02	2.162708137184381554e-02
2.500000000000000052e-04	1.087163778215889491e-02	2.056928799141451852e-02	2.127203778363764147e-02
2.500000000000000052e-04	1.091958770209868097e-02	2.083534100312368909e-02	2.139424050692468812e-02
2.500000000000000052e-04	1.105089550631997361e-02	2.249571701014385292e-02	2.280046241357922693e-02
2.500000000000000052e-04	1.098807465280728611e-02	2.151453245372672227e-02	2.088783981744200130e-02
2.500000000000000052e-04	1.092544104416333026e-02	2.082740795354880506e-02	2.101074983365833898e-02
2.500000000000000052e-04	1.081288367029823415e-02	2.124020845400101387e-02	2.044832066167145967e-02
2.500000000000000052e-04	1.093376245227203024e-02	2.308943676542861423e-02	2.244587030727416416e-02
2.500000000000000052e-04	1.079877864741712185e-02	2.114692390335635996e-02	2.197955544106662204e-02
2.500000000000000052e-04	1.091880316685163617e-02	2.271045879485251301e-02	2.262345901690423350e-02
2.500000000000000052e-04	1.093543609853458998e-02	2.148887988043393302e-02	2.192055541090667109e-02
2.500000000000000052e-04	1.096781573126687399e-02	2.155426418145445569e-02	2.205994448158889870e-02
2.500000000000000052e-04	1.088703860387362117e-02	2.140676630027006991e-02	2.208558917045593331e-02
2.500000000000000052e-04	1.081861134097326753e-02	2.354000839867985070e-02	2.267157728783786297e-02
2.500000000000000052e-04	1.080456944865160022e-02	2.076944838526673456e-02	2.054976301733404259e-02
2.500000000000000052e-04	1.083711278828000668e-02	2.110874234011192105e-02	2.118410186376422713e-02
2.500000000000000052e-04	1.088783886704058554e-02	2.300837743266714863e-02	2.249431125819683144e-02
2.500000000000000052e-04	1.088565122309060121e-02	2.064951472179427788e-02	2.043127713259309391e-02
2.500000000000000052e-04	1.078610282706626670e-02	2.174908256753108754e-02	2.138328298460692029e-02
2.500000000000000052e-04	1.085367773774926700e-02	2.235449985625388020e-02	2.229558285325765679e-02
2.500000000000000052e-04	1.077771509297023068e-02	2.206339835340440092e-02	2.325369317550212214e-02
2.500000000000000052e-04	1.069576720370672175e-02	2.090835154875722926e-02	2.152877789922058582e-02
2.500000000000000052e-04	1.083449559143206432e-02	2.069894819281488038e-02	2.089453691150993178e-02
1.250000000000000026e-04	9.831732010860006615e-03	2.040478058588442514e-02	2.101371483877301216e-02
1.250000000000000026e-04	9.658388103780495004e-03	2.147125706798275191e-02	2.201960415113717387e-02
1.250000000000000026e-04	9.688342080590786609e-03	2.001690734860472540e-02	2.019702666439116001e-02
1.250000000000000026e-04	9.625644570432165953e-03	2.047500450710195569e-02	2.083431668579578330e-02
1.250000000000000026e-04	9.534531033209428866e-03	2.107992487428075878e-02	2.062719648238271405e-02
1.250000000000000026e-04	9.575968579003947892e-03	2.156202774982489759e-02	2.174654833506792923e-02
1.250000000000000026e-04	9.580466647888682963e-03	2.039864849962333068e-02	1.996529120951890876e-02
1.250000000000000026e-04	9.468630864000496597e-03	2.096433746409041843e-02	2.071378424298018356e-02
1.250000000000000026e-04	9.521285819898533606e-03	2.040941746544619462e-02	2.069296159315854242e-02
1.250000000000000026e-04	9.468262209521781728e-03	2.075063106628300541e-02	2.124041216447949271e-02
1.250000000000000026e-04	9.459463918474332600e-03	2.002195183538797718e-02	2.040498219430446694e-02
1.250000000000000026e-04	9.451477511809221535e-03	2.109077567458932795e-02	2.024728336837142845e-02
1.250000000000000026e-04	9.521960283815427209e-03	2.015148008642084210e-02	1.967094060964882235e-02
1.250000000000000026e-04	9.507714214866385544e-03	2.109000397875358812e-02	2.146388043183833361e-02
1.250000000000000026e-04	9.466168730735882025e-03	2.015428049538616276e-02	1.975514437071979046e-02
1.250000000000000026e-04	9.432723150556607608e-03	2.129057590503499048e-02	2.078204033896326880e-02
1.250000000000000026e-04	9.402916089747016121e-03	2.136765816858457803e-02	2.092024635057896514e-02
1.250000000000000026e-04	9.532732185823684923e-03	2.036885236004728345e-02	1.959647620096802850e-02
1.250000000000000026e-04	9.472333861340472352e-03	2.075965758120514384e-02	2.152210276108235121e-02
1.250000000000000026e-04	9.458742937189052943e-03	2.165622191006288597e-02	2.116677418816834827e-02
1.250000000000000026e-04	9.467954464297939285e-03	2.059568987466902160e-02	2.057678399141877820e-02
1.250000000000000026e-04	9.456889398034105249e-03	2.030813483355557031e-02	2.017649181652814150e-02
1.250000000000000026e-04	9.371522736831536943e-03	2.044430694967040371e-02	2.020641283597797086e-02
1.250000000000000026e-04	9.432365368280197851e-03	2.238032815695121039e-02	2.163874143734574249e-02
6.250000000000000130e-05	8.885635300081629051e-03	2.066099232657573476e-02	2.033559172414243360e-02
6.250000000000000130e-05	8.770225099339395633e-03	2.106481659377276716e-02	2.048298020381480317e-02
6.250000000000000130e-05	8.774638710702796496e-03	2.056453913859827842e-02	1.996921200770884752e-02
6.250000000000000130e-05	8.775848474617941458e-03	2.080927143136712329e-02	2.040160363540053506e-02
6.250000000000000130e-05	8.719731938449309244e-03	2.068455707944968566e-02	2.058094551321119209e-02
6.250000000000000130e-05	8.822631331972252688e-03	2.057062069451465539e-02	2.158278902061283588e-02
6.250000000000000130e-05	8.744432148266282831e-03	2.031190761642930401e-02	2.038026310037821531e-02
6.250000000000000130e-05	8.790585039852055749e-03	2.033478604307817697e-02	1.988811118062585453e-02
6.250000000000000130e-05	8.816596704094717754e-03	2.095558401197195053e-02	2.082264139316976001e-02
6.250000000000000130e-05	8.725709218202443856e-03	2.087664768021768244e-02	2.052335445769131253e-02
6.250000000000000130e-05	8.702412749347540263e-03	2.031012436287253295e-02	2.020898933988064458e-02
6.250000000000000130e-05	8.721229153262139572e-03	2.104725233274292590e-02	2.107887128368019988e-02
6.250000000000000130e-05	8.736726122248945556e-03	2.098699200274276380e-02	2.054049265570938657e-02
6.250000000000000130e-05	8.752238451015071502e-03	1.995594160270472428e-02	1.959604998119175365e-02
6.250000000000000130e-05	8.698487692523949183e-03	2.012455020665498279e-02	1.944176836404949357e-02
6.250000000000000130e-05	8.721537110322589298e-03	2.013305636581170024e-02	2.158460146747529645e-02
6.250000000000000130e-05	8.740451242969765611e-03	2.090645552715237818e-02	2.046486050821840624e-02
6.250000000000000130e-05	8.683923131842090706e-03	2.074543840656573740e-02	2.021804103860631516e-02
6.250000000000000130e-05	8.668695173132567877e-03	2.009468334507567844e-02	2.022921729367226432e-02
6.250000000000000130e-05	8.777401412481256396e-03	2.074467135759080344e-02	2.004475309513509274e-02
6.250000000000000130e-05	8.668106645259002555e-03	2.027734976593424665e-02	2.017824007198214600e-02
6.250000000000000130e-05	8.677998168958506175e-03	2.073110978445769775e-02	2.033138091210275750e-02
6.250000000000000130e-05	8.684172735502374701e-03	1.998046683683913499e-02	1.981175607070326944e-02
6.250000000000000130e-05	8.620823094477186171e-03	2.005859689679757515e-02	1.956680070143192868e-02
6.250000000000000130e-05	8.747378859664636450e-03	2.028070677910487687e-02	2.016240442171692709e-02
6.250000000000000130e-05	8.651481185557018463e-03	2.035174961079945846e-02	2.004420070443302393e-02
6.250000000000000130e-05	8.655231262905573389e-03	2.045636059453037961e-02	2.020543126855045557e-02
6.250000000000000130e-05	8.634033478545095203e-03	2.021924244405711585e-02	1.992696404922753711e-02
6.250000000000000130e-05	8.722930033260510932e-03	2.031916662250981762e-02	1.943522721994668176e-02
6.250000000000000130e-05	8.642574591825458521e-03	2.083894724504173693e-02	2.124421419575810502e-02
6.250000000000000130e-05	8.638049226629137406e-03	2.056643762260051272e-02	1.983164499979466269e-02
6.250000000000000130e-05	8.716351156777995754e-03	2.074158403300802034e-02	2.014463045634329319e-02
6.250000000000000130e-05	8.613723870085085790e-03	2.031433519405064295e-02	1.971356058493256569e-02
6.250000000000000130e-05	8.603584057629247786e-03	2.035533076552040188e-02	1.976286135613918374e-02
6.250000000000000130e-05	8.633638025652087128e-03	2.233465899425651421e-02	2.147578364238143106e-02
3.125000000000000065e-05	8.413779119938751341e-03	2.015338619654091085e-02	2.035910629201680491e-02
3.125000000000000065e-05	8.347212328830731429e-03	2.031475408929180743e-02	1.982947951182723045e-02
3.125000000000000065e-05	8.337112878020712381e-03	1.972514032313102753e-02	1.938234469853341441e-02
3.125000000000000065e-05	8.340018862070664243e-03	2.063507485783692974e-02	2.033184547908604284e-02
3.125000000000000065e-05	8.349358529197036319e-03	2.008875735416150096e-02	1.980092315934598585e-02
3.125000000000000065e-05	8.357774795950274546e-03	2.028022616301999523e-02	1.993361692875623634e-02
3.125000000000000065e-05	8.315687147990398140e-03	2.035867681736565349e-02	1.996462421957403283e-02
3.125000000000000065e-05	8.280224494588381626e-03	2.056527728244116060e-02	2.032882221974432330e-02
3.125000000000000065e-05	8.309680568146422114e-03	2.018610320263664049e-02	1.970719532109797140e-02
3.125000000000000065e-05	8.328876516891729753e-03	2.028324778791497363e-02	1.971385509241372486e-02
3.125000000000000065e-05	8.331710236215310317e-03	2.012162992038339995e-02	1.958148686680942843e-02
3.125000000000000065e-05	8.322044488350324384e-03	1.999498635569479932e-02	1.968292850069701741e-02
3.125000000000000065e-05	8.323772298415918827e-03	2.019649382232059295e-02	1.973974620923400064e-02
3.125000000000000065e-05	8.297910404821220304e-03	2.050264057805712900e-02	2.000361839309334686e-02
3.125000000000000065e-05	8.301423499582811366e-03	2.061425638019414447e-02	2.043487473856657813e-02
3.125000000000000065e-05	8.291600854745553514e-03	2.017111127406202853e-02	1.977052164729684730e-02
3.125000000000000065e-05	8.255014278118158466e-03	2.072210083301154887e-02	2.043961377348750899e-02
3.125000000000000065e-05	8.273321867569925769e-03	1.990171647216169154e-02	1.953143861610442261e-02
3.125000000000000065e-05	8.281278260076041856e-03	2.197518926211364590e-02	2.164075758773833374e-02
3.125000000000000065e-05	8.313232955076948344e-03	1.985677337537261264e-02	1.940579679794609408e-02
3.125000000000000065e-05	8.270235334800956836e-03	2.071206160962425769e-02	2.041005680803209543e-02
3.125000000000000065e-05	8.301197743252431566e-03	2.113966662339203037e-02	2.052313531748950481e-02
3.125000000000000065e-05	8.268043290229905307e-03	2.015861181825087320e-02	1.965173434000462224e-02
3.125000000000000065e-05	8.296532993361466560e-03	2.047547462996075762e-02	2.028219001367688110e-02
1.562500000000000033e-05	8.119206423445921028e-03	2.026730535932236288e-02	1.964169230777770142e-02
1.562500000000000033e-05	8.122474779475127860e-03	2.028206509601383420e-02	2.019479831214994123e-02
1.562500000000000033e-05	8.123920963607932783e-03	2.078602731188866626e-02	2.102252959739416699e-02
1.562500000000000033e-05	8.149495318265432761e-03	2.030076172339354348e-02	1.990318442694842885e-02
1.562500000000000033e-05	8.145962527304576387e-03	2.034524439088025022e-02	2.001483456697315116e-02
1.562500000000000033e-05	8.111634035987552727e-03	2.034372296574384065e-02	2.022532485425472190e-02
1.562500000000000033e-05	8.144434896059911042e-03	2.002291326747514949e-02	1.982254444155841927e-02
1.562500000000000033e-05	8.129848328480250227e-03	2.037652134310200674e-02	2.012530558276921441e-02
1.562500000000000033e-05	8.101034613674016130e-03	2.086173342687141358e-02	2.039663756731897523e-02
1.562500000000000033e-05	8.076154595211694487e-03	2.021511160422369974e-02	1.954376189969480107e-02
1.562500000000000033e-05	8.119021095671388050e-03	2.013963210294071951e-02	2.028381582349538664e-02
1.562500000000000033e-05	8.087654840233646225e-03	2.011659214302351228e-02	1.954174810089170933e-02
1.562500000000000033e-05	8.070790320754034006e-03	2.080898958194942264e-02	2.063541682437062402e-02
1.562500000000000033e-05	8.089238567816320336e-03	2.043367187975276764e-02	2.000899622216820856e-02
1.562500000000000033e-05	8.106930829083992471e-03	2.009041502057569775e-02	1.969047849997878144e-02
1.562500000000000033e-05	8.072015773580821021e-03	2.044301180178738353e-02	2.070984931197017431e-02
1.562500000000000033e-05	8.087478443187048199e-03	2.021916128246415909e-02	2.015576579142362018e-02
1.562500000000000033e-05	8.051786736984492543e-03	2.067469849363359410e-02	2.058964362367987633e-02
1.562500000000000033e-05	8.097656769000769264e-03	1.979507280620916923e-02	1.944770468398928503e-02
1.562500000000000033e-05	8.079162152747365946e-03	2.022265412244965421e-02	2.011589023750275443e-02
1.562500000000000033e-05	8.084555907709140704e-03	2.051656374815090736e-02	2.004384470637887716e-02
7.812500000000000163e-06	7.985182865801819518e-03	2.039917318043128411e-02	2.007832960225641727e-02
7.812500000000000163e-06	7.968240250671339286e-03	1.988822133499758282e-02	1.918711804319173098e-02
7.812500000000000163e-06	8.007084178224144894e-03	2.034362336298870325e-02	2.028096683789044549e-02
7.812500000000000163e-06	7.991558982144961881e-03	2.021759933260566799e-02	1.976054564584046533e-02
7.812500000000000163e-06	8.018177432301190968e-03	2.009376574366192672e-02	1.975827997084706952e-02
7.812500000000000163e-06	8.016859300688143966e-03	2.050145428764258218e-02	2.138286845292896102e-02
7.812500000000000163e-06	7.977335519845954806e-03	2.046792479768317491e-02	2.026610260363668342e-02
7.812500000000000163e-06	8.012205353109659242e-03	1.980788681012485633e-02	1.927179109770804644e-02
7.812500000000000163e-06	7.995229207115803205e-03	2.015154709288587143e-02	2.005614135414362023e-02
7.812500000000000163e-06	7.994389245714592085e-03	2.020994746443176629e-02	1.986333969980478426e-02
7.812500000000000163e-06	7.969216890297201733e-03	2.022986674769074525e-02	1.966505718883126974e-02
7.812500000000000163e-06	7.988551604209892174e-03	1.997057455762518696e-02	1.999432803131639957e-02
7.812500000000000163e-06	8.004332789387325758e-03	2.044944433466146239e-02	2.017685410100966692e-02
7.812500000000000163e-06	7.989929508690903417e-03	1.999929081160984820e-02	1.977265733294188838e-02
7.812500000000000163e-06	8.060594723213717130e-03	2.027430572590902674e-02	2.072618971578776836e-02
7.812500000000000163e-06	8.008122746466965827e-03	2.016478871039226878e-02	1.971209691837429862e-02
7.812500000000000163e-06	7.951340926328914066e-03	1.997310471238266175e-02	1.938735833391547203e-02
7.812500000000000163e-06	7.949839883287280334e-03	1.999961775459388122e-02	1.992341547738760849e-02
7.812500000000000163e-06	7.949188549923231345e-03	2.012592903704075314e-02	1.984359468333423207e-02
7.812500000000000163e-06	7.980847309184774252e-03	1.979958024168513783e-02	1.909051354741677503e-02
7.812500000000000163e-06	7.963675444587033775e-03	2.027857815602998950e-02	2.004884190391749074e-02
3.906250000000000081e-06	7.917228653548050860e-03	2.063998624350855959e-02	2.065755112562328577e-02
3.906250000000000081e-06	7.940865459853545943e-03	2.010658480890134200e-02	1.988081224262714525e-02
3.906250000000000081e-06	7.945094184723529643e-03	1.979392909820323204e-02	1.950859557837247849e-02
3.906250000000000081e-06	7.977061362643447090e-03	1.992227942122058726e-02	2.028761578258126905e-02
3.906250000000000081e-06	7.987043190771337189e-03	1.988517237505363702e-02	1.969827250577509473e-02
3.906250000000000081e-06	7.974529573601767812e-03	2.121674565413079333e-02	2.151566604152321815e-02
3.906250000000000081e-06	7.960313390409482631e-03	2.063995337903655469e-02	2.028989642858505110e-02
3.906250000000000081e-06	7.941083541034853893e-03	2.065641793827111689e-02	2.031677379272878170e-02
3.906250000000000081e-06	7.972488808811335412e-03	2.111553868366629685e-02	2.109136621002107720e-02
3.906250000000000081e-06	7.934982109860391764e-03	2.019952572102010069e-02	2.007017845753580193e-02
3.906250000000000081e-06	7.939217453134431168e-03	2.050879876085445058e-02	2.006869870238005976e-02
3.906250000000000081e-06	7.938903189736130211e-03	1.999054885230451203e-02	1.966821600217372179e-02
3.906250000000000081e-06	7.967924133838176146e-03	2.011150971094038953e-02	1.996591223869472603e-02
3.906250000000000081e-06	7.956669784523221975e-03	2.028540064975697249e-02	1.986830318346619745e-02
3.906250000000000081e-06	7.948704518718019071e-03	2.030275713808405574e-02	1.954492460936307907e-02
3.906250000000000081e-06	7.927345642099431489e-03	1.998569383602881791e-02	1.968885287642479012e-02
3.906250000000000081e-06	7.947256338390900135e-03	2.012449471738326015e-02	1.963307824917137623e-02
3.906250000000000081e-06	7.941959862482970631e-03	2.020293126048530036e-02	2.069791101384908100e-02
3.906250000000000081e-06	7.936948329836580884e-03	2.000671283814919529e-02	1.947733801789581706e-02
3.906250000000000081e-06	7.952594014893460059e-03	1.983279604659810708e-02	1.951652897987514804e-02
3.906250000000000081e-06	7.974519713718385833e-03	2.037067218873825358e-02	1.986794080585241318e-02
1.953125000000000041e-06	7.862953910709225697e-03	2.005291213793436098e-02	1.944107823073864053e-02
1.953125000000000041e-06	7.942877498299853734e-03	1.999288442403233945e-02	1.982691839803010087e-02
1.953125000000000041e-06	7.915962101168899992e-03	2.019347948709707477e-02	1.938405998516827891e-02
1.953125000000000041e-06	7.918560925119140850e-03	2.029821515102817053e-02	1.979332074988633325e-02
1.953125000000000041e-06	7.891284941721093613e-03	2.091507122642238814e-02	2.027231701649725298e-02
1.953125000000000041e-06	7.907940111371703981e-03	1.997172093769798706e-02	1.967174734454602003e-02
1.953125000000000041e-06	7.911606412489290835e-03	2.004605407353627147e-02	2.019650342408567736e-02
1.953125000000000041e-06	7.921722730585938066e-03	2.191960881829885938e-02	2.145168967545032362e-02
1.953125000000000041e-06	7.897200412591003083e-03	2.011524004305844521e-02	1.978721073828637600e-02
1.953125000000000041e-06	7.914712994699131185e-03	2.029831867411498528e-02	1.955277961678802967e-02
1.953125000000000041e-06	7.904746459440533182e-03	2.016193920463635672e-02	1.978838157374411891e-02
1.953125000000000041e-06	7.901204061066518375e-03	2.019359498572443137e-02	2.086584577336907456e-02
1.953125000000000041e-06	7.885977905677060001e-03	2.004875879032605446e-02	1.939053311944007735e-02
1.953125000000000041e-06	7.895871860892396052e-03	2.078960187908710650e-02	2.048394498415291240e-02
1.953125000000000041e-06	7.891814878623263155e-03	1.996470076953553441e-02	1.954835711512714624e-02
1.953125000000000041e-06	7.881039428487290194e-03	2.010452525973007928e-02	1.951449727639555792e-02
1.953125000000000041e-06	7.941084997885584223e-03	1.987398256845187075e-02	2.007827472407370736e-02
1.953125000000000041e-06	7.873007841841677540e-03	2.005453278061919073e-02	1.938730441033840318e-02
1.953125000000000041e-06	7.952537290901465217e-03	2.002755011778071387e-02	2.048448009882122139e-02
