1.000000000000000021e-03	6.861588683309434167e-01	5.346515774726867676e-01	5.038981065154075623e-01
1.000000000000000021e-03	4.096441472632975644e-01	4.191543124616146088e-01	3.929075524210929871e-01
1.000000000000000021e-03	3.390388603829130321e-01	6.160079501569271088e-01	5.803205445408821106e-01
1.000000000000000021e-03	3.402383706614940939e-01	3.586121164262294769e-01	3.226796612143516541e-01
1.000000000000000021e-03	3.091646870480307951e-01	2.924009542912244797e-01	2.525844778865575790e-01
1.000000000000000021e-03	2.920131807840323224e-01	2.967983335256576538e-01	2.737170755863189697e-01
1.000000000000000021e-03	2.888554517604127736e-01	3.043838720768690109e-01	2.749321237206459045e-01
1.000000000000000021e-03	2.705571800470352173e-01	2.586649060249328613e-01	2.169816456735134125e-01
1.000000000000000021e-03	2.615317598551134548e-01	2.307617627084255219e-01	1.938801053911447525e-01
1.000000000000000021e-03	2.794310331721849283e-01	4.360599666833877563e-01	4.384780749678611755e-01
1.000000000000000021e-03	2.630418024108379660e-01	2.282814662903547287e-01	2.145019583404064178e-01
1.000000000000000021e-03	2.530243575950212320e-01	2.147322297096252441e-01	1.797895897179841995e-01
1.000000000000000021e-03	2.471513402990148101e-01	3.283485099673271179e-01	2.894260659813880920e-01
1.000000000000000021e-03	2.390411384875261447e-01	2.316868547350168228e-01	2.153198178857564926e-01
1.000000000000000021e-03	2.369616867243489189e-01	2.540384344756603241e-01	2.583265956491231918e-01
1.000000000000000021e-03	2.319667580761486936e-01	2.406851630657911301e-01	2.011155933141708374e-01
1.000000000000000021e-03	2.234869120241720353e-01	2.510167546570301056e-01	2.340413965284824371e-01
1.000000000000000021e-03	2.281824388081514499e-01	2.644853014498949051e-01	2.334939073771238327e-01
1.000000000000000021e-03	2.177503071253812650e-01	3.122426643967628479e-01	3.096467144787311554e-01
1.000000000000000021e-03	2.220468794620489850e-01	2.103928141295909882e-01	2.023605164140462875e-01
1.000000000000000021e-03	2.297976311249068926e-01	1.984666902571916580e-01	1.745204385370016098e-01
1.000000000000000021e-03	2.123419284066067336e-01	1.977478712797164917e-01	1.675945334136486053e-01
1.000000000000000021e-03	2.053736740652518933e-01	2.118735108524560928e-01	1.836825162172317505e-01
1.000000000000000021e-03	2.053570028724549801e-01	3.558303490281105042e-01	3.255309201776981354e-01
1.000000000000000021e-03	1.938164317155186001e-01	1.872503310441970825e-01	1.649504341185092926e-01
1.000000000000000021e-03	1.933225753563868887e-01	1.920874286442995071e-01	1.617365274578332901e-01
1.000000000000000021e-03	1.826860984858078296e-01	2.088873349130153656e-01	1.929058972746133804e-01
1.000000000000000021e-03	1.858980639637271004e-01	2.115907780826091766e-01	1.943600475788116455e-01
1.000000000000000021e-03	1.948835130167912710e-01	1.647668182849884033e-01	1.413265634328126907e-01
1.000000000000000021e-03	1.914138275234004982e-01	3.184378892183303833e-01	2.992304265499114990e-01
1.000000000000000021e-03	1.970402751165100386e-01	1.678908495232462883e-01	1.438219342380762100e-01
1.000000000000000021e-03	1.941144442822359817e-01	2.242391444742679596e-01	1.909194216132164001e-01
1.000000000000000021e-03	1.818957379724406020e-01	2.624198235571384430e-01	2.510329149663448334e-01
1.000000000000000021e-03	1.711611733595027329e-01	1.952044218778610229e-01	1.694258674979209900e-01
1.000000000000000021e-03	1.838020940747442100e-01	1.878198049962520599e-01	1.648026369512081146e-01
1.000000000000000021e-03	1.911059742486929669e-01	1.955944560468196869e-01	1.702988091856241226e-01
1.000000000000000021e-03	1.787360668936862351e-01	2.606530226767063141e-01	2.548496425151824951e-01
1.000000000000000021e-03	1.790912077773975375e-01	1.748812720179557800e-01	1.721849702298641205e-01
1.000000000000000021e-03	1.689692804519134228e-01	2.295476756989955902e-01	1.972256079316139221e-01
1.000000000000000021e-03	1.686808432959303050e-01	1.549560846760869026e-01	1.459793895483016968e-01
1.000000000000000021e-03	1.650765246794193564e-01	2.304789889603853226e-01	2.169654350727796555e-01
1.000000000000000021e-03	1.626812741160392761e-01	1.607541805133223534e-01	1.447065938264131546e-01
1.000000000000000021e-03	1.796768962205210762e-01	2.419983893632888794e-01	2.400156669318675995e-01
1.000000000000000021e-03	1.659975024529650178e-01	2.290801629424095154e-01	2.112140096724033356e-01
1.000000000000000021e-03	1.786485121031350654e-01	4.252977296710014343e-01	4.068695344030857086e-01
1.000000000000000021e-03	1.661201660768895083e-01	1.522824605926871300e-01	1.215328862890601158e-01
1.000000000000000021e-03	1.717155297534375125e-01	2.167640458792448044e-01	1.964071709662675858e-01
1.000000000000000021e-03	1.684257824775538814e-01	1.603608336299657822e-01	1.282738856971263885e-01
1.000000000000000021e-03	1.658954676004904816e-01	1.495170583948493004e-01	1.274709068238735199e-01
1.000000000000000021e-03	1.561124639797814295e-01	1.952820718288421631e-01	1.660578455775976181e-01
1.000000000000000021e-03	1.516655001647864709e-01	1.459479238837957382e-01	1.223130645230412483e-01
1.000000000000000021e-03	1.592122799233545161e-01	2.393996696919202805e-01	2.312947697937488556e-01
1.000000000000000021e-03	1.819660908813718059e-01	1.801620181649923325e-01	1.640321630984544754e-01
1.000000000000000021e-03	1.577120024380804508e-01	2.311017569154500961e-01	2.114635650068521500e-01
1.000000000000000021e-03	1.603365222675890989e-01	1.531149670481681824e-01	1.373031027615070343e-01
1.000000000000000021e-03	1.502054802413228252e-01	2.652195505797863007e-01	2.521037608385086060e-01
1.000000000000000021e-03	1.512385035240197406e-01	2.554607894271612167e-01	2.420583479106426239e-01
1.000000000000000021e-03	1.620553112294100540e-01	2.203066963702440262e-01	2.122654318809509277e-01
1.000000000000000021e-03	1.614043822960008479e-01	2.298541814088821411e-01	2.157269641757011414e-01
1.000000000000000021e-03	1.531815870275980429e-01	1.585913673043251038e-01	1.481349235400557518e-01
1.000000000000000021e-03	1.421929067825969395e-01	1.771067567169666290e-01	1.598827987909317017e-01
1.000000000000000021e-03	1.432371780842165432e-01	1.448175925761461258e-01	1.314681218937039375e-01
1.000000000000000021e-03	1.348172815728791163e-01	1.539938710629940033e-01	1.363689079880714417e-01
1.000000000000000021e-03	1.340521192060241118e-01	1.262210886925458908e-01	1.118052266538143158e-01
1.000000000000000021e-03	1.296007277656205103e-01	1.523625636473298073e-01	1.301930546760559082e-01
1.000000000000000021e-03	1.544060259114337919e-01	1.501817982643842697e-01	1.227821484208106995e-01
1.000000000000000021e-03	1.455485236984264963e-01	1.690942114219069481e-01	1.563092581927776337e-01
1.000000000000000021e-03	1.517697540642339860e-01	3.119359575212001801e-01	3.097240924835205078e-01
1.000000000000000021e-03	1.429415053770511923e-01	1.512537039816379547e-01	1.322154086083173752e-01
1.000000000000000021e-03	1.414713529469091569e-01	1.386732542887330055e-01	1.273220852017402649e-01
1.000000000000000021e-03	1.341278883098047103e-01	1.501406962051987648e-01	1.424882793799042702e-01
1.000000000000000021e-03	1.478419252966023667e-01	2.605643626302480698e-01	2.395130079239606857e-01
1.000000000000000021e-03	1.611796387388736429e-01	1.541531691327691078e-01	1.307179350405931473e-01
1.000000000000000021e-03	1.475802736380432134e-01	2.254122700542211533e-01	2.099648658186197281e-01
1.000000000000000021e-03	1.348914999184729069e-01	1.317214006558060646e-01	1.146672647446393967e-01
1.000000000000000021e-03	1.259668127079553168e-01	1.222219569608569145e-01	1.135864788666367531e-01
1.000000000000000021e-03	1.340996839011771857e-01	1.510038794949650764e-01	1.328101865947246552e-01
1.000000000000000021e-03	1.297211138696610089e-01	1.740857455879449844e-01	1.548738032579421997e-01
1.000000000000000021e-03	1.327934622575965007e-01	1.590114627033472061e-01	1.409825487062335014e-01
1.000000000000000021e-03	1.315813376745091079e-01	1.509731840342283249e-01	1.158622363582253456e-01
1.000000000000000021e-03	1.268343751000452768e-01	1.773413456976413727e-01	1.560731995850801468e-01
1.000000000000000021e-03	1.249771736845185499e-01	1.921502482146024704e-01	1.805755272507667542e-01
1.000000000000000021e-03	1.366173878689355414e-01	1.240654429420828819e-01	1.039658607915043831e-01
1.000000000000000021e-03	1.170045456648627358e-01	1.401641061529517174e-01	1.182365175336599350e-01
1.000000000000000021e-03	1.212944999525818607e-01	1.343866381794214249e-01	1.138215195387601852e-01
1.000000000000000021e-03	1.139832631319384060e-01	1.537425313144922256e-01	1.472401535138487816e-01
1.000000000000000021e-03	1.339139249883120608e-01	1.173515655100345612e-01	1.005392437800765038e-01
1.000000000000000021e-03	1.162077915630763125e-01	1.710280776023864746e-01	1.586478222161531448e-01
1.000000000000000021e-03	1.213837066971803075e-01	1.822501029819250107e-01	1.596861444413661957e-01
1.000000000000000021e-03	1.179019499900220286e-01	1.808933857828378677e-01	1.754145342856645584e-01
1.000000000000000021e-03	1.211376511786557419e-01	1.415910860523581505e-01	1.280318330973386765e-01
1.000000000000000021e-03	1.199869342808481953e-01	1.408605119213461876e-01	1.307856114581227303e-01
1.000000000000000021e-03	1.147882725241818058e-01	1.359730232506990433e-01	1.181610478088259697e-01
1.000000000000000021e-03	1.148685778055009987e-01	1.421643570065498352e-01	1.276991432532668114e-01
1.000000000000000021e-03	1.187968354059171089e-01	1.938551813364028931e-01	1.732202526181936264e-01
1.000000000000000021e-03	1.280431491381759934e-01	1.224408745765686035e-01	1.020344104617834091e-01
1.000000000000000021e-03	1.281182401919666591e-01	1.699709612876176834e-01	1.431064130738377571e-01
1.000000000000000021e-03	1.164896350495422950e-01	1.377964476123452187e-01	1.227312758564949036e-01
1.000000000000000021e-03	1.258045652810531323e-01	1.823668591678142548e-01	1.673911679536104202e-01
1.000000000000000021e-03	1.137349768718586701e-01	1.938291862607002258e-01	1.806388143450021744e-01
1.000000000000000021e-03	1.129051706270326610e-01	1.505634486675262451e-01	1.255077077075839043e-01
1.000000000000000021e-03	1.175558354375483144e-01	1.207521241158246994e-01	1.080488832667469978e-01
1.000000000000000021e-03	1.108078089884564910e-01	1.389484563842415810e-01	1.183673553168773651e-01
1.000000000000000021e-03	1.112175664947002707e-01	1.450031101703643799e-01	1.267825281247496605e-01
1.000000000000000021e-03	1.272441509026515372e-01	1.433755876496434212e-01	1.291508330032229424e-01
1.000000000000000021e-03	1.069725087454801854e-01	1.486368216574192047e-01	1.357286479324102402e-01
1.000000000000000021e-03	1.010027823474588249e-01	1.164168184623122215e-01	1.046587591990828514e-01
1.000000000000000021e-03	1.148127579142021182e-01	1.162381442263722420e-01	1.006929548457264900e-01
1.000000000000000021e-03	1.091499069257627491e-01	1.848739255219697952e-01	1.766933724284172058e-01
1.000000000000000021e-03	9.925626991670342958e-02	1.352526610717177391e-01	1.178310569375753403e-01
1.000000000000000021e-03	1.083390420373482044e-01	1.684559173882007599e-01	1.474679689854383469e-01
1.000000000000000021e-03	1.088022547243516630e-01	1.524715134873986244e-01	1.361962640658020973e-01
1.000000000000000021e-03	1.044399319570275819e-01	1.370017025619745255e-01	1.170760281383991241e-01
1.000000000000000021e-03	1.093327135224885643e-01	1.122853420674800873e-01	1.024279994890093803e-01
1.000000000000000021e-03	1.048561118637459239e-01	1.266647456213831902e-01	1.130476258695125580e-01
1.000000000000000021e-03	1.125222760005087780e-01	1.686945222318172455e-01	1.535614058375358582e-01
1.000000000000000021e-03	1.058347075706041335e-01	1.892505567520856857e-01	1.804784350097179413e-01
1.000000000000000021e-03	1.111923776378360013e-01	1.456267861649394035e-01	1.228150343522429466e-01
1.000000000000000021e-03	1.167172599065152971e-01	1.180468406528234482e-01	1.088573355227708817e-01
1.000000000000000021e-03	1.077156193271467943e-01	1.485694497823715210e-01	1.272691320627927780e-01
1.000000000000000021e-03	1.204722899990745694e-01	1.118262773379683495e-01	8.818444516509771347e-02
1.000000000000000021e-03	1.118567923579034951e-01	1.555288024246692657e-01	1.400513751432299614e-01
1.000000000000000021e-03	1.115122363914417269e-01	1.467492366209626198e-01	1.245315717533230782e-01
1.000000000000000021e-03	1.054992347106903372e-01	2.149033397436141968e-01	1.997038200497627258e-01
1.000000000000000021e-03	1.059949916752078863e-01	1.690488662570714951e-01	1.601427420973777771e-01
1.000000000000000021e-03	1.112206076990954473e-01	1.377634303644299507e-01	1.191928861662745476e-01
1.000000000000000021e-03	1.064631236787838275e-01	1.362682059407234192e-01	1.192412618547677994e-01
1.000000000000000021e-03	1.014039313680008964e-01	1.316256783902645111e-01	1.004835823550820351e-01
1.000000000000000021e-03	1.148120578425594479e-01	1.229273593053221703e-01	1.189431594684720039e-01
1.000000000000000021e-03	1.021980539530138454e-01	1.128529869019985199e-01	9.849805757403373718e-02
1.000000000000000021e-03	1.005119456426252361e-01	1.135818772017955780e-01	1.005745502188801765e-01
1.000000000000000021e-03	1.028383795784998528e-01	1.110044633969664574e-01	9.255155548453330994e-02
1.000000000000000021e-03	1.045440078913411064e-01	1.144154323264956474e-01	9.720423724502325058e-02
1.000000000000000021e-03	1.030140326275855722e-01	1.786078531295061111e-01	1.629420351237058640e-01
1.000000000000000021e-03	1.067688122297389547e-01	1.328398659825325012e-01	1.212737057358026505e-01
1.000000000000000021e-03	1.027247140396244929e-01	1.509208083152770996e-01	1.331774992868304253e-01
1.000000000000000021e-03	9.057684209716471146e-02	1.067179897800087929e-01	9.282640647143125534e-02
1.000000000000000021e-03	9.871259477885463429e-02	1.307459929957985878e-01	1.119300583377480507e-01
1.000000000000000021e-03	1.092018644926668752e-01	1.487424746155738831e-01	1.315378248691558838e-01
1.000000000000000021e-03	1.050529052279418063e-01	1.737786773592233658e-01	1.537546403706073761e-01
1.000000000000000021e-03	9.679569525620605741e-02	1.261149384081363678e-01	1.068529505282640457e-01
1.000000000000000021e-03	8.535008608729025004e-02	1.120274271816015244e-01	9.415691718459129333e-02
1.000000000000000021e-03	1.063812947065769926e-01	1.205220837146043777e-01	9.966020286083221436e-02
1.000000000000000021e-03	9.531554452414754686e-02	1.454755701124668121e-01	1.295100450515747070e-01
1.000000000000000021e-03	9.456045930332775129e-02	1.558699868619441986e-01	1.446471009403467178e-01
1.000000000000000021e-03	9.503151179303097329e-02	1.367328986525535583e-01	1.262440104037523270e-01
1.000000000000000021e-03	9.749630310490162155e-02	1.566231828182935715e-01	1.460573486983776093e-01
1.000000000000000021e-03	1.028067886923687418e-01	1.091944342479109764e-01	9.197594597935676575e-02
1.000000000000000021e-03	1.078653755727448094e-01	1.435960633680224419e-01	1.256102006882429123e-01
1.000000000000000021e-03	9.615022113806084847e-02	1.327261663973331451e-01	1.133295893669128418e-01
1.000000000000000021e-03	9.726349344547791098e-02	1.324910409748554230e-01	1.232658848166465759e-01
1.000000000000000021e-03	9.549118611442891646e-02	1.144436523318290710e-01	9.594894573092460632e-02
1.000000000000000021e-03	9.534335622115980291e-02	1.725773997604846954e-01	1.487585660070180893e-01
1.000000000000000021e-03	9.170850125860564861e-02	1.182698868215084076e-01	1.031876122578978539e-01
1.000000000000000021e-03	1.086264923686468126e-01	1.140293572098016739e-01	9.178987424820661545e-02
1.000000000000000021e-03	9.164432058983211504e-02	1.246588444337248802e-01	1.029074350371956825e-01
1.000000000000000021e-03	9.044092096671273173e-02	1.035287166014313698e-01	9.555240161716938019e-02
1.000000000000000021e-03	8.706118458811240579e-02	1.611786130815744400e-01	1.459592711180448532e-01
1.000000000000000021e-03	9.914798374417461979e-02	1.029949896037578583e-01	9.201670531183481216e-02
1.000000000000000021e-03	9.009838141972505154e-02	1.028349297121167183e-01	8.111231122165918350e-02
1.000000000000000021e-03	9.210339065971254180e-02	1.648698970675468445e-01	1.459202822297811508e-01
1.000000000000000021e-03	9.310641950821574309e-02	1.258588256314396858e-01	1.172307515516877174e-01
1.000000000000000021e-03	1.003024017414714669e-01	1.519664721563458443e-01	1.347899157553911209e-01
1.000000000000000021e-03	8.585661102699328195e-02	9.870553575456142426e-02	9.126292355358600616e-02
1.000000000000000021e-03	9.410065172027938518e-02	1.511002648621797562e-01	1.302258027717471123e-01
1.000000000000000021e-03	1.006819560557981053e-01	9.669953398406505585e-02	9.046104643493890762e-02
1.000000000000000021e-03	9.243515270608890222e-02	9.665755089372396469e-02	8.396417135372757912e-02
1.000000000000000021e-03	8.923744080187398509e-02	1.067847404628992081e-01	1.025189403444528580e-01
1.000000000000000021e-03	9.849603936264786364e-02	1.020293626934289932e-01	8.928573224693536758e-02
1.000000000000000021e-03	8.378745676784575547e-02	9.800908342003822327e-02	8.472649008035659790e-02
1.000000000000000021e-03	9.163058035169975579e-02	1.175364339724183083e-01	9.586014039814472198e-02
1.000000000000000021e-03	9.233176477159125983e-02	1.617394257336854935e-01	1.384826460853219032e-01
1.000000000000000021e-03	9.436133767985090126e-02	1.091672601178288460e-01	8.997922390699386597e-02
1.000000000000000021e-03	8.787455603103094814e-02	1.152967466041445732e-01	1.035082908347249031e-01
1.000000000000000021e-03	9.071920647085467138e-02	1.126200025901198387e-01	8.537233714014291763e-02
1.000000000000000021e-03	9.024105032410802141e-02	1.329449992626905441e-01	1.131441751495003700e-01
1.000000000000000021e-03	8.684666766018807327e-02	1.156987352296710014e-01	1.042207321152091026e-01
1.000000000000000021e-03	8.383028647756274321e-02	1.058081053197383881e-01	9.459083154797554016e-02
1.000000000000000021e-03	8.056419781303103544e-02	1.041268352419137955e-01	8.416546974331140518e-02
1.000000000000000021e-03	8.670555606861657383e-02	1.583217456936836243e-01	1.420900784432888031e-01
1.000000000000000021e-03	8.429692218763919220e-02	1.513449884951114655e-01	1.344967577606439590e-01
1.000000000000000021e-03	8.594723361768299985e-02	1.226040702313184738e-01	1.028996482491493225e-01
1.000000000000000021e-03	9.234901362016231796e-02	1.066705901175737381e-01	8.727370761334896088e-02
1.000000000000000021e-03	7.858803099657915570e-02	1.128879683092236519e-01	9.843419771641492844e-02
1.000000000000000021e-03	8.066623855995226633e-02	1.348234629258513451e-01	1.114239450544118881e-01
1.000000000000000021e-03	8.692476252400421766e-02	1.202424587681889534e-01	9.981363266706466675e-02
1.000000000000000021e-03	8.097996708901622487e-02	1.032506562769412994e-01	8.278880733996629715e-02
1.000000000000000021e-03	9.309069100248662521e-02	1.135479295626282692e-01	9.961215686053037643e-02
5.000000000000000104e-04	6.805148739603501806e-02	1.156789930537343025e-01	9.959471877664327621e-02
5.000000000000000104e-04	6.772162100370926474e-02	9.485176764428615570e-02	7.789846137166023254e-02
5.000000000000000104e-04	6.384982489332367839e-02	9.458781126886606216e-02	8.012234978377819061e-02
5.000000000000000104e-04	6.231109142492088915e-02	1.017903415486216545e-01	8.492825273424386978e-02
5.000000000000000104e-04	6.171704762721363230e-02	1.155285527929663658e-01	9.501474257558584213e-02
5.000000000000000104e-04	7.156665571316887797e-02	1.058321334421634674e-01	8.513910975307226181e-02
5.000000000000000104e-04	6.867040929537784888e-02	1.073563769459724426e-01	8.742524590343236923e-02
5.000000000000000104e-04	6.058619025198719310e-02	1.065739654004573822e-01	8.791960310190916061e-02
5.000000000000000104e-04	5.886212005456791657e-02	1.004062220454216003e-01	7.936697686091065407e-02
5.000000000000000104e-04	6.471375295821624185e-02	1.007221466861665249e-01	8.355881180614233017e-02
5.000000000000000104e-04	5.936571569005145294e-02	1.079281354323029518e-01	9.125944226980209351e-02
5.000000000000000104e-04	5.992554083372218787e-02	1.138251461088657379e-01	9.629278909415006638e-02
5.000000000000000104e-04	6.303508527859856547e-02	9.039411693811416626e-02	7.647255156189203262e-02
5.000000000000000104e-04	6.389263031792037639e-02	9.998740628361701965e-02	8.416235633194446564e-02
5.000000000000000104e-04	6.761259698792349004e-02	9.860089328140020370e-02	8.036419842392206192e-02
5.000000000000000104e-04	5.973849228665798622e-02	9.617973398417234421e-02	7.885233499109745026e-02
5.000000000000000104e-04	5.739649677578406717e-02	1.024858932942152023e-01	8.604901470243930817e-02
5.000000000000000104e-04	6.315647018483921959e-02	9.238318772986531258e-02	7.555934879928827286e-02
5.000000000000000104e-04	6.107124471683290923e-02	9.824174828827381134e-02	7.711279857903718948e-02
5.000000000000000104e-04	5.877146907622301381e-02	1.266464646905660629e-01	1.064244937151670456e-01
5.000000000000000104e-04	6.047964544047283036e-02	1.112624183297157288e-01	9.990120213478803635e-02
5.000000000000000104e-04	6.509902163208285131e-02	1.027233824133872986e-01	8.309895172715187073e-02
5.000000000000000104e-04	6.546353077209449145e-02	1.009808415547013283e-01	8.412532694637775421e-02
5.000000000000000104e-04	6.182084425906591435e-02	1.142541505396366119e-01	9.038436971604824066e-02
5.000000000000000104e-04	5.555737329811989700e-02	9.553390461951494217e-02	7.750640437006950378e-02
5.000000000000000104e-04	6.336973235011100769e-02	1.251163817942142487e-01	1.045653056353330612e-01
5.000000000000000104e-04	6.214869427907315780e-02	9.908452630043029785e-02	8.056201878935098648e-02
5.000000000000000104e-04	5.781006313200238306e-02	9.803822450339794159e-02	8.141528535634279251e-02
5.000000000000000104e-04	6.205446471141863596e-02	1.100630387663841248e-01	8.930995035916566849e-02
5.000000000000000104e-04	5.832172477547126199e-02	9.610917791724205017e-02	7.648993749171495438e-02
5.000000000000000104e-04	5.550121912096120380e-02	1.106744930148124695e-01	9.324005153030157089e-02
5.000000000000000104e-04	5.542431840130800091e-02	1.016844324767589569e-01	8.383682277053594589e-02
5.000000000000000104e-04	6.016853876128981649e-02	9.289110405370593071e-02	7.342615863308310509e-02
5.000000000000000104e-04	5.685279251936870004e-02	9.946188051253557205e-02	8.105731103569269180e-02
2.500000000000000052e-04	4.799498221542261578e-02	9.268344100564718246e-02	7.607275526970624924e-02
2.500000000000000052e-04	4.778625141782096714e-02	9.408875554800033569e-02	7.754930481314659119e-02
2.500000000000000052e-04	4.414336897338493049e-02	9.478035010397434235e-02	7.649498106911778450e-02
2.500000000000000052e-04	5.240905645621728171e-02	9.844536799937486649e-02	7.793751452118158340e-02
2.500000000000000052e-04	4.671316711774355090e-02	9.300289070233702660e-02	7.498079352080821991e-02
2.500000000000000052e-04	4.895156084359446325e-02	1.126503050327301025e-01	9.317912720143795013e-02
2.500000000000000052e-04	4.348890627203862852e-02	9.222235530614852905e-02	7.529244618490338326e-02
2.500000000000000052e-04	4.958546409218371476e-02	8.960162661969661713e-02	7.156652770936489105e-02
2.500000000000000052e-04	4.674756588249266709e-02	8.790928544476628304e-02	7.267203833907842636e-02
2.500000000000000052e-04	4.679789533249185257e-02	9.667865093797445297e-02	7.809218391776084900e-02
2.500000000000000052e-04	4.634484962289091986e-02	9.988569375127553940e-02	7.806009380146861076e-02
2.500000000000000052e-04	4.661383383164677263e-02	9.879540465772151947e-02	8.124648965895175934e-02
2.500000000000000052e-04	4.199483417729033691e-02	9.561503864824771881e-02	7.796691637486219406e-02
2.500000000000000052e-04	4.549644213122657627e-02	9.535723552107810974e-02	7.817266602069139481e-02
2.500000000000000052e-04	4.771834727423854977e-02	9.154659789055585861e-02	7.661562506109476089e-02
2.500000000000000052e-04	4.468424783288678370e-02	9.428828302770853043e-02	8.106936328113079071e-02
2.500000000000000052e-04	4.549988915648641580e-02	9.694867674261331558e-02	8.297966048121452332e-02
2.500000000000000052e-04	4.501278137293043130e-02	9.288704255595803261e-02	7.006574887782335281e-02
2.500000000000000052e-04	4.083424415203589647e-02	9.534452855587005615e-02	7.909228000789880753e-02
2.500000000000000052e-04	4.769264494033553792e-02	9.118384774774312973e-02	7.268864149227738380e-02
2.500000000000000052e-04	4.342794906395145565e-02	9.321673214435577393e-02	7.512306235730648041e-02
2.500000000000000052e-04	4.845298312698738397e-02	1.252932976931333542e-01	1.096365163102746010e-01
2.500000000000000052e-04	4.252154450816444248e-02	8.927069092169404030e-02	7.317209336906671524e-02
2.500000000000000052e-04	4.476599440072910607e-02	8.915482135489583015e-02	7.236127229407429695e-02
2.500000000000000052e-04	4.228912036913105160e-02	9.337133914232254028e-02	7.550159003585577011e-02
2.500000000000000052e-04	4.116258088829396339e-02	9.048098605126142502e-02	7.331007998436689377e-02
2.500000000000000052e-04	4.592611760938469095e-02	9.406816214323043823e-02	7.684239186346530914e-02
2.500000000000000052e-04	4.381876676991770803e-02	9.378122910857200623e-02	7.553937472403049469e-02
2.500000000000000052e-04	4.546685431954226864e-02	8.795396005734801292e-02	7.089940505102276802e-02
2.500000000000000052e-04	3.916440958369381969e-02	8.996581984683871269e-02	7.301941420882940292e-02
1.250000000000000026e-04	3.862328101185303481e-02	8.862596377730369568e-02	6.983440881595015526e-02
1.250000000000000026e-04	3.816770302438283330e-02	8.913578419014811516e-02	7.223009178414940834e-02
1.250000000000000026e-04	4.116175995691667699e-02	8.849755115807056427e-02	7.332100346684455872e-02
1.250000000000000026e-04	3.875898060542118384e-02	8.689763350412249565e-02	7.082199444994330406e-02
1.250000000000000026e-04	3.865811150945440422e-02	9.229477774351835251e-02	7.364910282194614410e-02
1.250000000000000026e-04	4.430077210823191863e-02	9.477322921156883240e-02	7.806417346000671387e-02
1.250000000000000026e-04	4.303713168807422190e-02	9.664170537143945694e-02	7.828999031335115433e-02
1.250000000000000026e-04	3.807834870641744335e-02	9.204505896195769310e-02	7.142582302913069725e-02
1.250000000000000026e-04	3.388698929567125762e-02	9.121885988861322403e-02	7.364344224333763123e-02
1.250000000000000026e-04	3.738192806043957178e-02	9.037079848349094391e-02	7.236614916473627090e-02
1.250000000000000026e-04	3.820045341890823676e-02	9.091962594538927078e-02	7.461459469050168991e-02
1.250000000000000026e-04	3.867680928375147320e-02	9.116815449669957161e-02	7.169031351804733276e-02
1.250000000000000026e-04	3.591051181377489382e-02	9.514865092933177948e-02	7.794503122568130493e-02
1.250000000000000026e-04	3.938345504995388602e-02	9.995450638234615326e-02	8.275087364017963409e-02
1.250000000000000026e-04	4.080968536436557770e-02	8.733630552887916565e-02	7.200900232419371605e-02
1.250000000000000026e-04	3.503982477550265234e-02	9.699751343578100204e-02	7.551339641213417053e-02
1.250000000000000026e-04	3.622472689404517693e-02	9.536611707881093025e-02	7.332312082871794701e-02
1.250000000000000026e-04	3.465301012973996675e-02	9.561483794823288918e-02	7.322474010288715363e-02
1.250000000000000026e-04	3.638278926380827255e-02	8.776185428723692894e-02	7.187540968880057335e-02
1.250000000000000026e-04	3.569893107478377264e-02	8.896404691040515900e-02	7.195359840989112854e-02
1.250000000000000026e-04	3.923878658421432047e-02	9.232306852936744690e-02	7.459433283656835556e-02
1.250000000000000026e-04	3.617712640781191313e-02	8.726907568052411079e-02	6.995009910315275192e-02
1.250000000000000026e-04	3.602284468899044634e-02	8.753531426191329956e-02	6.999345729127526283e-02
1.250000000000000026e-04	3.784274453698079771e-02	8.934722701087594032e-02	7.252588355913758278e-02
1.250000000000000026e-04	3.953317062386983716e-02	9.233377780765295029e-02	7.624170370399951935e-02
6.250000000000000130e-05	3.330795226406447346e-02	9.011011803522706032e-02	7.039975840598344803e-02
6.250000000000000130e-05	3.477596255797374414e-02	8.922203723341226578e-02	6.965757207944989204e-02
6.250000000000000130e-05	3.372483335058145543e-02	8.620643243193626404e-02	7.113074883818626404e-02
6.250000000000000130e-05	3.627856071048145281e-02	9.123797342181205750e-02	7.578244665637612343e-02
6.250000000000000130e-05	3.407220094452930587e-02	8.918796340003609657e-02	7.322013285011053085e-02
6.250000000000000130e-05	3.290434594301483440e-02	8.897852944210171700e-02	7.270388910546898842e-02
6.250000000000000130e-05	3.313957371666461510e-02	8.669590624049305916e-02	6.953654019162058830e-02
6.250000000000000130e-05	3.221958984113947044e-02	8.870877232402563095e-02	7.397118443623185158e-02
6.250000000000000130e-05	3.334183972093123643e-02	8.968395087867975235e-02	7.255718717351555824e-02
6.250000000000000130e-05	3.212998599945744715e-02	9.148680325597524643e-02	7.015540078282356262e-02
6.250000000000000130e-05	3.281473396699639833e-02	8.833188004791736603e-02	7.131021097302436829e-02
6.250000000000000130e-05	3.179058015252216041e-02	9.220620617270469666e-02	7.475716713815927505e-02
6.250000000000000130e-05	3.252896178466609806e-02	8.902052231132984161e-02	7.224589493125677109e-02
6.250000000000000130e-05	3.313802691954600976e-02	8.766629267483949661e-02	7.182050123810768127e-02
6.250000000000000130e-05	3.329460553919212640e-02	8.832361502572894096e-02	7.218125928193330765e-02
6.250000000000000130e-05	3.339784843493488753e-02	9.089309675619006157e-02	7.392194820567965508e-02
6.250000000000000130e-05	3.347969771940496886e-02	9.423449728637933731e-02	7.332711387425661087e-02
6.250000000000000130e-05	3.368188122499592846e-02	9.009098261594772339e-02	7.351058535277843475e-02
6.250000000000000130e-05	3.356885174407234912e-02	8.721181144937872887e-02	7.042752439156174660e-02
6.250000000000000130e-05	3.141391121699840111e-02	8.640556409955024719e-02	7.019684091210365295e-02
6.250000000000000130e-05	3.436508494181723244e-02	8.919802587479352951e-02	7.369416207075119019e-02
6.250000000000000130e-05	3.243882540330479680e-02	8.926043473184108734e-02	7.231942983344197273e-02
6.250000000000000130e-05	3.613211700244794988e-02	9.947587456554174423e-02	8.274337463080883026e-02
6.250000000000000130e-05	3.238849120238159601e-02	9.462760109454393387e-02	7.807420659810304642e-02
3.125000000000000065e-05	3.141686648036105811e-02	8.781757531687617302e-02	7.044785469770431519e-02
3.125000000000000065e-05	2.948219072120853573e-02	8.606942137703299522e-02	6.937833921983838081e-02
3.125000000000000065e-05	3.173487140690978842e-02	9.065166022628545761e-02	7.477861829102039337e-02
3.125000000000000065e-05	2.925611661063342098e-02	9.186671255156397820e-02	7.034058868885040283e-02
3.125000000000000065e-05	3.242598653216905574e-02	9.115489898249506950e-02	6.912391539663076401e-02
3.125000000000000065e-05	3.160622122968676645e-02	8.638201653957366943e-02	6.985477451235055923e-02
3.125000000000000065e-05	3.152621843958202524e-02	8.666907530277967453e-02	7.103262748569250107e-02
3.125000000000000065e-05	3.095774000062595510e-02	8.656553830951452255e-02	6.970788957551121712e-02
3.125000000000000065e-05	3.196977706083768689e-02	8.569616079330444336e-02	6.946562835946679115e-02
3.125000000000000065e-05	2.949420947440063029e-02	9.194277878850698471e-02	7.055876823142170906e-02
3.125000000000000065e-05	3.240170902749405640e-02	8.701340854167938232e-02	7.022692309692502022e-02
3.125000000000000065e-05	3.001646649186746896e-02	8.955175243318080902e-02	7.337423413991928101e-02
3.125000000000000065e-05	2.876694032427253717e-02	8.768942812457680702e-02	7.078477600589394569e-02
3.125000000000000065e-05	2.853504682690659669e-02	8.637298317626118660e-02	7.100588548928499222e-02
3.125000000000000065e-05	3.053243665755549577e-02	8.863648399710655212e-02	7.250764919444918633e-02
3.125000000000000065e-05	3.104163489387005287e-02	8.776302495971322060e-02	7.126462226733565331e-02
3.125000000000000065e-05	3.107293570249141171e-02	8.721480239182710648e-02	7.034921273589134216e-02
3.125000000000000065e-05	3.164236508074063509e-02	8.700386388227343559e-02	7.044753246009349823e-02
3.125000000000000065e-05	3.235224708678979127e-02	8.790777344256639481e-02	7.088002935051918030e-02
3.125000000000000065e-05	3.191948192830704190e-02	8.676901273429393768e-02	7.028356939554214478e-02
3.125000000000000065e-05	2.931376421659053280e-02	8.725902158766984940e-02	7.165866671130061150e-02
3.125000000000000065e-05	2.824158612874489924e-02	8.824256062507629395e-02	7.182703865692019463e-02
3.125000000000000065e-05	3.100823318656486735e-02	9.097033552825450897e-02	6.964443298056721687e-02
3.125000000000000065e-05	2.961481254123434284e-02	8.755986904725432396e-02	7.035427540540695190e-02
3.125000000000000065e-05	3.216492236132108967e-02	9.473063750192523003e-02	7.526127062737941742e-02
3.125000000000000065e-05	2.972938907863218599e-02	8.725767210125923157e-02	7.075534015893936157e-02
3.125000000000000065e-05	2.981079655074620610e-02	8.788579981774091721e-02	7.145158248022198677e-02
3.125000000000000065e-05	3.171320626205658549e-02	8.725502807646989822e-02	7.061504060402512550e-02
3.125000000000000065e-05	3.061611919746368843e-02	9.225501399487257004e-02	7.561601605266332626e-02
3.125000000000000065e-05	3.143722870493236704e-02	8.746821247041225433e-02	7.097435835748910904e-02
1.562500000000000033e-05	3.093702373200956854e-02	8.767879661172628403e-02	7.098265364766120911e-02
1.562500000000000033e-05	2.936292983167156437e-02	9.007188491523265839e-02	7.456850819289684296e-02
1.562500000000000033e-05	3.222201634905760836e-02	8.710552146658301353e-02	7.009660406038165092e-02
1.562500000000000033e-05	2.816779316178982806e-02	8.705390011891722679e-02	7.094217278063297272e-02
1.562500000000000033e-05	2.969874027833531091e-02	9.029765427112579346e-02	7.026777137070894241e-02
1.562500000000000033e-05	3.139606082835529749e-02	8.655122248455882072e-02	7.002938399091362953e-02
1.562500000000000033e-05	3.291760537113192636e-02	9.063777653500437737e-02	7.418774254620075226e-02
1.562500000000000033e-05	2.851989673144077891e-02	8.836038131266832352e-02	7.267364300787448883e-02
1.562500000000000033e-05	2.880924565222444528e-02	8.954158797860145569e-02	7.280895579606294632e-02
1.562500000000000033e-05	2.918833659230908248e-02	8.694266993552446365e-02	6.974681932479143143e-02
1.562500000000000033e-05	3.129632287670539720e-02	9.012754075229167938e-02	7.379834214225411415e-02
1.562500000000000033e-05	2.988320992245704216e-02	8.598761726170778275e-02	6.997652444988489151e-02
1.562500000000000033e-05	3.054275618323797070e-02	8.663572138175368309e-02	7.097420236095786095e-02
1.562500000000000033e-05	2.970877018627486599e-02	8.758922526612877846e-02	7.126190792769193649e-02
1.562500000000000033e-05	2.832639415430117380e-02	8.656261907890439034e-02	7.071199361234903336e-02
1.562500000000000033e-05	3.234531817651247615e-02	9.027382405474781990e-02	7.372680213302373886e-02
1.562500000000000033e-05	2.832947730357888300e-02	8.813509717583656311e-02	7.247175229713320732e-02
1.562500000000000033e-05	2.891303132040591237e-02	9.163235034793615341e-02	7.122223218902945518e-02
1.562500000000000033e-05	2.850192550664083779e-02	8.795366901904344559e-02	7.161513715982437134e-02
1.562500000000000033e-05	2.868293256416350884e-02	8.940632361918687820e-02	7.205610256642103195e-02
1.562500000000000033e-05	2.785386288939397520e-02	8.774293912574648857e-02	7.184873940423130989e-02
7.812500000000000163e-06	2.957790953260433855e-02	8.762659784406423569e-02	7.117901183664798737e-02
7.812500000000000163e-06	2.897822992475349718e-02	8.782390598207712173e-02	7.164418976753950119e-02
7.812500000000000163e-06	3.134194500980120451e-02	9.401267301291227341e-02	7.737836381420493126e-02
7.812500000000000163e-06	2.840180827092520649e-02	8.679418032988905907e-02	7.020336762070655823e-02
7.812500000000000163e-06	2.988935403431518256e-02	9.108202252537012100e-02	7.085551042109727859e-02
7.812500000000000163e-06	2.961742844951303563e-02	8.619943214580416679e-02	7.015412673354148865e-02
7.812500000000000163e-06	2.581650553907774773e-02	8.714376064017415047e-02	7.089434470981359482e-02
7.812500000000000163e-06	2.915121933233134205e-02	8.850013604387640953e-02	7.182757603004574776e-02
7.812500000000000163e-06	2.671499779047090822e-02	8.677886193618178368e-02	7.007005624473094940e-02
7.812500000000000163e-06	3.016311220258851428e-02	9.426127001643180847e-02	7.854658551514148712e-02
7.812500000000000163e-06	2.841879709187564856e-02	8.765005180612206459e-02	7.216438092291355133e-02
7.812500000000000163e-06	2.836162976543360123e-02	8.807018864899873734e-02	6.990049360319972038e-02
7.812500000000000163e-06	2.984947128857992973e-02	8.755347831174731255e-02	7.043521478772163391e-02
7.812500000000000163e-06	2.782458887447284909e-02	8.828120259568095207e-02	7.079423265531659126e-02
7.812500000000000163e-06	2.937314008610157970e-02	8.626566221937537193e-02	7.059979066252708435e-02
7.812500000000000163e-06	2.706489215687483268e-02	8.773982292041182518e-02	7.105871103703975677e-02
7.812500000000000163e-06	3.106639010808135912e-02	8.893394842743873596e-02	7.243754528462886810e-02
7.812500000000000163e-06	2.784356227309643314e-02	8.743760967627167702e-02	7.090963143855333328e-02
7.812500000000000163e-06	2.806714319777262392e-02	9.225851902738213539e-02	7.125849090516567230e-02
7.812500000000000163e-06	2.998524643716555735e-02	8.958489168435335159e-02	7.333933422341942787e-02
7.812500000000000163e-06	2.866053515219990286e-02	8.994374331086874008e-02	7.393162650987505913e-02
3.906250000000000081e-06	2.929645674185285195e-02	9.070416959002614021e-02	7.344285678118467331e-02
3.906250000000000081e-06	2.789550674254004034e-02	8.676937315613031387e-02	7.049664808437228203e-02
3.906250000000000081e-06	2.972289075768446559e-02	8.967487327754497528e-02	7.278864318504929543e-02
3.906250000000000081e-06	2.906564492260730811e-02	8.781918231397867203e-02	7.085644314065575600e-02
3.906250000000000081e-06	2.875828126421834871e-02	8.703286899253726006e-02	7.033881032839417458e-02
3.906250000000000081e-06	2.846410186796248867e-02	8.692951872944831848e-02	7.001749938353896141e-02
3.906250000000000081e-06	2.887146117142106935e-02	8.615924976766109467e-02	7.026494201272726059e-02
3.906250000000000081e-06	2.722459004696788781e-02	8.783083921298384666e-02	7.146225823089480400e-02
3.906250000000000081e-06	3.249219544467669279e-02	9.317569248378276825e-02	7.671437226235866547e-02
3.906250000000000081e-06	2.992874598484250581e-02	8.810964133590459824e-02	7.096332171931862831e-02
3.906250000000000081e-06	2.722981652315658793e-02	8.670959062874317169e-02	7.142177270725369453e-02
3.906250000000000081e-06	2.800640353013443204e-02	8.867758605629205704e-02	7.245308952406048775e-02
3.906250000000000081e-06	2.803104578316966203e-02	8.776434138417243958e-02	7.068253587931394577e-02
3.906250000000000081e-06	2.868109897863638583e-02	8.713572379201650620e-02	7.097920076921582222e-02
3.906250000000000081e-06	2.791654814883500618e-02	8.736942149698734283e-02	7.038404094055294991e-02
3.906250000000000081e-06	2.810157605600130740e-02	9.105942305177450180e-02	7.102035917341709137e-02
3.906250000000000081e-06	2.948989773381360119e-02	8.642169274389743805e-02	7.060810038819909096e-02
3.906250000000000081e-06	3.114855290638117793e-02	9.265779471024870872e-02	7.735383417457342148e-02
3.906250000000000081e-06	2.995822967702074791e-02	8.888852084055542946e-02	7.148036081343889236e-02
3.906250000000000081e-06	2.813986922272398647e-02	8.762514358386397362e-02	7.244533393532037735e-02
3.906250000000000081e-06	2.950269339865521645e-02	9.034898877143859863e-02	7.608872465789318085e-02
1.953125000000000041e-06	2.914298144228096368e-02	8.918952848762273788e-02	7.398069323971867561e-02
1.953125000000000041e-06	2.860145636280126205e-02	9.007300809025764465e-02	7.390650967136025429e-02
1.953125000000000041e-06	2.926046964771385553e-02	9.128414792940020561e-02	7.460079994052648544e-02
1.953125000000000041e-06	3.118039305687327761e-02	9.142567217350006104e-02	7.457279786467552185e-02
1.953125000000000041e-06	2.858563881556067457e-02	8.633770933374762535e-02	7.036127243191003799e-02
1.953125000000000041e-06	2.801002224883701250e-02	8.781901886686682701e-02	7.218462321907281876e-02
