1.000000000000000021e-03	7.137313794486129792e-01	5.369249582290649414e-01	5.586293376982212067e-01
1.000000000000000021e-03	4.160767363596565849e-01	3.832005746662616730e-01	3.660374060273170471e-01
1.000000000000000021e-03	3.847091345092918391e-01	4.071768149733543396e-01	3.770274259150028229e-01
1.000000000000000021e-03	3.242036758721629219e-01	5.943846181035041809e-01	5.599070563912391663e-01
1.000000000000000021e-03	3.210239202915867729e-01	4.556083530187606812e-01	4.210783950984477997e-01
1.000000000000000021e-03	3.121254080081287685e-01	3.237219415605068207e-01	2.969345189630985260e-01
1.000000000000000021e-03	2.904060471661483178e-01	5.576618798077106476e-01	5.210186205804347992e-01
1.000000000000000021e-03	2.594510825185836200e-01	2.638736665248870850e-01	2.400380317121744156e-01
1.000000000000000021e-03	2.716898663511759238e-01	2.747238371521234512e-01	2.429828140884637833e-01
1.000000000000000021e-03	2.453644173809244600e-01	2.893021665513515472e-01	2.596526257693767548e-01
1.000000000000000021e-03	2.412822250323959639e-01	5.978456735610961914e-01	5.774253010749816895e-01
1.000000000000000021e-03	2.394459830431998615e-01	3.717318139970302582e-01	3.705169297754764557e-01
1.000000000000000021e-03	2.456644424532033189e-01	3.248646631836891174e-01	2.896937560290098190e-01
1.000000000000000021e-03	2.441553684729564078e-01	2.475447375327348709e-01	2.264650948345661163e-01
1.000000000000000021e-03	2.244522516863255435e-01	2.075501214712858200e-01	1.919449511915445328e-01
1.000000000000000021e-03	2.343662312325043018e-01	2.848208732903003693e-01	2.580360937863588333e-01
1.000000000000000021e-03	2.188611305967161913e-01	3.041432574391365051e-01	2.742976173758506775e-01
1.000000000000000021e-03	2.151365466887437961e-01	2.367967776954174042e-01	2.080158721655607224e-01
1.000000000000000021e-03	2.060734855034683233e-01	6.313465833663940430e-01	6.199400424957275391e-01
1.000000000000000021e-03	2.306467102298253580e-01	3.480991385877132416e-01	3.419646732509136200e-01
1.000000000000000021e-03	2.101130393109744143e-01	3.017901834100484848e-01	2.923269979655742645e-01
1.000000000000000021e-03	1.947854986485046680e-01	2.199730146676301956e-01	1.857566237449645996e-01
1.000000000000000021e-03	2.097735269160210247e-01	2.240373734384775162e-01	1.909758951514959335e-01
1.000000000000000021e-03	2.063981882190402684e-01	3.739055097103118896e-01	3.484049700200557709e-01
1.000000000000000021e-03	1.989135506409633047e-01	2.264776509255170822e-01	1.991333719342947006e-01
1.000000000000000021e-03	2.054272744851776411e-01	2.666893899440765381e-01	2.465460058301687241e-01
1.000000000000000021e-03	1.740882195815255384e-01	1.934011504054069519e-01	1.693927887827157974e-01
1.000000000000000021e-03	1.878097003585175728e-01	2.242582477629184723e-01	1.927538439631462097e-01
1.000000000000000021e-03	1.760383374706099291e-01	1.507303267717361450e-01	1.228200253099203110e-01
1.000000000000000021e-03	1.889395032879672420e-01	1.935349609702825546e-01	1.598927117884159088e-01
1.000000000000000021e-03	1.838036072027834089e-01	1.666729748249053955e-01	1.396132595837116241e-01
1.000000000000000021e-03	1.998696201775647385e-01	2.079476807266473770e-01	1.729349792003631592e-01
1.000000000000000021e-03	1.842778949420663392e-01	2.696603443473577499e-01	2.639834880828857422e-01
1.000000000000000021e-03	1.815835347847093439e-01	2.113322578370571136e-01	1.915959045290946960e-01
1.000000000000000021e-03	1.802840076292617499e-01	1.405678987503051758e-01	1.188810486346483231e-01
1.000000000000000021e-03	1.846725749252717819e-01	2.851211652159690857e-01	2.733442001044750214e-01
1.000000000000000021e-03	1.739683104089543852e-01	1.717787142843008041e-01	1.459396621212363243e-01
1.000000000000000021e-03	1.800747660896446223e-01	1.969545762985944748e-01	1.878403313457965851e-01
1.000000000000000021e-03	1.588636433965043282e-01	1.938738711178302765e-01	1.757221501320600510e-01
1.000000000000000021e-03	1.619166249904451516e-01	1.448912005871534348e-01	1.208609389141201973e-01
1.000000000000000021e-03	1.717704029966004298e-01	1.467417078092694283e-01	1.213563140481710434e-01
1.000000000000000021e-03	1.620749547323094009e-01	2.100424002856016159e-01	1.814505662769079208e-01
1.000000000000000021e-03	1.624988733401781515e-01	1.809589304029941559e-01	1.633588541299104691e-01
1.000000000000000021e-03	1.801106810003896275e-01	1.642238795757293701e-01	1.345831817016005516e-01
1.000000000000000021e-03	1.721815577224840021e-01	1.861199308186769485e-01	1.696136575192213058e-01
1.000000000000000021e-03	1.670112452363666233e-01	1.710379216820001602e-01	1.456392435356974602e-01
1.000000000000000021e-03	1.600763676098630461e-01	3.013868276029825211e-01	2.479419615119695663e-01
1.000000000000000021e-03	1.629020600002023256e-01	1.607761196792125702e-01	1.375662470236420631e-01
1.000000000000000021e-03	1.507041911724247563e-01	1.639340119436383247e-01	1.344192530959844589e-01
1.000000000000000021e-03	1.573373488610303739e-01	1.769139748066663742e-01	1.516446936875581741e-01
1.000000000000000021e-03	1.654826459250872683e-01	1.582899177446961403e-01	1.329352539032697678e-01
1.000000000000000021e-03	1.627862535511390984e-01	1.661997232586145401e-01	1.399771356955170631e-01
1.000000000000000021e-03	1.432987892929511731e-01	1.742112096399068832e-01	1.483465451747179031e-01
1.000000000000000021e-03	1.459587388023545484e-01	1.406016480177640915e-01	1.163031216710805893e-01
1.000000000000000021e-03	1.534754146314874501e-01	1.546647232025861740e-01	1.386139662936329842e-01
1.000000000000000021e-03	1.542909648976748538e-01	1.666729561984539032e-01	1.443661786615848541e-01
5.000000000000000104e-04	1.255135352287111428e-01	1.267999326810240746e-01	1.054328028112649918e-01
5.000000000000000104e-04	1.198237008309062518e-01	1.235704403370618820e-01	9.610710199922323227e-02
5.000000000000000104e-04	1.261414990206307929e-01	1.445167427882552147e-01	1.179154077544808388e-01
5.000000000000000104e-04	1.282449521690229854e-01	1.257743239402770996e-01	1.001574676483869553e-01
5.000000000000000104e-04	1.259008631864680650e-01	1.268489612266421318e-01	1.010776804760098457e-01
5.000000000000000104e-04	1.228204965591430664e-01	1.454505976289510727e-01	1.184132862836122513e-01
5.000000000000000104e-04	1.281688351042662988e-01	1.432591797783970833e-01	1.206756560131907463e-01
5.000000000000000104e-04	1.263419250144234285e-01	1.307803904637694359e-01	1.072345683351159096e-01
5.000000000000000104e-04	1.201494679420809231e-01	1.684008557349443436e-01	1.456807982176542282e-01
5.000000000000000104e-04	1.195958863142170536e-01	1.343248644843697548e-01	1.064501404762268066e-01
5.000000000000000104e-04	1.212791021017334131e-01	1.242728270590305328e-01	1.012033121660351753e-01
5.000000000000000104e-04	1.139858878111537493e-01	1.182451657950878143e-01	9.601386077702045441e-02
5.000000000000000104e-04	1.127481652022917086e-01	1.302229054272174835e-01	1.081985365599393845e-01
5.000000000000000104e-04	1.097224737647213566e-01	1.298668719828128815e-01	1.053249370306730270e-01
5.000000000000000104e-04	1.158308083120780652e-01	1.409619133919477463e-01	1.128836777061223984e-01
5.000000000000000104e-04	1.164976401796823796e-01	1.322293346747756004e-01	1.080794474110007286e-01
5.000000000000000104e-04	1.030885452711129552e-01	1.105231521651148796e-01	8.763824496418237686e-02
5.000000000000000104e-04	1.171935476551327487e-01	1.306421849876642227e-01	1.073315339162945747e-01
5.000000000000000104e-04	1.157559318633019224e-01	1.848923731595277786e-01	1.677477285265922546e-01
5.000000000000000104e-04	1.078450477953198650e-01	1.175031783059239388e-01	1.037422781810164452e-01
5.000000000000000104e-04	1.008308051224750812e-01	1.172802280634641647e-01	9.160828962922096252e-02
5.000000000000000104e-04	1.003645340192921565e-01	1.162930103018879890e-01	9.253156185150146484e-02
5.000000000000000104e-04	1.097450833531874587e-01	1.478740274906158447e-01	1.269394299015402794e-01
5.000000000000000104e-04	9.926787976034079364e-02	1.181097058579325676e-01	9.258191939443349838e-02
5.000000000000000104e-04	1.026869556760486163e-01	1.117967888712882996e-01	9.218924771994352341e-02
5.000000000000000104e-04	1.031571627134763719e-01	1.561268568038940430e-01	1.350787011906504631e-01
5.000000000000000104e-04	1.131738948199567940e-01	1.229553492739796638e-01	9.713752847164869308e-02
5.000000000000000104e-04	1.019167897727670524e-01	1.125514889135956764e-01	8.629925735294818878e-02
5.000000000000000104e-04	1.037465863024132212e-01	1.245914995670318604e-01	1.028165938332676888e-01
5.000000000000000104e-04	9.786457568407058716e-02	1.218209704384207726e-01	1.020047161728143692e-01
5.000000000000000104e-04	1.285440934043896311e-01	1.502164844423532486e-01	1.335904095321893692e-01
5.000000000000000104e-04	1.161848182636725790e-01	1.847706381231546402e-01	1.690911557525396347e-01
5.000000000000000104e-04	9.790200023334237611e-02	1.090597864240407944e-01	9.243425261229276657e-02
5.000000000000000104e-04	1.038000983527944121e-01	1.118510868400335312e-01	8.880520984530448914e-02
5.000000000000000104e-04	9.629050656398639718e-02	1.151334261521697044e-01	9.150011558085680008e-02
5.000000000000000104e-04	1.050034014956106182e-01	1.706660538911819458e-01	1.460753232240676880e-01
5.000000000000000104e-04	1.080780804534501732e-01	1.451503103598952293e-01	1.180605804547667503e-01
5.000000000000000104e-04	1.104287849857082809e-01	1.106494404375553131e-01	8.741009794175624847e-02
5.000000000000000104e-04	1.065840761684164195e-01	1.425873842090368271e-01	1.283439910039305687e-01
5.000000000000000104e-04	1.054840511347674148e-01	1.121845049783587456e-01	8.861041348427534103e-02
5.000000000000000104e-04	9.879218593617028477e-02	1.282123867422342300e-01	1.072089718654751778e-01
5.000000000000000104e-04	1.018797889634778242e-01	1.046513095498085022e-01	8.754696324467658997e-02
5.000000000000000104e-04	9.838287395578396155e-02	1.172340186312794685e-01	1.051814537495374680e-01
5.000000000000000104e-04	1.086773174473001924e-01	1.561737861484289169e-01	1.412458671256899834e-01
5.000000000000000104e-04	1.092181074657017636e-01	1.110386783257126808e-01	9.032932948321104050e-02
5.000000000000000104e-04	1.051538816264158543e-01	1.143123107030987740e-01	9.447142016142606735e-02
5.000000000000000104e-04	9.503280093209652557e-02	1.029582219198346138e-01	8.605740964412689209e-02
5.000000000000000104e-04	9.352436086422280526e-02	1.290628546848893166e-01	1.037592831999063492e-01
5.000000000000000104e-04	9.789176398440252447e-02	1.387599222362041473e-01	1.161462599411606789e-01
5.000000000000000104e-04	9.227398608492899668e-02	1.105378223583102226e-01	8.808007743209600449e-02
5.000000000000000104e-04	8.824664429773258767e-02	1.070560328662395477e-01	9.008586872369050980e-02
5.000000000000000104e-04	9.825251704152626608e-02	1.610650792717933655e-01	1.545779667794704437e-01
5.000000000000000104e-04	9.391846323880968794e-02	1.460130549967288971e-01	1.308958213776350021e-01
5.000000000000000104e-04	1.047329813053336361e-01	1.969018373638391495e-01	1.768417619168758392e-01
5.000000000000000104e-04	9.691315884642963396e-02	1.171856801956892014e-01	9.436612669378519058e-02
5.000000000000000104e-04	9.365180903409101032e-02	1.057978039607405663e-01	8.084685355424880981e-02
5.000000000000000104e-04	9.402505539451973260e-02	1.150961751118302345e-01	9.389744885265827179e-02
5.000000000000000104e-04	9.676642904553232893e-02	1.152709992602467537e-01	9.404447302222251892e-02
5.000000000000000104e-04	8.322897850524020591e-02	1.099309697747230530e-01	8.681731577962636948e-02
5.000000000000000104e-04	9.176743407792682661e-02	1.194854583591222763e-01	9.730988461524248123e-02
5.000000000000000104e-04	9.472140363311465361e-02	1.393013456836342812e-01	1.207933025434613228e-01
5.000000000000000104e-04	9.671160757918900730e-02	1.103102779015898705e-01	9.118893556296825409e-02
5.000000000000000104e-04	8.328446925063676121e-02	1.231782399117946625e-01	1.001404225826263428e-01
5.000000000000000104e-04	9.828540498885927901e-02	2.030883189290761948e-01	1.869607008993625641e-01
5.000000000000000104e-04	9.992592989266672887e-02	1.217866800725460052e-01	1.084566684439778328e-01
5.000000000000000104e-04	9.400967310501050223e-02	1.283201379701495171e-01	1.033678362146019936e-01
5.000000000000000104e-04	8.776916648390926945e-02	1.093869274482131004e-01	8.596166968345642090e-02
5.000000000000000104e-04	8.955693895680995331e-02	1.171805374324321747e-01	1.001190217211842537e-01
2.500000000000000052e-04	7.677176854089845515e-02	1.104440828785300255e-01	8.991030883044004440e-02
2.500000000000000052e-04	7.119217458405072141e-02	1.072933617979288101e-01	8.307660277932882309e-02
2.500000000000000052e-04	7.553106329486339310e-02	1.244838871061801910e-01	1.065022135153412819e-01
2.500000000000000052e-04	7.042254106719282591e-02	9.858509153127670288e-02	7.491619465872645378e-02
2.500000000000000052e-04	6.911285867608046862e-02	1.332272952422499657e-01	1.100651025772094727e-01
2.500000000000000052e-04	8.612711241916765070e-02	1.179188555106520653e-01	1.003402229398488998e-01
2.500000000000000052e-04	7.653466909180713096e-02	9.938123915344476700e-02	8.011020114645361900e-02
2.500000000000000052e-04	7.332116488037229707e-02	1.060301540419459343e-01	8.942638430744409561e-02
2.500000000000000052e-04	6.452496444122700348e-02	1.109900884330272675e-01	8.844300638884305954e-02
2.500000000000000052e-04	6.393324645071089829e-02	9.832822531461715698e-02	7.917868532240390778e-02
2.500000000000000052e-04	7.032610711794864966e-02	1.071779998019337654e-01	8.911840338259935379e-02
2.500000000000000052e-04	7.358067676047735928e-02	9.925681073218584061e-02	7.880386151373386383e-02
2.500000000000000052e-04	6.779097204532803789e-02	1.065078936517238617e-01	8.880561869591474533e-02
2.500000000000000052e-04	7.109651082678686285e-02	9.353697672486305237e-02	7.498668413609266281e-02
2.500000000000000052e-04	6.990593525616428661e-02	1.161437863484025002e-01	9.845306724309921265e-02
2.500000000000000052e-04	7.949772434709947988e-02	1.343568023294210434e-01	1.214953493326902390e-01
2.500000000000000052e-04	6.795635541217236175e-02	1.250182660296559334e-01	1.087284861132502556e-01
2.500000000000000052e-04	6.926950199317329082e-02	9.458923712372779846e-02	7.822701707482337952e-02
2.500000000000000052e-04	6.505825370550155640e-02	1.380751961842179298e-01	1.207752292975783348e-01
2.500000000000000052e-04	7.585255646064312240e-02	9.316948335617780685e-02	7.535423152148723602e-02
2.500000000000000052e-04	6.800753896749472949e-02	9.464381448924541473e-02	7.567284116521477699e-02
2.500000000000000052e-04	6.809692900580695263e-02	1.007726201787590981e-01	8.058590441942214966e-02
2.500000000000000052e-04	6.762423663388324180e-02	9.644726384431123734e-02	7.550944108515977859e-02
2.500000000000000052e-04	6.782988642778577104e-02	1.004350930452346802e-01	8.036433067172765732e-02
2.500000000000000052e-04	6.329687871038913727e-02	9.830859582871198654e-02	8.318550791591405869e-02
2.500000000000000052e-04	6.146001985555962777e-02	1.105193123221397400e-01	8.850743621587753296e-02
2.500000000000000052e-04	6.433370633970332542e-02	1.161818979308009148e-01	9.567091800272464752e-02
2.500000000000000052e-04	6.256676125752774764e-02	1.247912943363189697e-01	1.055008079856634140e-01
2.500000000000000052e-04	6.431806188878379238e-02	1.007049363106489182e-01	7.890092581510543823e-02
2.500000000000000052e-04	6.253012081113042131e-02	1.104567972943186760e-01	9.329401142895221710e-02
2.500000000000000052e-04	6.323216350961334553e-02	9.176894323900341988e-02	7.574490830302238464e-02
2.500000000000000052e-04	6.585636687806889489e-02	1.523998053744435310e-01	1.322111245244741440e-01
2.500000000000000052e-04	5.948777902352658797e-02	1.007957942783832550e-01	8.194999583065509796e-02
2.500000000000000052e-04	6.311069485507433963e-02	1.035090405493974686e-01	8.632069732993841171e-02
2.500000000000000052e-04	7.252523013025144460e-02	9.927450399845838547e-02	7.602583058178424835e-02
2.500000000000000052e-04	6.206174456526206834e-02	1.094177141785621643e-01	8.584914077073335648e-02
2.500000000000000052e-04	6.165928072944472371e-02	9.528892813250422478e-02	7.636082358658313751e-02
2.500000000000000052e-04	6.368918259498439205e-02	9.405959770083427429e-02	7.735426630824804306e-02
2.500000000000000052e-04	5.698910926150370371e-02	1.017363267019391060e-01	8.154663909226655960e-02
2.500000000000000052e-04	5.795838768723644840e-02	9.829081408679485321e-02	7.919255597516894341e-02
2.500000000000000052e-04	6.261274430759344867e-02	1.045686900615692139e-01	8.472888078540563583e-02
2.500000000000000052e-04	6.409390341443350902e-02	1.042767334729433060e-01	8.165690023452043533e-02
2.500000000000000052e-04	6.492541645523867977e-02	9.911877010017633438e-02	8.350735157728195190e-02
2.500000000000000052e-04	5.958191154501105841e-02	1.089274575933814049e-01	8.898503892123699188e-02
2.500000000000000052e-04	7.211236320907556119e-02	1.147551443427801132e-01	9.539090935140848160e-02
2.500000000000000052e-04	5.945232350237762003e-02	9.908173978328704834e-02	7.986386213451623917e-02
2.500000000000000052e-04	6.844416425763806544e-02	9.594100993126630783e-02	7.928887521848082542e-02
2.500000000000000052e-04	6.288992538105082908e-02	9.877276420593261719e-02	7.460729125887155533e-02
2.500000000000000052e-04	5.930094765145567381e-02	9.823490679264068604e-02	7.639103289693593979e-02
2.500000000000000052e-04	6.029306710520877105e-02	9.101845277473330498e-02	7.375555858016014099e-02
2.500000000000000052e-04	5.880821298194836844e-02	9.719812497496604919e-02	8.236983139067888260e-02
2.500000000000000052e-04	5.539157736716391472e-02	1.041832109913229942e-01	8.290424384176731110e-02
2.500000000000000052e-04	5.513927354654179352e-02	1.179962968453764915e-01	9.593913797289133072e-02
2.500000000000000052e-04	6.489654771889312446e-02	1.048180414363741875e-01	8.022454380989074707e-02
2.500000000000000052e-04	5.593680173064334571e-02	9.262546245008707047e-02	7.522224355489015579e-02
2.500000000000000052e-04	5.398786020807073288e-02	1.011006785556674004e-01	7.815505610778927803e-02
2.500000000000000052e-04	5.836189262380328535e-02	1.035892348736524582e-01	8.928869199007749557e-02
2.500000000000000052e-04	6.038302301040178455e-02	1.020856108516454697e-01	8.381202351301908493e-02
2.500000000000000052e-04	5.359056997525540877e-02	9.816767647862434387e-02	8.034920878708362579e-02
2.500000000000000052e-04	5.705629638101480938e-02	9.846297279000282288e-02	7.652756478637456894e-02
2.500000000000000052e-04	6.014895118490050374e-02	1.079388326033949852e-01	8.563733939081430435e-02
2.500000000000000052e-04	5.694272039057333284e-02	9.740565344691276550e-02	7.440061587840318680e-02
2.500000000000000052e-04	6.089659511477132220e-02	9.092605765908956528e-02	7.253959728404879570e-02
2.500000000000000052e-04	5.847948355765282547e-02	9.858832973986864090e-02	8.035603910684585571e-02
2.500000000000000052e-04	5.503638154720958547e-02	1.028693178668618202e-01	8.230289537459611893e-02
2.500000000000000052e-04	5.313565669274782771e-02	1.046959264203906059e-01	9.311007242649793625e-02
2.500000000000000052e-04	5.672183076414880759e-02	1.075063766911625862e-01	9.091959800571203232e-02
2.500000000000000052e-04	5.617653953406629569e-02	9.190820623189210892e-02	7.462593354284763336e-02
2.500000000000000052e-04	5.586369981682753200e-02	9.368292801082134247e-02	7.573410589247941971e-02
2.500000000000000052e-04	6.212138955163050424e-02	9.972836636006832123e-02	8.168512117117643356e-02
2.500000000000000052e-04	6.374123046481156019e-02	1.147938743233680725e-01	9.482876397669315338e-02
2.500000000000000052e-04	5.604239876228797601e-02	9.272402152419090271e-02	7.508542481809854507e-02
2.500000000000000052e-04	5.601517478876476275e-02	8.781934529542922974e-02	7.007284974679350853e-02
2.500000000000000052e-04	5.683425368293176794e-02	9.788145311176776886e-02	8.132043201476335526e-02
2.500000000000000052e-04	5.465552592767945056e-02	9.604829922318458557e-02	7.819303497672080994e-02
2.500000000000000052e-04	5.400708744514592236e-02	9.190188767388463020e-02	7.390147168189287186e-02
2.500000000000000052e-04	5.638736545379403192e-02	1.366507522761821747e-01	1.200632601976394653e-01
2.500000000000000052e-04	5.470198798405973006e-02	1.027137236669659615e-01	8.398419898003339767e-02
2.500000000000000052e-04	5.783859006117416518e-02	1.006903089582920074e-01	8.644879329949617386e-02
2.500000000000000052e-04	5.339538225833373453e-02	9.339450858533382416e-02	7.346049416810274124e-02
2.500000000000000052e-04	5.032643765399727465e-02	9.313281252980232239e-02	7.625544164329767227e-02
2.500000000000000052e-04	5.765053934028631366e-02	9.508465230464935303e-02	7.735338900238275528e-02
2.500000000000000052e-04	6.245405557034890837e-02	1.080463798716664314e-01	9.002723824232816696e-02
2.500000000000000052e-04	5.820632447736173026e-02	9.021766763180494308e-02	7.265963312238454819e-02
2.500000000000000052e-04	5.740050966792469012e-02	1.196830952540040016e-01	9.958239924162626266e-02
2.500000000000000052e-04	5.368971598299243642e-02	9.833069331943988800e-02	8.054510876536369324e-02
2.500000000000000052e-04	5.297778108263317270e-02	9.860691800713539124e-02	8.271719422191381454e-02
2.500000000000000052e-04	5.347851458701152055e-02	1.061037033796310425e-01	8.832333050668239594e-02
2.500000000000000052e-04	5.175314383887791997e-02	9.981583058834075928e-02	8.024274557828903198e-02
2.500000000000000052e-04	5.489983211589764822e-02	1.088590873405337334e-01	8.746105525642633438e-02
2.500000000000000052e-04	5.140723971815049087e-02	9.030822198837995529e-02	7.264072075486183167e-02
2.500000000000000052e-04	4.939920785306375212e-02	9.580396534875035286e-02	7.575104292482137680e-02
2.500000000000000052e-04	5.339212394967864095e-02	9.619766194373369217e-02	7.698512729257345200e-02
2.500000000000000052e-04	4.914864404952224569e-02	9.614174533635377884e-02	7.273134402930736542e-02
1.250000000000000026e-04	4.735464128795303929e-02	9.152582660317420959e-02	6.938231596723198891e-02
1.250000000000000026e-04	4.370575089337704749e-02	9.100488293915987015e-02	7.175666373223066330e-02
1.250000000000000026e-04	4.463917644152158581e-02	8.901610784232616425e-02	6.857424508780241013e-02
1.250000000000000026e-04	4.420717583992813532e-02	8.900294452905654907e-02	7.014790829271078110e-02
1.250000000000000026e-04	4.462611599813533919e-02	8.922894671559333801e-02	7.015467388555407524e-02
1.250000000000000026e-04	4.247537257644948966e-02	8.844301942735910416e-02	6.893979944288730621e-02
1.250000000000000026e-04	4.645788245186020793e-02	1.017020121216773987e-01	8.450469840317964554e-02
1.250000000000000026e-04	4.518688882736465739e-02	8.863910334184765816e-02	6.954558426514267921e-02
1.250000000000000026e-04	4.463577190343337442e-02	9.134139493107795715e-02	7.357738446444272995e-02
1.250000000000000026e-04	4.208331371221361167e-02	9.069564193487167358e-02	7.229695748537778854e-02
1.250000000000000026e-04	4.104473767212674790e-02	1.025860747322440147e-01	8.259216323494911194e-02
1.250000000000000026e-04	4.061439869147312476e-02	1.106432024389505386e-01	9.244067966938018799e-02
1.250000000000000026e-04	4.347973628134667312e-02	8.731340989470481873e-02	6.924773892387747765e-02
1.250000000000000026e-04	4.014783036671107364e-02	8.873630408197641373e-02	6.811571354046463966e-02
1.250000000000000026e-04	4.070681562246401125e-02	9.330917242914438248e-02	7.022975012660026550e-02
1.250000000000000026e-04	4.375537161868583991e-02	9.585368260741233826e-02	7.858430407941341400e-02
1.250000000000000026e-04	4.257082156365430553e-02	9.238439286127686501e-02	7.283993856981396675e-02
1.250000000000000026e-04	4.129070321781725533e-02	8.872676687315106392e-02	6.827602582052350044e-02
1.250000000000000026e-04	4.413845411301413335e-02	8.982520550489425659e-02	7.081297691911458969e-02
1.250000000000000026e-04	4.138140915598295666e-02	8.763218019157648087e-02	7.026228727772831917e-02
1.250000000000000026e-04	4.055681626630734671e-02	8.606401924043893814e-02	6.869014771655201912e-02
1.250000000000000026e-04	4.135683414679539038e-02	8.895353041589260101e-02	7.229642663151025772e-02
1.250000000000000026e-04	4.120041066898575549e-02	8.947199117392301559e-02	6.872117239981889725e-02
1.250000000000000026e-04	4.517703486865834450e-02	8.645921573042869568e-02	7.043296378105878830e-02
1.250000000000000026e-04	4.527465989695319409e-02	8.735304698348045349e-02	6.998963747173547745e-02
1.250000000000000026e-04	4.173012176835084325e-02	8.668770594522356987e-02	6.943546235561370850e-02
1.250000000000000026e-04	4.351525843332085253e-02	9.076881408691406250e-02	7.518472708761692047e-02
1.250000000000000026e-04	4.204959320965447056e-02	8.775428915396332741e-02	6.784877460449934006e-02
1.250000000000000026e-04	4.156768586062177528e-02	9.860989358276128769e-02	8.064077235758304596e-02
1.250000000000000026e-04	4.166919730980939846e-02	8.705674577504396439e-02	6.815041927620768547e-02
1.250000000000000026e-04	3.943649370553372474e-02	8.711670152842998505e-02	7.010926259681582451e-02
1.250000000000000026e-04	4.081308504542972143e-02	9.859913960099220276e-02	7.956557534635066986e-02
1.250000000000000026e-04	4.350946956797491216e-02	9.716203063726425171e-02	7.915582321584224701e-02
1.250000000000000026e-04	3.909315607404407339e-02	8.883938891813158989e-02	7.092000544071197510e-02
1.250000000000000026e-04	4.506403771288032545e-02	9.215950313955545425e-02	7.683561509475111961e-02
1.250000000000000026e-04	3.797141134833233178e-02	9.513059910386800766e-02	7.432085694745182991e-02
1.250000000000000026e-04	4.310300057353098208e-02	9.313600882887840271e-02	7.124382769688963890e-02
1.250000000000000026e-04	4.543110367523718607e-02	9.380393475294113159e-02	7.540190638974308968e-02
1.250000000000000026e-04	4.289620183408260345e-02	9.015489090234041214e-02	7.235382683575153351e-02
1.250000000000000026e-04	4.496999231131770802e-02	9.562219865620136261e-02	7.741993665695190430e-02
1.250000000000000026e-04	4.382408620153047107e-02	9.213717840611934662e-02	7.247084006667137146e-02
1.250000000000000026e-04	3.934727602084226589e-02	9.087167121469974518e-02	7.099960930645465851e-02
6.250000000000000130e-05	3.627305343464205800e-02	8.450463693588972092e-02	6.732142111286520958e-02
6.250000000000000130e-05	3.611097451818140458e-02	8.812654297798871994e-02	6.716576544567942619e-02
6.250000000000000130e-05	3.531870250649089826e-02	8.580684382468461990e-02	6.705448031425476074e-02
6.250000000000000130e-05	3.620041831384731429e-02	8.593042613938450813e-02	6.675649853423237801e-02
6.250000000000000130e-05	4.317460133682323592e-02	9.598180651664733887e-02	7.721889019012451172e-02
6.250000000000000130e-05	3.463336174623875968e-02	8.545383159071207047e-02	6.781511474400758743e-02
6.250000000000000130e-05	3.572932687364047122e-02	8.939045853912830353e-02	7.021691324189305305e-02
6.250000000000000130e-05	3.704173306498346335e-02	8.523270115256309509e-02	6.691014859825372696e-02
6.250000000000000130e-05	4.411346762429309981e-02	8.881418220698833466e-02	7.194358808919787407e-02
6.250000000000000130e-05	4.331222709409798116e-02	9.983878955245018005e-02	8.111074194312095642e-02
6.250000000000000130e-05	3.434422128845619065e-02	8.540936419740319252e-02	6.850894214585423470e-02
6.250000000000000130e-05	3.565498618291148419e-02	8.600484346970915794e-02	6.796311214566230774e-02
6.250000000000000130e-05	3.700474868941155959e-02	9.231689386069774628e-02	7.130076363682746887e-02
6.250000000000000130e-05	3.888783087553102785e-02	9.189775027334690094e-02	7.565586082637310028e-02
6.250000000000000130e-05	3.454638621475122906e-02	8.540930738672614098e-02	6.795123359188437462e-02
6.250000000000000130e-05	3.648278454342220728e-02	8.387652458623051643e-02	6.737580336630344391e-02
6.250000000000000130e-05	3.867108363045167196e-02	8.690769318491220474e-02	6.866419268772006035e-02
6.250000000000000130e-05	3.731926639057413231e-02	8.610486099496483803e-02	6.934126000851392746e-02
6.250000000000000130e-05	3.710274049375630878e-02	8.803887479007244110e-02	6.985162338241934776e-02
6.250000000000000130e-05	3.692168150615843247e-02	8.715797681361436844e-02	6.880232086405158043e-02
6.250000000000000130e-05	3.566413613248475140e-02	8.883310854434967041e-02	6.935361865907907486e-02
6.250000000000000130e-05	3.587531402141232867e-02	8.798300474882125854e-02	6.866540666669607162e-02
6.250000000000000130e-05	3.555502426586573672e-02	8.646325860172510147e-02	6.713007902726531029e-02
6.250000000000000130e-05	3.465112025224709874e-02	8.679343573749065399e-02	6.726328842341899872e-02
6.250000000000000130e-05	3.460382413166233212e-02	8.618945395573973656e-02	6.902153929695487022e-02
6.250000000000000130e-05	3.276478270469587034e-02	9.046706557273864746e-02	6.928302114829421043e-02
6.250000000000000130e-05	3.474361984695814587e-02	8.541274769231677055e-02	6.649008765816688538e-02
6.250000000000000130e-05	3.427975476259672444e-02	8.959479955956339836e-02	7.043759105727076530e-02
6.250000000000000130e-05	3.398790662000073654e-02	8.889950625598430634e-02	6.991965649649500847e-02
6.250000000000000130e-05	3.523485739774341596e-02	8.952012239024043083e-02	7.154842931777238846e-02
6.250000000000000130e-05	3.587747650527501470e-02	8.879538811743259430e-02	6.807480100542306900e-02
6.250000000000000130e-05	3.628679700903122973e-02	8.441518433392047882e-02	6.781756924465298653e-02
6.250000000000000130e-05	3.305981680750846863e-02	8.431508392095565796e-02	6.655347300693392754e-02
6.250000000000000130e-05	3.511356720347193205e-02	8.549579558894038200e-02	6.616623420268297195e-02
6.250000000000000130e-05	3.343688215635999550e-02	8.993855956941843033e-02	7.203252799808979034e-02
6.250000000000000130e-05	3.435586928095243908e-02	8.544712420552968979e-02	6.670783460140228271e-02
6.250000000000000130e-05	3.386423984377444352e-02	8.662302792072296143e-02	6.894633686169981956e-02
3.125000000000000065e-05	3.262032356254662008e-02	8.477974776178598404e-02	6.733761029317975044e-02
3.125000000000000065e-05	3.092539306918654432e-02	8.640444558113813400e-02	6.788153154775500298e-02
3.125000000000000065e-05	2.949106765180071685e-02	8.449243940412998199e-02	6.670613074675202370e-02
3.125000000000000065e-05	3.054658057097392812e-02	8.677984401583671570e-02	6.843472877517342567e-02
3.125000000000000065e-05	3.498911949558348305e-02	8.868871117010712624e-02	6.960225012153387070e-02
3.125000000000000065e-05	3.108499225087558299e-02	8.558445377275347710e-02	6.787242228165268898e-02
3.125000000000000065e-05	3.331859953277095665e-02	8.930656407028436661e-02	7.177394628524780273e-02
3.125000000000000065e-05	3.165195896467076081e-02	8.526386320590972900e-02	6.640660902485251427e-02
3.125000000000000065e-05	3.156117898046593290e-02	8.679548837244510651e-02	6.858395412564277649e-02
3.125000000000000065e-05	3.128672158935024566e-02	8.816348575055599213e-02	6.629124423488974571e-02
3.125000000000000065e-05	2.859371596405023419e-02	8.580698957666754723e-02	6.655625812709331512e-02
3.125000000000000065e-05	3.193416668078567083e-02	8.659807359799742699e-02	6.759333657100796700e-02
3.125000000000000065e-05	3.154999353698914599e-02	8.629951998591423035e-02	6.637826887890696526e-02
3.125000000000000065e-05	3.271381264623207663e-02	8.724430669099092484e-02	6.800384167581796646e-02
3.125000000000000065e-05	3.113273518230718837e-02	9.125592932105064392e-02	6.989875994622707367e-02
3.125000000000000065e-05	3.250513046602659245e-02	8.449538378044962883e-02	6.632673833519220352e-02
3.125000000000000065e-05	3.156583812795107913e-02	8.953766152262687683e-02	7.122800452634692192e-02
3.125000000000000065e-05	3.255723368470804513e-02	8.561493922024965286e-02	6.747858971357345581e-02
3.125000000000000065e-05	3.208741929995108377e-02	8.454534085467457771e-02	6.660803500562906265e-02
3.125000000000000065e-05	3.057220582909222009e-02	8.408084418624639511e-02	6.744152167811989784e-02
3.125000000000000065e-05	3.070949102881588566e-02	8.694157283753156662e-02	6.831296207383275032e-02
1.562500000000000033e-05	3.072103030413766284e-02	8.887227065861225128e-02	6.971392268314957619e-02
1.562500000000000033e-05	2.943400657865442860e-02	8.565538190305233002e-02	6.661392841488122940e-02
1.562500000000000033e-05	3.279772822898399665e-02	8.672483451664447784e-02	6.823337730020284653e-02
1.562500000000000033e-05	3.161523978025475301e-02	8.848388213664293289e-02	6.592552550137042999e-02
1.562500000000000033e-05	3.121200414916759647e-02	8.518592268228530884e-02	6.690784636884927750e-02
1.562500000000000033e-05	3.112215130248024639e-02	8.561448007822036743e-02	6.742580560967326164e-02
1.562500000000000033e-05	2.926078054440926779e-02	8.566931635141372681e-02	6.711572501808404922e-02
1.562500000000000033e-05	3.243955440489174752e-02	8.650022372603416443e-02	6.750763207674026489e-02
1.562500000000000033e-05	3.018646585884728062e-02	8.619487565010786057e-02	6.668388703837990761e-02
1.562500000000000033e-05	3.010003551652159701e-02	8.935647597536444664e-02	6.742947082966566086e-02
1.562500000000000033e-05	3.004983303290379229e-02	8.451951527968049049e-02	6.652254657819867134e-02
1.562500000000000033e-05	3.096388900487483456e-02	8.493765071034431458e-02	6.677504302933812141e-02
1.562500000000000033e-05	2.977495758405214465e-02	8.810496283695101738e-02	6.991665111854672432e-02
1.562500000000000033e-05	2.991290788956080943e-02	8.542737085372209549e-02	6.745634274557232857e-02
1.562500000000000033e-05	3.098633159187775751e-02	8.432592917233705521e-02	6.632488919422030449e-02
1.562500000000000033e-05	3.043534003103835761e-02	8.632329292595386505e-02	6.768974475562572479e-02
1.562500000000000033e-05	2.960255435561831919e-02	8.629383379593491554e-02	6.715958658605813980e-02
1.562500000000000033e-05	2.866645060668263426e-02	8.901339257135987282e-02	6.666762894019484520e-02
1.562500000000000033e-05	3.162335754148190570e-02	9.420018130913376808e-02	7.124054711312055588e-02
1.562500000000000033e-05	3.012928954926849881e-02	8.581398241221904755e-02	6.733897002413868904e-02
1.562500000000000033e-05	2.969370255411802814e-02	8.584200730547308922e-02	6.743620755150914192e-02
7.812500000000000163e-06	2.998338798886235682e-02	8.721975004300475121e-02	6.893521500751376152e-02
7.812500000000000163e-06	3.386194341450552564e-02	9.116035699844360352e-02	7.274956535547971725e-02
7.812500000000000163e-06	3.010067185740682161e-02	8.518432546406984329e-02	6.716628279536962509e-02
7.812500000000000163e-06	2.852146201354415975e-02	8.597567398101091385e-02	6.754304282367229462e-02
7.812500000000000163e-06	2.937472062303295509e-02	8.711211569607257843e-02	6.899377517402172089e-02
7.812500000000000163e-06	3.116800456861906418e-02	8.567438181489706039e-02	6.687950063496828079e-02
7.812500000000000163e-06	3.042572635355629551e-02	8.609996037557721138e-02	6.752867111936211586e-02
7.812500000000000163e-06	3.189809770099347186e-02	9.108557878062129021e-02	6.834139395505189896e-02
7.812500000000000163e-06	2.790467472912012623e-02	8.548770844936370850e-02	6.728257285431027412e-02
7.812500000000000163e-06	2.842707772845331701e-02	8.553194347769021988e-02	6.642904505133628845e-02
7.812500000000000163e-06	2.905661837916962559e-02	8.676781365647912025e-02	6.806831760331988335e-02
7.812500000000000163e-06	2.901697738827029374e-02	8.754268568009138107e-02	6.765410630032420158e-02
7.812500000000000163e-06	2.979047248682266391e-02	8.466062135994434357e-02	6.642589159309864044e-02
7.812500000000000163e-06	3.413206638320337438e-02	8.931594155728816986e-02	7.043673004955053329e-02
7.812500000000000163e-06	2.994806153251777792e-02	8.483344037085771561e-02	6.739615881815552711e-02
7.812500000000000163e-06	2.846935910137393666e-02	8.822793047875165939e-02	6.676045851781964302e-02
7.812500000000000163e-06	3.012656770599416584e-02	8.490840531885623932e-02	6.590346200391650200e-02
7.812500000000000163e-06	3.006168795584500744e-02	8.549503562971949577e-02	6.754308799281716347e-02
7.812500000000000163e-06	3.009975419815959924e-02	8.607358997687697411e-02	6.726334802806377411e-02
7.812500000000000163e-06	2.947308295229567748e-02	8.550607645884156227e-02	6.637731287628412247e-02
7.812500000000000163e-06	3.313281427172920512e-02	9.204529412090778351e-02	7.382558099925518036e-02
3.906250000000000081e-06	3.215134245213828457e-02	9.165481152012944221e-02	7.084022741764783859e-02
3.906250000000000081e-06	3.619676503010942764e-02	8.706193789839744568e-02	6.899169646203517914e-02
3.906250000000000081e-06	3.013662821790085572e-02	8.750151190906763077e-02	6.914851488545536995e-02
3.906250000000000081e-06	2.910933029378139428e-02	8.560884697362780571e-02	6.753802485764026642e-02
3.906250000000000081e-06	3.407563403531720103e-02	9.199977107346057892e-02	7.317079883068799973e-02
3.906250000000000081e-06	2.933333748126331839e-02	8.489531418308615685e-02	6.634953059256076813e-02
3.906250000000000081e-06	2.895239473002243769e-02	8.605659892782568932e-02	6.708318600431084633e-02
3.906250000000000081e-06	3.059218649434138071e-02	8.735974691808223724e-02	6.893476285040378571e-02
3.906250000000000081e-06	3.013907361162614096e-02	8.660328667610883713e-02	6.842384207993745804e-02
3.906250000000000081e-06	2.815369006152017295e-02	8.545171562582254410e-02	6.701520178467035294e-02
3.906250000000000081e-06	2.822271037752492606e-02	8.432537503540515900e-02	6.686572683975100517e-02
3.906250000000000081e-06	2.948145175800670481e-02	8.626851812005043030e-02	6.596208550035953522e-02
3.906250000000000081e-06	2.846281080730730939e-02	8.631174778565764427e-02	6.706528505310416222e-02
3.906250000000000081e-06	2.934797646925796366e-02	8.569687604904174805e-02	6.777131604030728340e-02
3.906250000000000081e-06	2.833582661291466492e-02	8.485661679878830910e-02	6.650640536099672318e-02
3.906250000000000081e-06	2.830766253409129282e-02	8.676696149632334709e-02	6.713361525908112526e-02
3.906250000000000081e-06	2.901105395270676610e-02	8.670679619535803795e-02	6.723887426778674126e-02
3.906250000000000081e-06	2.902379693298400357e-02	8.582163788378238678e-02	6.712610740214586258e-02
3.906250000000000081e-06	2.865411058256897917e-02	8.445387799292802811e-02	6.580387149006128311e-02
3.906250000000000081e-06	2.950067829953718912e-02	8.900954574346542358e-02	6.744072958827018738e-02
3.906250000000000081e-06	2.955697020633688346e-02	8.434728626161813736e-02	6.664320407435297966e-02
1.953125000000000041e-06	2.956339711016869182e-02	8.564157411456108093e-02	6.642478285357356071e-02
1.953125000000000041e-06	2.837001758662960338e-02	8.880130946636199951e-02	6.685645133256912231e-02
1.953125000000000041e-06	2.982518206574494291e-02	8.427578117698431015e-02	6.640455219894647598e-02
1.953125000000000041e-06	2.937999518611763075e-02	8.679241640493273735e-02	6.743223359808325768e-02
1.953125000000000041e-06	3.250585606062336708e-02	8.454756299033761024e-02	6.643955502659082413e-02
1.953125000000000041e-06	2.897032906737508767e-02	8.457071147859096527e-02	6.638735020533204079e-02
1.953125000000000041e-06	3.232398820168609632e-02	8.785529341548681259e-02	6.927005387842655182e-02
1.953125000000000041e-06	2.942796250734525457e-02	8.520906465128064156e-02	6.669707130640745163e-02
1.953125000000000041e-06	2.934715718832574260e-02	9.014905942603945732e-02	7.066038670018315315e-02
1.953125000000000041e-06	2.963071591161851523e-02	8.509947732090950012e-02	6.701238639652729034e-02
1.953125000000000041e-06	2.756583135386433611e-02	8.598094899207353592e-02	6.809865636751055717e-02
1.953125000000000041e-06	2.898244081135792002e-02	8.953020256012678146e-02	6.718366965651512146e-02
1.953125000000000041e-06	2.968584540995615820e-02	8.643336594104766846e-02	6.739945150911808014e-02
1.953125000000000041e-06	3.224178449592635803e-02	8.938590902835130692e-02	7.056614197790622711e-02
1.953125000000000041e-06	2.804236986403223914e-02	8.425686182454228401e-02	6.626926828175783157e-02
1.953125000000000041e-06	2.901480227850283117e-02	8.468180103227496147e-02	6.733770016580820084e-02
1.953125000000000041e-06	2.951640746544433383e-02	8.755541499704122543e-02	6.822662753984332085e-02
1.953125000000000041e-06	3.052825069267161434e-02	8.736917003989219666e-02	6.834778096526861191e-02
1.953125000000000041e-06	3.063370887473037055e-02	8.657350763678550720e-02	6.882918393239378929e-02
