1.000000000000000021e-03	7.671762052216107852e-01	5.136813782155513763e-01	5.330362655222415924e-01
1.000000000000000021e-03	4.343359511864336442e-01	7.820222601294517517e-01	7.725788280367851257e-01
1.000000000000000021e-03	3.777471837363665652e-01	5.820513665676116943e+00	5.936044096946716309e+00
1.000000000000000021e-03	3.553716244199607854e-01	4.487460926175117493e-01	4.284581281244754791e-01
1.000000000000000021e-03	3.022977162765551062e-01	2.787887770682573318e-01	2.419932577759027481e-01
1.000000000000000021e-03	3.014312228070029631e-01	3.186555672436952591e-01	2.915210165083408356e-01
1.000000000000000021e-03	2.783232499149781436e-01	4.692279174923896790e-01	4.758223444223403931e-01
1.000000000000000021e-03	2.953729012721701408e-01	3.115250319242477417e-01	2.684278339147567749e-01
1.000000000000000021e-03	2.706374680694145218e-01	2.463223561644554138e-01	2.148782685399055481e-01
1.000000000000000021e-03	2.499225541383405247e-01	4.949688985943794250e-01	4.806961901485919952e-01
1.000000000000000021e-03	2.476502743702900522e-01	2.508355248719453812e-01	2.195041105151176453e-01
1.000000000000000021e-03	2.552749022275586643e-01	2.785378620028495789e-01	2.312564868479967117e-01
1.000000000000000021e-03	2.522111155941516580e-01	2.734507489949464798e-01	2.573961950838565826e-01
1.000000000000000021e-03	2.438053360468224739e-01	3.085891976952552795e-01	2.906828876584768295e-01
1.000000000000000021e-03	2.272470223752758034e-01	2.601730301976203918e-01	2.414370309561491013e-01
1.000000000000000021e-03	2.353632914114602015e-01	3.335877396166324615e-01	2.999927066266536713e-01
1.000000000000000021e-03	2.273761654579186664e-01	2.715633027255535126e-01	2.394819743931293488e-01
1.000000000000000021e-03	2.193381627903708830e-01	3.255031295120716095e-01	3.180788531899452209e-01
1.000000000000000021e-03	2.196925999243048155e-01	2.368287686258554459e-01	2.136906795203685760e-01
1.000000000000000021e-03	2.098096661929842732e-01	2.315033599734306335e-01	1.967762056738138199e-01
1.000000000000000021e-03	2.235487712712227459e-01	2.104439325630664825e-01	1.865138560533523560e-01
1.000000000000000021e-03	2.097292087877853095e-01	2.604368850588798523e-01	2.260095141828060150e-01
1.000000000000000021e-03	1.921524213084691568e-01	2.344191521406173706e-01	2.044492010027170181e-01
1.000000000000000021e-03	1.866929505633402597e-01	1.804430224001407623e-01	1.486359471455216408e-01
1.000000000000000021e-03	1.985236243168010117e-01	2.492954246699810028e-01	1.953405458480119705e-01
1.000000000000000021e-03	1.784101791585548102e-01	1.787954606115818024e-01	1.646689437329769135e-01
1.000000000000000021e-03	1.925434124054788143e-01	2.493081800639629364e-01	2.351667340844869614e-01
1.000000000000000021e-03	1.809901711118372114e-01	1.862340439110994339e-01	1.659763325005769730e-01
1.000000000000000021e-03	1.886252743911139562e-01	1.864731647074222565e-01	1.504126563668251038e-01
1.000000000000000021e-03	1.804833741316312357e-01	2.150581423193216324e-01	2.086892817169427872e-01
1.000000000000000021e-03	1.705637358223335565e-01	2.586558423936367035e-01	2.356054577976465225e-01
1.000000000000000021e-03	1.732882332009605120e-01	2.360008843243122101e-01	2.085760943591594696e-01
1.000000000000000021e-03	1.738316464839102238e-01	2.587968595325946808e-01	1.970136016607284546e-01
1.000000000000000021e-03	1.698260420485387945e-01	2.224052548408508301e-01	2.027219925075769424e-01
1.000000000000000021e-03	1.781128336545787227e-01	2.142779268324375153e-01	2.024574335664510727e-01
1.000000000000000021e-03	1.857137944124921947e-01	2.487388662993907928e-01	2.286134921014308929e-01
1.000000000000000021e-03	1.636814941899685794e-01	1.715749576687812805e-01	1.425241837278008461e-01
1.000000000000000021e-03	1.756402469134029087e-01	1.545107066631317139e-01	1.358346436172723770e-01
1.000000000000000021e-03	1.483447439497030118e-01	1.908030044287443161e-01	1.667462624609470367e-01
1.000000000000000021e-03	1.504166262059272174e-01	2.034571319818496704e-01	1.882677301764488220e-01
1.000000000000000021e-03	1.662184918605828510e-01	1.821551881730556488e-01	1.624382100999355316e-01
1.000000000000000021e-03	1.550336815888368747e-01	3.329772986471652985e-01	3.039053343236446381e-01
1.000000000000000021e-03	1.626973668042617505e-01	1.517053218558430672e-01	1.248625544831156731e-01
1.000000000000000021e-03	1.516259196626989214e-01	1.836208291351795197e-01	1.648083627223968506e-01
1.000000000000000021e-03	1.605949863980088155e-01	1.694031506776809692e-01	1.343428082764148712e-01
1.000000000000000021e-03	1.745616938871673296e-01	2.928976230323314667e-01	2.698449343442916870e-01
1.000000000000000021e-03	1.458158101650733063e-01	1.351422946900129318e-01	1.166988210752606392e-01
1.000000000000000021e-03	1.487163939053499362e-01	1.581646241247653961e-01	1.302452469244599342e-01
1.000000000000000021e-03	1.304680602271345580e-01	1.417630016803741455e-01	1.306314617395401001e-01
1.000000000000000021e-03	1.405094032046161068e-01	1.511075543239712715e-01	1.248108390718698502e-01
1.000000000000000021e-03	1.409318755510487187e-01	2.897531576454639435e-01	2.895980980247259140e-01
1.000000000000000021e-03	1.416166275739669800e-01	1.576082678511738777e-01	1.412603966891765594e-01
1.000000000000000021e-03	1.460620030949387471e-01	1.298410082235932350e-01	1.067143119871616364e-01
1.000000000000000021e-03	1.334788687055623868e-01	1.430082172155380249e-01	1.246047783643007278e-01
1.000000000000000021e-03	1.547018602679047505e-01	1.641862560063600540e-01	1.487709628418087959e-01
1.000000000000000021e-03	1.371699628196185183e-01	1.541475225239992142e-01	1.395088704302906990e-01
1.000000000000000021e-03	1.433609665571888847e-01	1.988990288227796555e-01	1.819582339376211166e-01
1.000000000000000021e-03	1.458155155370507161e-01	1.599557567387819290e-01	1.430965028703212738e-01
1.000000000000000021e-03	1.398765746551224043e-01	1.915866639465093613e-01	1.705948356539011002e-01
1.000000000000000021e-03	1.364786476839946749e-01	1.526895212009549141e-01	1.356769241392612457e-01
1.000000000000000021e-03	1.479141239689875376e-01	1.778152789920568466e-01	1.620427835732698441e-01
1.000000000000000021e-03	1.410676660605623689e-01	1.290125669911503792e-01	1.067940071225166321e-01
1.000000000000000021e-03	1.249147932740706374e-01	1.596439396962523460e-01	1.463446244597434998e-01
1.000000000000000021e-03	1.344412078585805748e-01	1.827606707811355591e-01	1.632260549813508987e-01
1.000000000000000021e-03	1.305168683204469826e-01	1.630183830857276917e-01	1.586575228720903397e-01
1.000000000000000021e-03	1.352052498090116350e-01	1.571154566481709480e-01	1.451485529541969299e-01
1.000000000000000021e-03	1.309262695191781845e-01	1.525200475007295609e-01	1.425208337604999542e-01
1.000000000000000021e-03	1.472865482674369231e-01	1.288165152072906494e-01	1.069098003208637238e-01
1.000000000000000021e-03	1.246191659305669053e-01	1.817073989659547806e-01	1.663279309868812561e-01
1.000000000000000021e-03	1.260526390581191425e-01	1.545775635167956352e-01	1.291253352537751198e-01
1.000000000000000021e-03	1.301842645942410392e-01	1.357462974265217781e-01	1.194486282765865326e-01
1.000000000000000021e-03	1.301237950219383821e-01	2.877019792795181274e-01	2.759066037833690643e-01
1.000000000000000021e-03	1.257261272661293616e-01	1.256121601909399033e-01	1.118578398600220680e-01
1.000000000000000021e-03	1.307789209900022953e-01	1.333122896030545235e-01	1.124456012621521950e-01
1.000000000000000021e-03	1.219159595762627085e-01	1.363655021414160728e-01	1.214464344084262848e-01
1.000000000000000021e-03	1.190491021622585299e-01	1.195926535874605179e-01	1.066673714667558670e-01
1.000000000000000021e-03	1.195706216783463255e-01	1.188397724181413651e-01	1.053935708478093147e-01
1.000000000000000021e-03	1.113980447849895333e-01	1.494995858520269394e-01	1.274081068113446236e-01
1.000000000000000021e-03	1.131793525117107541e-01	1.506196931004524231e-01	1.340859010815620422e-01
1.000000000000000021e-03	1.119200340177439468e-01	1.546551045030355453e-01	1.426652884110808372e-01
1.000000000000000021e-03	1.173434826675095188e-01	1.352791879326105118e-01	1.175534147769212723e-01
1.000000000000000021e-03	1.221254364221910915e-01	1.646407619118690491e-01	1.472291424870491028e-01
1.000000000000000021e-03	1.177380997923356126e-01	1.831695288419723511e-01	1.648891177028417587e-01
1.000000000000000021e-03	1.182164806353895037e-01	1.313560977578163147e-01	1.210852824151515961e-01
1.000000000000000021e-03	1.134607143983056288e-01	2.387501131743192673e-01	2.123743593692779541e-01
1.000000000000000021e-03	1.279183306460139058e-01	1.267120158299803734e-01	1.096415724605321884e-01
1.000000000000000021e-03	1.057767604442336890e-01	1.803513038903474808e-01	1.714390758424997330e-01
1.000000000000000021e-03	1.136928277113769675e-01	2.191805709153413773e-01	1.868004892021417618e-01
1.000000000000000021e-03	1.055892443732370373e-01	1.994045879691839218e-01	1.751710362732410431e-01
1.000000000000000021e-03	1.101796321476562063e-01	1.191186979413032532e-01	1.000272016972303391e-01
1.000000000000000021e-03	1.129676483665840586e-01	1.231817444786429405e-01	1.017237603664398193e-01
1.000000000000000021e-03	1.088493107051789061e-01	1.131596267223358154e-01	9.809241723269224167e-02
1.000000000000000021e-03	1.030121252317971886e-01	1.192183168604969978e-01	9.993080887943506241e-02
1.000000000000000021e-03	1.090378571254543155e-01	1.800263747572898865e-01	1.636968124657869339e-01
1.000000000000000021e-03	1.191374766109864897e-01	2.424000874161720276e-01	2.250528633594512939e-01
1.000000000000000021e-03	1.089376224369942442e-01	1.273435782641172409e-01	1.100257169455289841e-01
1.000000000000000021e-03	1.071257903417454499e-01	1.172743989154696465e-01	9.902182314544916153e-02
1.000000000000000021e-03	1.130373729746552980e-01	1.171100595965981483e-01	1.060898602008819580e-01
1.000000000000000021e-03	1.097531645452674426e-01	1.039031306281685829e-01	9.098621644079685211e-02
1.000000000000000021e-03	1.141823418909990312e-01	1.837494727224111557e-01	1.717223040759563446e-01
1.000000000000000021e-03	1.155973825179323344e-01	1.727920100092887878e-01	1.545725427567958832e-01
1.000000000000000021e-03	1.100444524914403477e-01	1.109796306118369102e-01	9.481170680373907089e-02
1.000000000000000021e-03	1.036804500920108646e-01	1.624967614188790321e-01	1.507383622229099274e-01
1.000000000000000021e-03	1.072251212464857689e-01	1.262208102270960808e-01	1.132131470367312431e-01
1.000000000000000021e-03	1.222809527682352654e-01	1.453996673226356506e-01	1.380403377115726471e-01
1.000000000000000021e-03	1.044855773731877546e-01	1.258604004979133606e-01	1.080760089680552483e-01
1.000000000000000021e-03	1.017150323413595348e-01	1.214584931731224060e-01	1.084765903651714325e-01
1.000000000000000021e-03	1.297989817737024154e-01	2.474687099456787109e-01	2.377199959009885788e-01
1.000000000000000021e-03	1.019170441299299679e-01	1.647174842655658722e-01	1.572062056511640549e-01
1.000000000000000021e-03	1.016316810929322606e-01	1.404409157112240791e-01	1.368917217478156090e-01
1.000000000000000021e-03	9.742037683159490702e-02	1.437294296920299530e-01	1.326737226918339729e-01
1.000000000000000021e-03	9.509909355753584648e-02	1.092779785394668579e-01	9.893960691988468170e-02
1.000000000000000021e-03	1.070073204044299786e-01	1.068336144089698792e-01	9.440515749156475067e-02
1.000000000000000021e-03	9.438027408492716264e-02	1.125872312113642693e-01	9.505849238485097885e-02
1.000000000000000021e-03	1.042435771396642979e-01	1.205370854586362839e-01	1.077197296544909477e-01
1.000000000000000021e-03	9.204769327859335659e-02	1.227037329226732254e-01	1.005993485450744629e-01
1.000000000000000021e-03	1.002298521373090889e-01	1.806293632835149765e-01	1.610940266400575638e-01
1.000000000000000021e-03	9.592410620254805675e-02	1.056945016607642174e-01	9.045792836695909500e-02
1.000000000000000021e-03	9.572999566038951913e-02	2.215243671089410782e-01	2.131148241460323334e-01
1.000000000000000021e-03	9.357648055198826420e-02	1.113981697708368301e-01	1.045478265732526779e-01
5.000000000000000104e-04	8.301040303858020497e-02	1.003392077982425690e-01	8.418969344347715378e-02
5.000000000000000104e-04	7.831593866966947426e-02	9.722622670233249664e-02	7.708431407809257507e-02
5.000000000000000104e-04	7.112063566529297498e-02	1.063343528658151627e-01	8.904358372092247009e-02
5.000000000000000104e-04	7.614694813950152741e-02	1.403140332549810410e-01	1.202770518139004707e-01
5.000000000000000104e-04	8.085213389389123151e-02	1.138375345617532730e-01	9.982459153980016708e-02
5.000000000000000104e-04	7.567199319601058960e-02	1.426495257765054703e-01	1.250084517523646355e-01
5.000000000000000104e-04	7.296083108345165213e-02	1.022599153220653534e-01	8.806292247027158737e-02
5.000000000000000104e-04	7.773103267897533974e-02	1.114035584032535553e-01	9.739428758621215820e-02
5.000000000000000104e-04	7.046539595798601008e-02	9.544458333402872086e-02	8.176636509597301483e-02
5.000000000000000104e-04	6.581528088714502789e-02	9.545746818184852600e-02	8.012442849576473236e-02
5.000000000000000104e-04	6.979886970565288284e-02	1.118369149044156075e-01	9.632075950503349304e-02
5.000000000000000104e-04	7.131618666875211288e-02	9.790699742734432220e-02	8.423610311001539230e-02
5.000000000000000104e-04	7.029809152023701324e-02	1.097981687635183334e-01	1.034180941060185432e-01
5.000000000000000104e-04	6.995511069139347116e-02	1.324876677244901657e-01	1.125967716798186302e-01
5.000000000000000104e-04	7.353688220057306990e-02	1.419066218659281731e-01	1.311483811587095261e-01
5.000000000000000104e-04	7.532416600026661802e-02	9.195253625512123108e-02	7.762527791783213615e-02
5.000000000000000104e-04	6.821393943097017742e-02	9.961203858256340027e-02	8.304603677242994308e-02
5.000000000000000104e-04	7.065448985446858010e-02	9.499901998788118362e-02	8.090635202825069427e-02
5.000000000000000104e-04	6.860544801324228170e-02	1.011203685775399208e-01	8.160849800333380699e-02
5.000000000000000104e-04	6.568911704647389938e-02	1.172124752774834633e-01	9.914698265492916107e-02
5.000000000000000104e-04	6.554670707334446511e-02	1.143260300159454346e-01	9.354438260197639465e-02
5.000000000000000104e-04	6.977940544108801602e-02	9.712614119052886963e-02	7.798639405518770218e-02
5.000000000000000104e-04	7.220890467302708282e-02	9.797826781868934631e-02	8.203220367431640625e-02
5.000000000000000104e-04	6.400923525230793609e-02	1.043472662568092346e-01	9.130937233567237854e-02
5.000000000000000104e-04	6.551356255253658334e-02	1.072580991312861443e-01	8.731827791780233383e-02
5.000000000000000104e-04	6.144537668250783791e-02	9.820388536900281906e-02	8.464659843593835831e-02
5.000000000000000104e-04	6.465686409722400108e-02	1.264472072944045067e-01	1.102415109053254128e-01
5.000000000000000104e-04	6.418117404549936178e-02	9.548743255436420441e-02	8.274282515048980713e-02
5.000000000000000104e-04	6.323388091559652147e-02	9.877226967364549637e-02	8.194614388048648834e-02
5.000000000000000104e-04	6.795456614109533777e-02	1.179019128903746605e-01	1.039300793781876564e-01
5.000000000000000104e-04	6.123016180494163935e-02	1.287502013146877289e-01	1.147340117022395134e-01
5.000000000000000104e-04	6.141099060260796910e-02	9.230963978916406631e-02	7.800773717463016510e-02
5.000000000000000104e-04	6.776334868767593111e-02	1.081801205873489380e-01	9.150665625929832458e-02
5.000000000000000104e-04	6.481056660413742065e-02	9.569122735410928726e-02	8.628014009445905685e-02
5.000000000000000104e-04	6.363109343602688095e-02	8.763390686362981796e-02	7.262072246521711349e-02
5.000000000000000104e-04	5.969308609072165872e-02	8.883203752338886261e-02	7.534493040293455124e-02
5.000000000000000104e-04	5.486821409173404246e-02	1.031437469646334648e-01	8.637088816612958908e-02
5.000000000000000104e-04	6.232845410704612732e-02	9.292251709848642349e-02	7.335297809913754463e-02
5.000000000000000104e-04	5.366139071463029570e-02	1.001710556447505951e-01	8.622120786458253860e-02
5.000000000000000104e-04	6.110205640426919632e-02	9.230801649391651154e-02	7.976857665926218033e-02
5.000000000000000104e-04	7.044217910004567373e-02	9.491846803575754166e-02	7.889336068183183670e-02
5.000000000000000104e-04	6.109837668983242320e-02	9.565933793783187866e-02	8.172915875911712646e-02
5.000000000000000104e-04	6.715341935618014679e-02	1.008132873103022575e-01	8.336354140192270279e-02
5.000000000000000104e-04	5.280662766551669912e-02	1.154590509831905365e-01	9.642394538968801498e-02
5.000000000000000104e-04	5.749959371323826868e-02	8.839832153171300888e-02	8.097068499773740768e-02
5.000000000000000104e-04	5.780030796422234302e-02	9.988478571176528931e-02	8.041346259415149689e-02
5.000000000000000104e-04	5.757221744596204005e-02	9.771914500743150711e-02	8.032535109668970108e-02
5.000000000000000104e-04	6.062586421642122275e-02	8.969984576106071472e-02	7.767760194838047028e-02
5.000000000000000104e-04	5.706937714845319171e-02	9.208861039951443672e-02	7.684166310355067253e-02
5.000000000000000104e-04	6.101452167841452806e-02	8.982002921402454376e-02	7.445494644343852997e-02
5.000000000000000104e-04	6.421354806781569280e-02	1.028853962197899818e-01	7.840780541300773621e-02
5.000000000000000104e-04	5.388156659429586132e-02	8.955852221697568893e-02	7.295573130249977112e-02
5.000000000000000104e-04	5.551908877265604447e-02	9.281352814286947250e-02	7.613029610365629196e-02
5.000000000000000104e-04	5.702301836277864910e-02	9.798456449061632156e-02	8.201479539275169373e-02
5.000000000000000104e-04	5.665417935086201895e-02	1.022691810503602028e-01	8.098576497286558151e-02
5.000000000000000104e-04	6.984544102149674305e-02	9.691663179546594620e-02	7.856751512736082077e-02
2.500000000000000052e-04	4.972511522849149684e-02	9.795810375362634659e-02	8.551716245710849762e-02
2.500000000000000052e-04	4.522628997322879207e-02	8.452706364914774895e-02	7.085689716041088104e-02
2.500000000000000052e-04	4.437619089325772065e-02	8.475556410849094391e-02	6.936464412137866020e-02
2.500000000000000052e-04	4.730426654502560557e-02	9.242866747081279755e-02	7.645097840577363968e-02
2.500000000000000052e-04	4.385342661149894267e-02	9.029353875666856766e-02	7.741125859320163727e-02
2.500000000000000052e-04	4.939317979107174517e-02	8.148861397057771683e-02	6.844660034403204918e-02
2.500000000000000052e-04	4.687382669860049034e-02	8.736686408519744873e-02	7.232175208628177643e-02
2.500000000000000052e-04	5.031305186073236485e-02	8.880626410245895386e-02	7.134474813938140869e-02
2.500000000000000052e-04	4.660508878340449690e-02	9.151428192853927612e-02	7.677683793008327484e-02
2.500000000000000052e-04	4.972206395638140153e-02	1.049114344641566277e-01	8.992121648043394089e-02
2.500000000000000052e-04	4.363294969065279610e-02	9.205350372940301895e-02	7.280936371535062790e-02
2.500000000000000052e-04	4.509208412675917710e-02	8.986404910683631897e-02	7.284122239798307419e-02
2.500000000000000052e-04	4.912212040699735771e-02	8.675746060907840729e-02	7.037044176831841469e-02
2.500000000000000052e-04	5.064868769030782258e-02	9.859466552734375000e-02	7.951958663761615753e-02
2.500000000000000052e-04	4.686566227693346465e-02	8.601631456986069679e-02	6.868896633386611938e-02
2.500000000000000052e-04	4.567291252786600392e-02	8.538817800581455231e-02	6.933736521750688553e-02
2.500000000000000052e-04	4.283629789288285333e-02	8.787947054952383041e-02	7.072299346327781677e-02
2.500000000000000052e-04	4.474200926060917932e-02	1.043022917583584785e-01	8.364867791533470154e-02
2.500000000000000052e-04	4.735006757457799892e-02	8.965891180559992790e-02	7.228441676124930382e-02
2.500000000000000052e-04	4.219446555251562397e-02	9.621771052479743958e-02	7.751598814502358437e-02
2.500000000000000052e-04	4.268898975245560140e-02	8.535594586282968521e-02	6.853639613837003708e-02
2.500000000000000052e-04	4.562445215975181878e-02	9.536951966583728790e-02	7.999682053923606873e-02
2.500000000000000052e-04	4.148300621611408084e-02	8.423750475049018860e-02	6.870228191837668419e-02
2.500000000000000052e-04	4.449216462671756744e-02	9.566223528236150742e-02	7.890997640788555145e-02
2.500000000000000052e-04	4.600848920077462573e-02	8.974361792206764221e-02	7.148762419819831848e-02
2.500000000000000052e-04	4.182837705446194876e-02	8.927708398550748825e-02	7.729523256421089172e-02
2.500000000000000052e-04	4.445408060675180156e-02	9.731774497777223587e-02	7.974654436111450195e-02
1.250000000000000026e-04	3.962988677564301121e-02	8.657949231564998627e-02	6.887610163539648056e-02
1.250000000000000026e-04	3.643023076502582835e-02	8.571527106687426567e-02	7.016762858256697655e-02
1.250000000000000026e-04	3.745914218782246674e-02	9.133695065975189209e-02	7.087811315432190895e-02
1.250000000000000026e-04	3.482548229962210279e-02	8.798564225435256958e-02	7.020960701629519463e-02
1.250000000000000026e-04	4.166777651238290359e-02	9.298450686037540436e-02	6.982695171609520912e-02
1.250000000000000026e-04	3.685234298434438699e-02	8.477721828967332840e-02	6.907524587586522102e-02
1.250000000000000026e-04	3.867450207943403523e-02	8.625557087361812592e-02	6.993349175900220871e-02
1.250000000000000026e-04	4.309150189915789825e-02	9.066397976130247116e-02	7.301246467977762222e-02
1.250000000000000026e-04	3.609115811937217699e-02	8.679875824600458145e-02	6.989871384575963020e-02
1.250000000000000026e-04	3.746742118574396263e-02	8.611041633412241936e-02	6.850819475948810577e-02
1.250000000000000026e-04	3.623636269682570243e-02	8.926197607070207596e-02	7.255668658763170242e-02
1.250000000000000026e-04	3.499925183721735306e-02	8.546182047575712204e-02	6.813846668228507042e-02
1.250000000000000026e-04	3.595040559391431828e-02	8.816066384315490723e-02	6.762532750144600868e-02
1.250000000000000026e-04	3.681332792473744620e-02	8.550445083528757095e-02	6.846413388848304749e-02
1.250000000000000026e-04	3.254671882885166317e-02	9.256355836987495422e-02	7.281437236815690994e-02
1.250000000000000026e-04	3.693995858200743027e-02	9.642687160521745682e-02	7.515278086066246033e-02
1.250000000000000026e-04	3.406332796321639295e-02	8.466630894690752029e-02	6.961955130100250244e-02
1.250000000000000026e-04	3.929592669010162354e-02	8.499514032155275345e-02	6.847986578941345215e-02
1.250000000000000026e-04	3.441860298095624632e-02	9.160127583891153336e-02	7.503579277545213699e-02
1.250000000000000026e-04	3.652749304907231681e-02	8.910309523344039917e-02	7.073643151670694351e-02
1.250000000000000026e-04	3.506405604413793259e-02	8.406216558068990707e-02	6.786405760794878006e-02
6.250000000000000130e-05	3.511243801611133725e-02	8.466065954416990280e-02	6.921220989897847176e-02
6.250000000000000130e-05	3.097832172260254341e-02	8.542854618281126022e-02	6.736614229157567024e-02
6.250000000000000130e-05	3.457927173357221162e-02	8.625449519604444504e-02	6.923906737938523293e-02
6.250000000000000130e-05	2.863154160684045282e-02	8.556266641244292259e-02	7.078035129234194756e-02
6.250000000000000130e-05	2.982974501586035943e-02	8.448833506554365158e-02	6.888274662196636200e-02
6.250000000000000130e-05	3.022339488556490678e-02	8.341061975806951523e-02	6.765286531299352646e-02
6.250000000000000130e-05	3.145975331905521977e-02	8.476862777024507523e-02	6.813477957621216774e-02
6.250000000000000130e-05	3.109076938627264308e-02	8.454626938328146935e-02	6.825058488175272942e-02
6.250000000000000130e-05	3.146873809444376141e-02	8.406152622774243355e-02	6.729131191968917847e-02
6.250000000000000130e-05	2.851467116299686438e-02	8.475101040676236153e-02	6.785113550722599030e-02
6.250000000000000130e-05	2.938234229583906384e-02	8.348586875945329666e-02	6.767729297280311584e-02
6.250000000000000130e-05	3.624130448302890356e-02	8.870736742392182350e-02	6.977862352505326271e-02
6.250000000000000130e-05	2.897105179727077484e-02	9.069993300363421440e-02	6.881732307374477386e-02
6.250000000000000130e-05	2.909091045443392906e-02	8.340010279789566994e-02	6.887042475864291191e-02
6.250000000000000130e-05	3.030794920234740689e-02	8.353975648060441017e-02	6.773824431002140045e-02
6.250000000000000130e-05	3.228134790411855276e-02	8.457134757190942764e-02	6.809050776064395905e-02
6.250000000000000130e-05	2.921543912844190224e-02	8.442631969228386879e-02	6.731836544349789619e-02
6.250000000000000130e-05	3.095383425773699099e-02	8.504222659394145012e-02	6.873220251873135567e-02
6.250000000000000130e-05	3.229148911100022251e-02	8.489665389060974121e-02	6.769995531067252159e-02
6.250000000000000130e-05	3.478147647096008904e-02	8.845258457586169243e-02	7.242280663922429085e-02
6.250000000000000130e-05	3.045313376226002622e-02	8.424174692481756210e-02	6.760895811021327972e-02
3.125000000000000065e-05	2.908223209596132869e-02	8.776660636067390442e-02	6.794411316514015198e-02
3.125000000000000065e-05	3.040053794466996556e-02	8.224461693316698074e-02	6.578698148950934410e-02
3.125000000000000065e-05	2.914678708567649407e-02	8.747073262929916382e-02	7.046074979007244110e-02
3.125000000000000065e-05	3.222619917809586149e-02	8.341972855851054192e-02	6.637121085077524185e-02
3.125000000000000065e-05	3.029701364804295027e-02	8.272610139101743698e-02	6.652094377204775810e-02
3.125000000000000065e-05	2.995821616694897133e-02	8.832144225016236305e-02	6.754516437649726868e-02
3.125000000000000065e-05	2.783800540138271773e-02	8.307513687759637833e-02	6.711488030850887299e-02
3.125000000000000065e-05	3.143790034176428133e-02	8.761627878993749619e-02	7.280671037733554840e-02
3.125000000000000065e-05	2.979494723243803975e-02	8.392692962661385536e-02	6.795103522017598152e-02
3.125000000000000065e-05	2.914609767119341263e-02	8.398424508050084114e-02	6.745996372774243355e-02
3.125000000000000065e-05	2.926687034483574715e-02	8.344000112265348434e-02	6.720304628834128380e-02
3.125000000000000065e-05	2.879791148006916046e-02	8.333835890516638756e-02	6.712314672768115997e-02
3.125000000000000065e-05	2.857314425084409720e-02	8.499571727588772774e-02	6.829686509445309639e-02
3.125000000000000065e-05	2.775702506445253820e-02	8.429377386346459389e-02	6.892845453694462776e-02
3.125000000000000065e-05	2.887530060178494090e-02	8.335970295593142509e-02	6.720954086631536484e-02
3.125000000000000065e-05	3.093979662119210675e-02	8.422459615394473076e-02	6.687733298167586327e-02
3.125000000000000065e-05	2.910216744470445552e-02	8.436128031462430954e-02	6.807273952290415764e-02
3.125000000000000065e-05	2.699018737796363837e-02	8.369316672906279564e-02	6.720220809802412987e-02
3.125000000000000065e-05	3.002931673928529305e-02	8.340350445359945297e-02	6.879823561757802963e-02
3.125000000000000065e-05	2.751324214984344693e-02	8.295070054009556770e-02	6.665992364287376404e-02
3.125000000000000065e-05	2.828213412173186808e-02	8.452466782182455063e-02	6.779912859201431274e-02
1.562500000000000033e-05	2.718909838107190502e-02	8.366968948394060135e-02	6.685057608410716057e-02
1.562500000000000033e-05	2.817349140591259363e-02	8.382874913513660431e-02	6.798464525490999222e-02
1.562500000000000033e-05	2.807211618917652279e-02	8.298169495537877083e-02	6.701873987913131714e-02
1.562500000000000033e-05	2.884282960403191862e-02	8.954004850238561630e-02	6.886680424213409424e-02
1.562500000000000033e-05	2.707633798163902941e-02	8.581032184883952141e-02	6.882605282589793205e-02
1.562500000000000033e-05	2.772056405680089000e-02	8.478930313140153885e-02	6.849987432360649109e-02
1.562500000000000033e-05	2.834482470975269175e-02	8.334540203213691711e-02	6.629588594660162926e-02
1.562500000000000033e-05	2.688131613444678242e-02	8.236640319228172302e-02	6.696619000285863876e-02
1.562500000000000033e-05	2.579659650314457958e-02	8.310775365680456161e-02	6.823721434921026230e-02
1.562500000000000033e-05	2.854075992503498152e-02	8.317044284194707870e-02	6.703925551846623421e-02
1.562500000000000033e-05	2.748577190633815989e-02	8.461506804451346397e-02	6.984701473265886307e-02
1.562500000000000033e-05	2.742570694064415046e-02	8.492008969187736511e-02	6.797372410073876381e-02
1.562500000000000033e-05	2.918744267589306468e-02	8.308629831299185753e-02	6.732900161296129227e-02
1.562500000000000033e-05	2.650499729368882909e-02	8.391374256461858749e-02	6.836957205086946487e-02
1.562500000000000033e-05	2.604678563207765002e-02	8.177778637036681175e-02	6.702766055241227150e-02
1.562500000000000033e-05	2.714649479411825397e-02	8.476313389837741852e-02	6.760929245501756668e-02
1.562500000000000033e-05	2.532849167296780807e-02	8.499073609709739685e-02	6.963533395901322365e-02
1.562500000000000033e-05	2.756215400899512946e-02	8.383202180266380310e-02	6.813444849103689194e-02
1.562500000000000033e-05	2.800077857756162053e-02	8.582552056759595871e-02	7.028374681249260902e-02
1.562500000000000033e-05	2.990395692471839104e-02	8.525606803596019745e-02	6.750381598249077797e-02
1.562500000000000033e-05	2.718196944864113146e-02	8.726965729147195816e-02	6.773508666083216667e-02
7.812500000000000163e-06	2.914022787509462642e-02	8.796971477568149567e-02	7.025929447263479233e-02
7.812500000000000163e-06	2.568562113078711948e-02	8.302687620744109154e-02	6.732526654377579689e-02
7.812500000000000163e-06	2.557652029857227990e-02	8.368422556668519974e-02	6.802416732534766197e-02
7.812500000000000163e-06	2.642370301852875122e-02	8.285931544378399849e-02	6.614451576024293900e-02
7.812500000000000163e-06	2.703709987616991633e-02	8.436284912750124931e-02	6.805301923304796219e-02
7.812500000000000163e-06	2.535211802990753466e-02	8.426483999937772751e-02	6.787019502371549606e-02
7.812500000000000163e-06	2.662697905981088048e-02	8.304871665313839912e-02	6.691256817430257797e-02
7.812500000000000163e-06	2.672119178113680979e-02	8.135698921978473663e-02	6.757599674165248871e-02
7.812500000000000163e-06	2.695491346471671698e-02	8.213441027328372002e-02	6.678104214370250702e-02
7.812500000000000163e-06	2.542520429986187130e-02	8.603513380512595177e-02	6.651951652020215988e-02
7.812500000000000163e-06	2.496666902133935773e-02	8.354846620932221413e-02	6.773596955463290215e-02
7.812500000000000163e-06	2.983335163915836266e-02	8.740463014692068100e-02	7.008116506040096283e-02
7.812500000000000163e-06	2.571854804041264972e-02	8.361563785001635551e-02	6.734496541321277618e-02
7.812500000000000163e-06	2.683022144380249607e-02	8.310254756361246109e-02	6.734623853117227554e-02
7.812500000000000163e-06	3.014628420572114734e-02	8.828023541718721390e-02	7.150282850489020348e-02
7.812500000000000163e-06	2.960936580136229804e-02	8.301546797156333923e-02	6.626098603010177612e-02
7.812500000000000163e-06	2.581028496445734316e-02	8.305168338119983673e-02	6.710420688614249229e-02
7.812500000000000163e-06	2.534443384059999541e-02	8.263995870947837830e-02	6.632734928280115128e-02
7.812500000000000163e-06	2.743332923826160424e-02	8.327014604583382607e-02	6.675386894494295120e-02
7.812500000000000163e-06	2.512573791502774670e-02	8.395122829824686050e-02	6.843623192980885506e-02
7.812500000000000163e-06	4.886967150046478414e-02	8.459689049050211906e-02	6.745622074231505394e-02
7.812500000000000163e-06	2.421074874604804694e-02	8.281079633161425591e-02	6.686824653297662735e-02
7.812500000000000163e-06	2.861820239149317005e-02	8.556120935827493668e-02	6.947383936494588852e-02
7.812500000000000163e-06	2.766938027748955947e-02	8.260238543152809143e-02	6.701371772214770317e-02
7.812500000000000163e-06	2.807522332885220226e-02	8.443133439868688583e-02	6.934706866741180420e-02
7.812500000000000163e-06	2.568127111166338544e-02	8.223677333444356918e-02	6.631273077800869942e-02
7.812500000000000163e-06	2.554030052704524267e-02	8.331789588555693626e-02	6.790049094706773758e-02
7.812500000000000163e-06	2.693919446083563665e-02	8.300077775493264198e-02	6.717214174568653107e-02
7.812500000000000163e-06	2.653874517005832753e-02	8.292319346219301224e-02	6.694282311946153641e-02
3.906250000000000081e-06	2.486668937379800728e-02	8.335260022431612015e-02	6.710762856528162956e-02
3.906250000000000081e-06	2.484866788115682595e-02	8.213624777272343636e-02	6.665455689653754234e-02
3.906250000000000081e-06	2.733577958815082767e-02	8.312394190579652786e-02	6.694599986076354980e-02
3.906250000000000081e-06	2.435175498027967664e-02	8.388120494782924652e-02	6.790161039680242538e-02
3.906250000000000081e-06	2.678779298085955107e-02	8.377106580883264542e-02	6.717689009383320808e-02
3.906250000000000081e-06	2.609168305474368968e-02	8.221008908003568649e-02	6.670258520171046257e-02
3.906250000000000081e-06	2.666252634570568519e-02	8.321448415517807007e-02	6.758451880887150764e-02
3.906250000000000081e-06	2.632534011161025492e-02	8.500382723286747932e-02	6.985383294522762299e-02
3.906250000000000081e-06	2.616044937904122430e-02	8.367194561287760735e-02	6.686338316649198532e-02
3.906250000000000081e-06	2.852231859453494001e-02	8.385263290256261826e-02	6.675332505255937576e-02
3.906250000000000081e-06	2.656990908605011067e-02	8.234756300225853920e-02	6.687661912292242050e-02
3.906250000000000081e-06	2.808155728904884046e-02	8.301450964063405991e-02	6.775150448083877563e-02
3.906250000000000081e-06	2.644505383611856983e-02	8.577888924628496170e-02	6.713805394247174263e-02
3.906250000000000081e-06	2.501843468863752806e-02	8.518958603963255882e-02	6.728797452524304390e-02
3.906250000000000081e-06	2.751175272926876733e-02	8.360888389870524406e-02	6.762403482571244240e-02
3.906250000000000081e-06	2.455246797468088951e-02	8.274185564368963242e-02	6.680991081520915031e-02
3.906250000000000081e-06	2.669174509429479009e-02	8.350909641012549400e-02	6.753378361463546753e-02
3.906250000000000081e-06	2.601798016672270120e-02	8.244847878813743591e-02	6.673385249450802803e-02
3.906250000000000081e-06	2.636780130052113896e-02	8.250095136463642120e-02	6.712237605825066566e-02
3.906250000000000081e-06	2.540319570917871916e-02	8.379431720823049545e-02	6.678310921415686607e-02
3.906250000000000081e-06	2.615275566430785847e-02	8.387433225288987160e-02	6.747658737003803253e-02
1.953125000000000041e-06	2.522170237159427134e-02	8.655984373763203621e-02	6.645867368206381798e-02
1.953125000000000041e-06	2.591026883242250958e-02	8.633202500641345978e-02	6.690571922808885574e-02
1.953125000000000041e-06	2.736778866169573346e-02	8.664887817576527596e-02	6.848612008616328239e-02
1.953125000000000041e-06	2.589544633851398325e-02	8.723856601864099503e-02	6.681119929999113083e-02
1.953125000000000041e-06	2.514652758129412580e-02	8.211630256846547127e-02	6.631696689873933792e-02
1.953125000000000041e-06	2.626125424911704073e-02	8.294038241729140282e-02	6.715386081486940384e-02
1.953125000000000041e-06	2.449375485317616466e-02	8.233992988243699074e-02	6.681328266859054565e-02
1.953125000000000041e-06	2.722821501378394279e-02	8.908791188150644302e-02	6.999090174213051796e-02
1.953125000000000041e-06	2.459385306161792836e-02	8.256341610103845596e-02	6.660554371774196625e-02
1.953125000000000041e-06	2.991536627464656470e-02	8.776044752448797226e-02	6.987346475943922997e-02
1.953125000000000041e-06	2.591281779157587201e-02	8.343140920624136925e-02	6.772789452224969864e-02
1.953125000000000041e-06	2.659373128008616152e-02	8.341277902945876122e-02	6.742325657978653908e-02
1.953125000000000041e-06	2.514044164762466865e-02	8.323448058217763901e-02	6.759836338460445404e-02
1.953125000000000041e-06	3.115683324823651304e-02	8.711362164467573166e-02	6.913688266649842262e-02
1.953125000000000041e-06	2.597553627211836302e-02	8.224328421056270599e-02	6.636815937235951424e-02
1.953125000000000041e-06	2.521858733336005201e-02	8.200623234733939171e-02	6.618563784286379814e-02
1.953125000000000041e-06	2.625315504360802715e-02	8.415063656866550446e-02	6.807926017791032791e-02
1.953125000000000041e-06	2.844559210293655035e-02	8.539873640984296799e-02	6.889346847310662270e-02
1.953125000000000041e-06	2.944051575717292202e-02	8.673244528472423553e-02	7.197367865592241287e-02
1.953125000000000041e-06	2.707306292096648206e-02	8.544939337298274040e-02	6.872666953131556511e-02
1.953125000000000041e-06	2.701379071119465458e-02	8.479731809347867966e-02	6.900682905688881874e-02
9.765625000000000203e-07	2.794223391934286260e-02	8.772367332130670547e-02	7.246314082294702530e-02
9.765625000000000203e-07	2.462991436684056068e-02	8.368380088359117508e-02	6.674377806484699249e-02
9.765625000000000203e-07	2.635643951877763083e-02	8.347705565392971039e-02	6.743771210312843323e-02
9.765625000000000203e-07	3.107645282451110616e-02	9.171728044748306274e-02	7.445753552019596100e-02
9.765625000000000203e-07	2.493145165941383287e-02	8.275960711762309074e-02	6.684882380068302155e-02
9.765625000000000203e-07	2.680624421403000543e-02	8.568909764289855957e-02	6.964862113818526268e-02
9.765625000000000203e-07	2.659468659305874380e-02	8.703249972313642502e-02	6.693035829812288284e-02
9.765625000000000203e-07	2.613426952422419694e-02	8.457941375672817230e-02	6.839067908003926277e-02
9.765625000000000203e-07	2.564566860659213063e-02	8.431057259440422058e-02	6.820028135553002357e-02
9.765625000000000203e-07	2.560775503044641563e-02	8.249913435429334641e-02	6.681507918983697891e-02
9.765625000000000203e-07	2.805369716326270094e-02	8.378386870026588440e-02	6.733506172895431519e-02
9.765625000000000203e-07	2.618577987945909860e-02	8.280255692079663277e-02	6.655359920114278793e-02
9.765625000000000203e-07	2.488835579185168928e-02	8.248957246541976929e-02	6.639641663059592247e-02
9.765625000000000203e-07	2.532822331059959853e-02	8.291909005492925644e-02	6.671480834484100342e-02
9.765625000000000203e-07	2.668354586002570292e-02	8.414067002013325691e-02	6.902667181566357613e-02
9.765625000000000203e-07	2.615267080785352999e-02	8.509650081396102905e-02	6.936373841017484665e-02
9.765625000000000203e-07	2.544686191161222091e-02	8.213348872959613800e-02	6.675895489752292633e-02
9.765625000000000203e-07	2.805443722283161231e-02	8.212731406092643738e-02	6.619681976735591888e-02
9.765625000000000203e-07	2.561092738628010373e-02	8.253896143287420273e-02	6.665276456624269485e-02
9.765625000000000203e-07	2.631976591022331530e-02	8.380622509866952896e-02	6.682319054380059242e-02
9.765625000000000203e-07	2.583950622408073133e-02	8.241282217204570770e-02	6.630282243713736534e-02
4.882812500000000102e-07	2.453816660880287978e-02	8.340911287814378738e-02	6.719921622425317764e-02
4.882812500000000102e-07	2.857008206221876151e-02	8.245285227894783020e-02	6.653182441368699074e-02
4.882812500000000102e-07	2.635337351055084751e-02	8.492273604497313499e-02	6.800715858116745949e-02
4.882812500000000102e-07	2.564110492556532714e-02	8.283785451203584671e-02	6.669770274311304092e-02
4.882812500000000102e-07	2.677109368334088316e-02	8.485314436256885529e-02	6.824477901682257652e-02
4.882812500000000102e-07	2.585545840048337346e-02	8.492904761806130409e-02	6.888631964102387428e-02
4.882812500000000102e-07	2.570991952538113218e-02	8.394749835133552551e-02	6.719060335308313370e-02
4.882812500000000102e-07	2.668531681116246071e-02	8.339011948555707932e-02	6.710531748831272125e-02
4.882812500000000102e-07	2.741651174529820961e-02	8.500417228788137436e-02	6.940205954015254974e-02
4.882812500000000102e-07	2.737042254803678798e-02	8.460202999413013458e-02	6.938305171206593513e-02
4.882812500000000102e-07	2.397730921784156644e-02	8.320377580821514130e-02	6.730318441987037659e-02
4.882812500000000102e-07	2.527656300064129100e-02	8.299675583839416504e-02	6.747554754838347435e-02
4.882812500000000102e-07	2.491877677178458428e-02	8.548348117619752884e-02	6.933813355863094330e-02
4.882812500000000102e-07	2.521238657586936591e-02	8.362938417121767998e-02	6.743977917358279228e-02
4.882812500000000102e-07	2.371713817355376383e-02	8.276361878961324692e-02	6.711684213951230049e-02
4.882812500000000102e-07	2.507552898288527635e-02	8.467628527432680130e-02	6.886917026713490486e-02
4.882812500000000102e-07	2.730300483777176046e-02	8.400322077795863152e-02	6.801874935626983643e-02
4.882812500000000102e-07	2.887802345890410488e-02	8.777989726513624191e-02	7.103548664599657059e-02
4.882812500000000102e-07	2.569738566828302234e-02	8.668919699266552925e-02	6.687260139733552933e-02
4.882812500000000102e-07	2.520632587043167630e-02	8.372210990637540817e-02	6.836142437532544136e-02
4.882812500000000102e-07	2.824386025342760093e-02	8.324761269614100456e-02	6.700127525255084038e-02
