1.000000000000000021e-03	2.965469974341816695e-01	1.729361094261339105e-01	1.602357689291238896e-01
1.000000000000000021e-03	1.852171044014372658e-01	1.298126358324320495e-01	1.206849645823240280e-01
1.000000000000000021e-03	1.615309459159997019e-01	1.343519319024385483e-01	1.236940441653132383e-01
1.000000000000000021e-03	1.478998411995092743e-01	1.117285568052561462e-01	1.013463063165545436e-01
1.000000000000000021e-03	1.388962172565590680e-01	1.469657780378276768e-01	1.382585108280181829e-01
1.000000000000000021e-03	1.281671658604730257e-01	1.164112682819990613e-01	1.075889205560088130e-01
1.000000000000000021e-03	1.160065598304775153e-01	8.804404813581735711e-02	8.224969282746315280e-02
1.000000000000000021e-03	1.062571323710239657e-01	8.947178627808057005e-02	7.975344229489564341e-02
1.000000000000000021e-03	9.560259157025655097e-02	7.053351150679339210e-02	7.107739672064780634e-02
1.000000000000000021e-03	8.541517123068537165e-02	6.453272864144510290e-02	6.644488628953695852e-02
1.000000000000000021e-03	8.569860315126967554e-02	6.583428966047251418e-02	7.008015271276235580e-02
1.000000000000000021e-03	7.777314399298088099e-02	6.166887062928439606e-02	6.337646720930933952e-02
1.000000000000000021e-03	7.752305320818941858e-02	7.776424005939698569e-02	8.085688902065157890e-02
1.000000000000000021e-03	7.392720153870591115e-02	6.874958070784963071e-02	7.309469040483236590e-02
1.000000000000000021e-03	7.246137967353785680e-02	6.363342495644903896e-02	6.905264472588897029e-02
1.000000000000000021e-03	7.116364061598377810e-02	5.899199626910749117e-02	5.992551753297448158e-02
1.000000000000000021e-03	6.925708096888330556e-02	9.279234153437988797e-02	9.361736625432967585e-02
1.000000000000000021e-03	6.607424188892878358e-02	5.397807754069098435e-02	5.631498731672764102e-02
1.000000000000000021e-03	6.528518465090241141e-02	6.164303556552732516e-02	6.838430818170308789e-02
1.000000000000000021e-03	6.317864734746642119e-02	6.251968252253158054e-02	6.607336597517132759e-02
1.000000000000000021e-03	6.238920172896407490e-02	5.473985854555799002e-02	5.895059267058968405e-02
1.000000000000000021e-03	6.243115579118868608e-02	5.546131948525993144e-02	5.970626026391982755e-02
1.000000000000000021e-03	6.062783143759952614e-02	5.682082380611858802e-02	6.053594658151269237e-02
1.000000000000000021e-03	5.927106496022495341e-02	5.507251908953901542e-02	5.998932477086782455e-02
1.000000000000000021e-03	5.751571260553033083e-02	5.691993872376636954e-02	5.662890588864684382e-02
1.000000000000000021e-03	5.607480052674385096e-02	4.932904132295653360e-02	5.121837686747312407e-02
1.000000000000000021e-03	5.727689170049435341e-02	5.156998971174836521e-02	5.285477377474308291e-02
1.000000000000000021e-03	5.654480980536908535e-02	5.198303442350856590e-02	5.805606385692953925e-02
1.000000000000000021e-03	5.363677718490795360e-02	5.728336094015555602e-02	6.475479230284690579e-02
1.000000000000000021e-03	5.468054480282909247e-02	4.721116250215088433e-02	4.919196972623467168e-02
1.000000000000000021e-03	5.267185172355404177e-02	5.361520082577672652e-02	5.468929484486580173e-02
1.000000000000000021e-03	5.298648818941605748e-02	4.538828533396358639e-02	4.527804222889244418e-02
1.000000000000000021e-03	5.239995825253405265e-02	4.545306468002147104e-02	4.838063139468431334e-02
1.000000000000000021e-03	5.070349039242252193e-02	5.535426505729165725e-02	5.861409092321991782e-02
1.000000000000000021e-03	5.071993560192715467e-02	4.864788976990427893e-02	5.269946530461311340e-02
1.000000000000000021e-03	4.883875219783095217e-02	8.587571286172142326e-02	9.454999882727861682e-02
1.000000000000000021e-03	4.950210515468220218e-02	4.372868712269822877e-02	4.773227814584970335e-02
1.000000000000000021e-03	4.825836225993034023e-02	4.245192568300594493e-02	4.855794911272823949e-02
1.000000000000000021e-03	4.779440508705713742e-02	5.258357616541273205e-02	5.511650498956442018e-02
1.000000000000000021e-03	4.729030293007795843e-02	4.121482083622697579e-02	4.638183605857193470e-02
1.000000000000000021e-03	4.707058276081758225e-02	3.747988882333196103e-02	3.729464970529079715e-02
1.000000000000000021e-03	4.549616640688306651e-02	6.123358606121927228e-02	6.238622628152370314e-02
1.000000000000000021e-03	4.746047555403420937e-02	4.083399732075436439e-02	3.929093130864202976e-02
1.000000000000000021e-03	4.538531609772421954e-02	4.349205693649371707e-02	4.817940285429358344e-02
1.000000000000000021e-03	4.610225294324948181e-02	5.293771891771811150e-02	5.444442667067050934e-02
1.000000000000000021e-03	4.347180888932274112e-02	4.581425917281218424e-02	5.267178108915686330e-02
1.000000000000000021e-03	4.305868729658602484e-02	4.015054585929004466e-02	4.450929453596472879e-02
1.000000000000000021e-03	4.378969771565393437e-02	4.780073782809429739e-02	5.134669672697782239e-02
1.000000000000000021e-03	4.312226666357539540e-02	3.938565900578548662e-02	4.578862250782549104e-02
1.000000000000000021e-03	4.182200111370748541e-02	3.890850306220391963e-02	4.323523612692951879e-02
1.000000000000000021e-03	4.174080299492004265e-02	3.503677897467351310e-02	4.070204421877861301e-02
1.000000000000000021e-03	4.352471541338115424e-02	5.197210198375567386e-02	5.602846778929233829e-02
1.000000000000000021e-03	4.017559532130298566e-02	3.948907939356346986e-02	4.766979226842522899e-02
1.000000000000000021e-03	3.922565700188322679e-02	4.322499087499698245e-02	4.897161610424518446e-02
1.000000000000000021e-03	3.952323423547929315e-02	5.250162769752646924e-02	5.752581981942057887e-02
1.000000000000000021e-03	3.926238337766819325e-02	3.947619064004009165e-02	4.459450361318886141e-02
1.000000000000000021e-03	3.941809339421720876e-02	3.679540832356320568e-02	3.960345904342830320e-02
1.000000000000000021e-03	3.878238709310829341e-02	3.410058457852969960e-02	3.643756350502371649e-02
1.000000000000000021e-03	3.734804894352562743e-02	4.256432113379084170e-02	4.439140693284571171e-02
1.000000000000000021e-03	3.706777215420055394e-02	3.450210293004025985e-02	3.660907745361328264e-02
1.000000000000000021e-03	3.660309235627669244e-02	3.526176701431499305e-02	3.813031874597072601e-02
1.000000000000000021e-03	3.689329069348321749e-02	5.245943775117709040e-02	5.542166028171777864e-02
1.000000000000000021e-03	3.652999109960767404e-02	3.967069192784618975e-02	4.376054741442203522e-02
1.000000000000000021e-03	3.492363233069405160e-02	3.657989974343339723e-02	4.138753805309534212e-02
1.000000000000000021e-03	3.814641332092362502e-02	3.926244079676598220e-02	4.226403459906578203e-02
1.000000000000000021e-03	3.530174677995417953e-02	3.208021547508801280e-02	3.649713387712836404e-02
1.000000000000000021e-03	3.660001775218415382e-02	4.985131044428386254e-02	5.098711047321557999e-02
1.000000000000000021e-03	3.529645262449684906e-02	3.413651470114423270e-02	3.965694759972393513e-02
1.000000000000000021e-03	3.512756883504260241e-02	3.742627632750578776e-02	4.866013610735535344e-02
1.000000000000000021e-03	3.484126318456337579e-02	3.734883071162313495e-02	4.195444025099277774e-02
1.000000000000000021e-03	3.582656477134265466e-02	3.787884318040615761e-02	4.175412412732839446e-02
1.000000000000000021e-03	3.526507642872115517e-02	3.458144154926245245e-02	4.225596394389867505e-02
1.000000000000000021e-03	3.342076044458161532e-02	3.635018447618833942e-02	4.314306695014238219e-02
1.000000000000000021e-03	3.477145564255324645e-02	3.259258888934919024e-02	3.736376417800783833e-02
1.000000000000000021e-03	3.397515823348377234e-02	4.252140534095739249e-02	4.609368098899722238e-02
1.000000000000000021e-03	3.389623898464520779e-02	4.387751757045378620e-02	5.099348016083240370e-02
1.000000000000000021e-03	3.313670700731286001e-02	3.266198619107925361e-02	3.638817141763865670e-02
1.000000000000000021e-03	3.176336558107687585e-02	3.445349647346591243e-02	4.059262340888381004e-02
1.000000000000000021e-03	3.317010444721695678e-02	3.612919830526981069e-02	4.214862631633877615e-02
1.000000000000000021e-03	3.219143290846343541e-02	3.759693859525375936e-02	3.983887471258640289e-02
1.000000000000000021e-03	3.327425131319635548e-02	3.387618307706885545e-02	3.769453526474535188e-02
1.000000000000000021e-03	3.230253696645360439e-02	3.041750476427415237e-02	3.446744224056601247e-02
1.000000000000000021e-03	3.088115753065263924e-02	4.240205939566589477e-02	4.768894035369157514e-02
1.000000000000000021e-03	3.265313762540800885e-02	3.174547963234454484e-02	3.388051935471594195e-02
1.000000000000000021e-03	3.119680862451202838e-02	3.030883022510880501e-02	3.370372597128153125e-02
1.000000000000000021e-03	3.045105179874719320e-02	4.642044754786640859e-02	5.438625197857618193e-02
1.000000000000000021e-03	3.223295531161411015e-02	3.265693828619587596e-02	3.832024168223142901e-02
1.000000000000000021e-03	3.051018709161900169e-02	3.021911575571092565e-02	3.742807540111244002e-02
1.000000000000000021e-03	3.019945909458235725e-02	3.105721060986294316e-02	3.883099383674561839e-02
1.000000000000000021e-03	2.975037002664031316e-02	3.261386894703847267e-02	3.911508307792246203e-02
1.000000000000000021e-03	3.027707211014453448e-02	3.578509270403709697e-02	4.212224772199988504e-02
1.000000000000000021e-03	3.093938842857903507e-02	3.804491026356270067e-02	3.327885763719677648e-02
1.000000000000000021e-03	2.980410034696226451e-02	3.055878933421604313e-02	3.450670489110052586e-02
1.000000000000000021e-03	2.962613528905357410e-02	3.006031506582704585e-02	3.358512814156711102e-02
1.000000000000000021e-03	2.884411574961696575e-02	2.861295196749465142e-02	3.412894965149462084e-02
1.000000000000000021e-03	2.779332981588467436e-02	3.091879585923636847e-02	3.537251930683851103e-02
1.000000000000000021e-03	2.822522534498508179e-02	3.815658443183175125e-02	4.240019749850034575e-02
1.000000000000000021e-03	2.877535262058958723e-02	2.949253890994955885e-02	3.467705245129763802e-02
1.000000000000000021e-03	2.770462717401506181e-02	3.414970659772763317e-02	4.037543833255767545e-02
1.000000000000000021e-03	2.777614724703692320e-02	3.091024345089315659e-02	3.336194274015724659e-02
1.000000000000000021e-03	2.808540377174268549e-02	3.460537284339598035e-02	3.972591874189675132e-02
1.000000000000000021e-03	2.730427040009303710e-02	3.130519376453304997e-02	3.681748900562524518e-02
1.000000000000000021e-03	2.791988601937343828e-02	3.114958411736013996e-02	3.624771432951092581e-02
1.000000000000000021e-03	2.687556820814868824e-02	3.847183860565355634e-02	4.282580502331256866e-02
1.000000000000000021e-03	2.638284828125945017e-02	2.876979253054913477e-02	3.200327623635530749e-02
1.000000000000000021e-03	2.723934919448215211e-02	3.066815110167283795e-02	3.733029318973422189e-02
1.000000000000000021e-03	2.774129067712862579e-02	3.171052811033438917e-02	3.634571810252964358e-02
1.000000000000000021e-03	2.718427995736686503e-02	2.892454018260483956e-02	3.481893986463546753e-02
1.000000000000000021e-03	2.622325872268837718e-02	3.547699624643275984e-02	3.932648673653602739e-02
1.000000000000000021e-03	2.618419591536818095e-02	2.786552572515622536e-02	3.139235889539122859e-02
1.000000000000000021e-03	2.629662653590580240e-02	3.110936028561043024e-02	3.587217289023101469e-02
1.000000000000000021e-03	2.618210772545428652e-02	2.671716260816414321e-02	3.137203883379698077e-02
1.000000000000000021e-03	2.542538767157164620e-02	2.985025369879150750e-02	3.304574075154960433e-02
1.000000000000000021e-03	2.600697030753781544e-02	3.185006355896045915e-02	3.460740316659212390e-02
1.000000000000000021e-03	2.581971650861892772e-02	2.713701509290340763e-02	2.959880176931619505e-02
1.000000000000000021e-03	2.532364963702835731e-02	2.681403594452361205e-02	3.128535733558237414e-02
1.000000000000000021e-03	2.574763692581702110e-02	2.729229941105967491e-02	3.137683798559010029e-02
1.000000000000000021e-03	2.515547456346569136e-02	2.833639756235152574e-02	3.232590779662132541e-02
1.000000000000000021e-03	2.610077212470918867e-02	2.868702714160786815e-02	3.440384343266487260e-02
1.000000000000000021e-03	2.553912204781838557e-02	3.287401014246553455e-02	3.838230599649250507e-02
1.000000000000000021e-03	2.630001863485300836e-02	3.010011511167306683e-02	3.674421678297221799e-02
1.000000000000000021e-03	2.489768380517006635e-02	3.086192609439969772e-02	3.837500293739139895e-02
1.000000000000000021e-03	2.603912023841519971e-02	3.018490284564295453e-02	3.760323408059775691e-02
1.000000000000000021e-03	2.444818856301888069e-02	2.846116311263039572e-02	3.549113916233181953e-02
1.000000000000000021e-03	2.464566628680005950e-02	2.710427465746228018e-02	3.393806773237884045e-02
1.000000000000000021e-03	2.452815891205050933e-02	2.840971712666656365e-02	3.672134820371866087e-02
1.000000000000000021e-03	2.566072830432996818e-02	2.744963539871557792e-02	3.056878400966524939e-02
1.000000000000000021e-03	2.443916065788515057e-02	2.943246424471208586e-02	3.560318660456687073e-02
1.000000000000000021e-03	2.499545389735435136e-02	2.911477750508573159e-02	3.607723060995340209e-02
1.000000000000000021e-03	2.429001784973917194e-02	3.450516417271491665e-02	3.904101192019879957e-02
1.000000000000000021e-03	2.368614884280860131e-02	2.711195279283361292e-02	3.266423339955508431e-02
1.000000000000000021e-03	2.359402059117432851e-02	2.788001789433481800e-02	3.342457604594528675e-02
1.000000000000000021e-03	2.375773996127733545e-02	3.399516752292036648e-02	3.754683793522417545e-02
5.000000000000000104e-04	1.916362621635632132e-02	2.394360302903577459e-02	3.070757547393441339e-02
5.000000000000000104e-04	1.830767004882321788e-02	2.515627549112779346e-02	3.163412427529692372e-02
5.000000000000000104e-04	1.815139478990302271e-02	2.558127223606665099e-02	3.170400289818644385e-02
5.000000000000000104e-04	1.788354618610286592e-02	2.570495357571159906e-02	2.973238532431423525e-02
5.000000000000000104e-04	1.740569638553194146e-02	2.714628515599285669e-02	3.128505903296172758e-02
5.000000000000000104e-04	1.775851639105768820e-02	2.414714279267644523e-02	2.902942087966948678e-02
5.000000000000000104e-04	1.725908622162989833e-02	2.451947339230182987e-02	3.059569050092249970e-02
5.000000000000000104e-04	1.711734659360844221e-02	2.655732401534524958e-02	3.194810636341571808e-02
5.000000000000000104e-04	1.722220922351629102e-02	2.594133158316786966e-02	2.993892198428511550e-02
5.000000000000000104e-04	1.719996362215925334e-02	2.248044084777070517e-02	2.791753120254725218e-02
5.000000000000000104e-04	1.709513790166485372e-02	2.242278323767228979e-02	2.612145268358290195e-02
5.000000000000000104e-04	1.690419989574641971e-02	2.314466265815246643e-02	2.745724050328135490e-02
5.000000000000000104e-04	1.653661615518097969e-02	2.275904988216636074e-02	2.805216303095221450e-02
5.000000000000000104e-04	1.648147673405156444e-02	2.419976623368044755e-02	2.941360329277813504e-02
5.000000000000000104e-04	1.662259793516905268e-02	2.255217769519664989e-02	2.556033078581094672e-02
5.000000000000000104e-04	1.670146879370022416e-02	2.672103622742972445e-02	2.973712184466421535e-02
5.000000000000000104e-04	1.628379761542065110e-02	2.311617067737105000e-02	2.717060388531535725e-02
5.000000000000000104e-04	1.636869823663057028e-02	2.252490115376355045e-02	2.674258826300501823e-02
5.000000000000000104e-04	1.591650813432229569e-02	2.512690662382004864e-02	3.019601232372224470e-02
5.000000000000000104e-04	1.631490388693349752e-02	2.316075678992801992e-02	2.792112466413527658e-02
5.000000000000000104e-04	1.600038172452861868e-02	2.275175073657048283e-02	2.973625103477388690e-02
5.000000000000000104e-04	1.616043656134740630e-02	2.374871728541963489e-02	2.962503691669553588e-02
5.000000000000000104e-04	1.609967694492656434e-02	2.390853443831517447e-02	2.853029971010983060e-02
5.000000000000000104e-04	1.607241396266163164e-02	2.373987685459914496e-02	2.895767539739608695e-02
5.000000000000000104e-04	1.598186711572140845e-02	2.374468657007704209e-02	2.827635731082409759e-02
5.000000000000000104e-04	1.585069144498979510e-02	2.261342880125913335e-02	2.588723311200737814e-02
5.000000000000000104e-04	1.607680388462446458e-02	2.682458357251595385e-02	3.182707126252352914e-02
5.000000000000000104e-04	1.561932078518792587e-02	2.366438448058529043e-02	2.779691272880881886e-02
5.000000000000000104e-04	1.588441701979745324e-02	2.325250591146540285e-02	2.910251745488494704e-02
5.000000000000000104e-04	1.576052186929378582e-02	2.216840804559398054e-02	2.809613868594169547e-02
5.000000000000000104e-04	1.565042850650833969e-02	2.389192774267720823e-02	2.850175048224628041e-02
5.000000000000000104e-04	1.575897989058872364e-02	2.360161703021426347e-02	2.761018730234354734e-02
5.000000000000000104e-04	1.565051106156357605e-02	2.275786978431553267e-02	2.756379626225680113e-02
5.000000000000000104e-04	1.558186967682186584e-02	2.190070937714339722e-02	2.528528061229735543e-02
5.000000000000000104e-04	1.537115677785932423e-02	2.213588167294001582e-02	2.739319913089275499e-02
5.000000000000000104e-04	1.551934531518735401e-02	2.411351145211002717e-02	2.998902862891554902e-02
5.000000000000000104e-04	1.531375836149733577e-02	2.172464070870926134e-02	2.618189670611172776e-02
5.000000000000000104e-04	1.533620088204628792e-02	2.508541097601202710e-02	2.901090336963534425e-02
5.000000000000000104e-04	1.531785769510522234e-02	2.327382639635607736e-02	2.680161350872367620e-02
5.000000000000000104e-04	1.549193255198060871e-02	2.211593888231909097e-02	2.684785400051623722e-02
5.000000000000000104e-04	1.527618705671564443e-02	2.210398336277582393e-02	2.731542058754712204e-02
5.000000000000000104e-04	1.519937472988988451e-02	2.226193710498472825e-02	2.803859077394008775e-02
5.000000000000000104e-04	1.516963993516111907e-02	2.219014523638636674e-02	2.646288976538926224e-02
5.000000000000000104e-04	1.529786716323127023e-02	2.294475195139490664e-02	2.834409812930971384e-02
5.000000000000000104e-04	1.495134420129467893e-02	2.310675947746525238e-02	2.744802841916680475e-02
5.000000000000000104e-04	1.513784561509948050e-02	2.154440592233267115e-02	2.581292896065861056e-02
5.000000000000000104e-04	1.507019299641034794e-02	2.249803827558668340e-02	2.806693273596465657e-02
5.000000000000000104e-04	1.471117316296084720e-02	2.403339834308437090e-02	2.912979084067046642e-02
5.000000000000000104e-04	1.521963571209661997e-02	2.238481483027261049e-02	2.664952613413333962e-02
5.000000000000000104e-04	1.486574103616919267e-02	2.238935407699714844e-02	2.588135499972850015e-02
5.000000000000000104e-04	1.490122796572125076e-02	2.234258622672233296e-02	2.726677767932415147e-02
5.000000000000000104e-04	1.493901755864482199e-02	2.232170804203804926e-02	2.795348933432251215e-02
5.000000000000000104e-04	1.487993110467556758e-02	2.162143535892532831e-02	2.690303167328238557e-02
5.000000000000000104e-04	1.469320377931995596e-02	2.166671479969280514e-02	2.579387524165212969e-02
5.000000000000000104e-04	1.456777991888445409e-02	2.457666381979019959e-02	2.985600729007274051e-02
5.000000000000000104e-04	1.478450790691282143e-02	2.542701319679227870e-02	2.891361103393137386e-02
5.000000000000000104e-04	1.493389298787222395e-02	2.278168215684553757e-02	2.664579804986715386e-02
5.000000000000000104e-04	1.483289798133296221e-02	2.306406649990075386e-02	2.772838582750409772e-02
5.000000000000000104e-04	1.481379153734639804e-02	2.355607352780265951e-02	2.820471774321049382e-02
5.000000000000000104e-04	1.481059635813289019e-02	2.245304856390853074e-02	2.495020958594977925e-02
5.000000000000000104e-04	1.463147239443163966e-02	2.232771438024742927e-02	2.667485894635319640e-02
5.000000000000000104e-04	1.453871207518710011e-02	2.378334520940537239e-02	2.928637336008250644e-02
5.000000000000000104e-04	1.474117097477880937e-02	2.236728128825962725e-02	2.699218704365193705e-02
5.000000000000000104e-04	1.469217121780976194e-02	2.245925890077003079e-02	2.682958499062806229e-02
5.000000000000000104e-04	1.427980882715414353e-02	2.211449703894048310e-02	2.680390423629432778e-02
5.000000000000000104e-04	1.456556227892515966e-02	2.288171417367551932e-02	2.661967135500162979e-02
5.000000000000000104e-04	1.463851343066696446e-02	2.249198027579260226e-02	2.686519827693700790e-02
2.500000000000000052e-04	1.239243421867195112e-02	2.194932811644844869e-02	2.725392733700573306e-02
2.500000000000000052e-04	1.172560145005739803e-02	2.130027950122094157e-02	2.643376628402620623e-02
2.500000000000000052e-04	1.183346197645138154e-02	2.191871744995029653e-02	2.575948173180222373e-02
2.500000000000000052e-04	1.161496095286726656e-02	2.020705687320981450e-02	2.447483777068555286e-02
2.500000000000000052e-04	1.141932722882147214e-02	2.145885894591895854e-02	2.530271369032561710e-02
2.500000000000000052e-04	1.156101855836752339e-02	2.019609397774591378e-02	2.442978750914335390e-02
2.500000000000000052e-04	1.162109180847144957e-02	2.266657333430975585e-02	2.656107342336326907e-02
2.500000000000000052e-04	1.171028046284159144e-02	2.150497396344914006e-02	2.536165928468108247e-02
2.500000000000000052e-04	1.139745570978213662e-02	2.070025519433758149e-02	2.509043682366609435e-02
2.500000000000000052e-04	1.151880458048249595e-02	2.117721526761641784e-02	2.548481870908290287e-02
2.500000000000000052e-04	1.151416726830811407e-02	2.010095096071353241e-02	2.463610507547855238e-02
2.500000000000000052e-04	1.137384736407689133e-02	2.104465292366855533e-02	2.670886002015322377e-02
2.500000000000000052e-04	1.136102363220164134e-02	2.181952179004852804e-02	2.638507322408258776e-02
2.500000000000000052e-04	1.129450643496883629e-02	2.014199546806475297e-02	2.399043363984674354e-02
2.500000000000000052e-04	1.124918910009984827e-02	2.168075076709086862e-02	2.652105179149657349e-02
2.500000000000000052e-04	1.120291517152428688e-02	2.074949229769993894e-02	2.465059265960007837e-02
2.500000000000000052e-04	1.113862646017667844e-02	2.081433931823956432e-02	2.409391324035823484e-02
2.500000000000000052e-04	1.120953120338909897e-02	2.184283060475169722e-02	2.749928326811641385e-02
2.500000000000000052e-04	1.139561390778382442e-02	2.006300707001492517e-02	2.569755760487169027e-02
2.500000000000000052e-04	1.114086889910526242e-02	2.000309171945012510e-02	2.423791934270411869e-02
2.500000000000000052e-04	1.114250888339330010e-02	2.204737340280522873e-02	2.661452968604862551e-02
2.500000000000000052e-04	1.122847301051141909e-02	2.056054188747992797e-02	2.421174077317118575e-02
2.500000000000000052e-04	1.120469193507924247e-02	2.015888881113828829e-02	2.426801358815282653e-02
2.500000000000000052e-04	1.120389196772503260e-02	2.092515596759100815e-02	2.503046677447855542e-02
2.500000000000000052e-04	1.108504519860166460e-02	2.044970153084912229e-02	2.474772627465426922e-02
2.500000000000000052e-04	1.102164507409587012e-02	2.154681951548728658e-02	2.594197310972958664e-02
2.500000000000000052e-04	1.115320624871403779e-02	1.983647814985969177e-02	2.343027074821293215e-02
2.500000000000000052e-04	1.097619229545161203e-02	2.031929742213318957e-02	2.467272034846246243e-02
2.500000000000000052e-04	1.094770211988649322e-02	2.018916797068418673e-02	2.431168938055634429e-02
2.500000000000000052e-04	1.100277135131307385e-02	2.022978014444337322e-02	2.345929846633225749e-02
2.500000000000000052e-04	1.093656222545663810e-02	2.269968137398596306e-02	2.671726667322218279e-02
2.500000000000000052e-04	1.096677087564855609e-02	2.060819674205249460e-02	2.483076746575534413e-02
2.500000000000000052e-04	1.094776618149762189e-02	2.068827236412551507e-02	2.470972498413175414e-02
2.500000000000000052e-04	1.079518735975486601e-02	2.100248089186964109e-02	2.569667126517742942e-02
2.500000000000000052e-04	1.102095127534803883e-02	2.010312369727183454e-02	2.489321150351315667e-02
2.500000000000000052e-04	1.088703956905754527e-02	2.146878497704317323e-02	2.595163653604686330e-02
2.500000000000000052e-04	1.078078354242376427e-02	2.071040476725987886e-02	2.474743507336825063e-02
2.500000000000000052e-04	1.094936677799226987e-02	2.215702019885416527e-02	2.783656516112387180e-02
2.500000000000000052e-04	1.083481588079623914e-02	2.099268669408809601e-02	2.534860854502767394e-02
2.500000000000000052e-04	1.085230770779295820e-02	2.078040470783622945e-02	2.497730052564293285e-02
2.500000000000000052e-04	1.062807628105829662e-02	2.150064487868422539e-02	2.709708465263247629e-02
2.500000000000000052e-04	1.086507847536964146e-02	2.053950931779377140e-02	2.533944027964025666e-02
2.500000000000000052e-04	1.068646808541171347e-02	2.134163694270930361e-02	2.586127456743270159e-02
2.500000000000000052e-04	1.097465949398511442e-02	2.209078886726607849e-02	2.666943741496652365e-02
2.500000000000000052e-04	1.078534112141238399e-02	2.065423303600693108e-02	2.454696772620081763e-02
2.500000000000000052e-04	1.091129352474599218e-02	2.125934862009985771e-02	2.519685458391904970e-02
2.500000000000000052e-04	1.074220942806857794e-02	2.147217834592645563e-02	2.682688618078827789e-02
2.500000000000000052e-04	1.082549533828954316e-02	2.290167343554072241e-02	2.773213691543787579e-02
1.250000000000000026e-04	9.590968877020758163e-03	2.009521493522440500e-02	2.434144779108464787e-02
1.250000000000000026e-04	9.530405342739255853e-03	2.012752224715592259e-02	2.498005314264446428e-02
1.250000000000000026e-04	9.384754862324260968e-03	2.034515724151702426e-02	2.492937967181205888e-02
1.250000000000000026e-04	9.386580996269522012e-03	1.975420192469164865e-02	2.400326714850962301e-02
1.250000000000000026e-04	9.291134188748103456e-03	1.962345213439140035e-02	2.405446229968220134e-02
1.250000000000000026e-04	9.298287022700657892e-03	2.041031296867194464e-02	2.475977004505693774e-02
1.250000000000000026e-04	9.214036841456923338e-03	1.934475755484784537e-02	2.370787910185754438e-02
1.250000000000000026e-04	9.257079489201897396e-03	2.108942808983213513e-02	2.540160669013857841e-02
1.250000000000000026e-04	9.290822507751810011e-03	1.972648613544970841e-02	2.400422035716474195e-02
1.250000000000000026e-04	9.335320685633120841e-03	1.929036337706743071e-02	2.383290547877549986e-02
1.250000000000000026e-04	9.310606992497407960e-03	1.986785052607508914e-02	2.436125529929995467e-02
1.250000000000000026e-04	9.247256785852225880e-03	1.956468366613094839e-02	2.435073198284953833e-02
1.250000000000000026e-04	9.229031660165497308e-03	1.983054912117607205e-02	2.386468744371086220e-02
1.250000000000000026e-04	9.176866000506283053e-03	2.032698934205383681e-02	2.515502199530601432e-02
1.250000000000000026e-04	9.220198152230326197e-03	1.953519678416208369e-02	2.446685165632516215e-02
1.250000000000000026e-04	9.234998616270195804e-03	2.156146652801498725e-02	2.608311346266418626e-02
1.250000000000000026e-04	9.102434897551517010e-03	1.937144710950514451e-02	2.343998204451054265e-02
1.250000000000000026e-04	9.107321297339206895e-03	1.900015862570851241e-02	2.374033173546195169e-02
1.250000000000000026e-04	9.170711556814693105e-03	1.977323268233013506e-02	2.476150994189083715e-02
1.250000000000000026e-04	9.104554183291375946e-03	1.920491036183703121e-02	2.376817250624298911e-02
1.250000000000000026e-04	9.092644857943768533e-03	1.953697163143551171e-02	2.419757093302905490e-02
1.250000000000000026e-04	9.240656995516294270e-03	1.938747873051940504e-02	2.469372020568698714e-02
1.250000000000000026e-04	9.080956462736025983e-03	1.977022842099373373e-02	2.433221347164362530e-02
1.250000000000000026e-04	9.062263992446549510e-03	1.908936936174231505e-02	2.335994222667068382e-02
1.250000000000000026e-04	9.250257975557833745e-03	1.948504023624496317e-02	2.440933564212173154e-02
1.250000000000000026e-04	9.047192238041521298e-03	1.901396459543892165e-02	2.390155680477619102e-02
1.250000000000000026e-04	9.067075614183014304e-03	2.084675330317613262e-02	2.522839296143502066e-02
1.250000000000000026e-04	9.057265960726802040e-03	2.013441034792605444e-02	2.450217681471258263e-02
1.250000000000000026e-04	8.972685793311773253e-03	2.052636449444668332e-02	2.509313637856393914e-02
1.250000000000000026e-04	9.123002141042287072e-03	1.944335817764098612e-02	2.381279484834521870e-02
1.250000000000000026e-04	9.070443594909514962e-03	1.977968889810340081e-02	2.440554276108741760e-02
1.250000000000000026e-04	8.910516746138472458e-03	2.061255832071079777e-02	2.505711840931326012e-02
1.250000000000000026e-04	9.035169431661245823e-03	2.013589328652276925e-02	2.450664115604013135e-02
1.250000000000000026e-04	9.025411181359910273e-03	1.953964566334067884e-02	2.480255083646625350e-02
1.250000000000000026e-04	9.067017142945351868e-03	1.970266600027290385e-02	2.374368966557085375e-02
1.250000000000000026e-04	9.104012248906511590e-03	2.041016115821624871e-02	2.519182476680725813e-02
1.250000000000000026e-04	8.935790208296729570e-03	2.002252145372916334e-02	2.461665477603674004e-02
1.250000000000000026e-04	8.966470829635390591e-03	1.991789044900090302e-02	2.485062575433403392e-02
1.250000000000000026e-04	9.057340268240704484e-03	1.918132916697500717e-02	2.374378636013716598e-02
6.250000000000000130e-05	8.344006232176150867e-03	1.916609860527577688e-02	2.327943474519997974e-02
6.250000000000000130e-05	8.316731885229435711e-03	1.904567597307147905e-02	2.436566865071654320e-02
6.250000000000000130e-05	8.247124603578367616e-03	1.906509464850444577e-02	2.330663567408919334e-02
6.250000000000000130e-05	8.283343769386714364e-03	2.060944567000522545e-02	2.470284029841423104e-02
6.250000000000000130e-05	8.264740508043225131e-03	1.899458250489222469e-02	2.371047518681734800e-02
6.250000000000000130e-05	8.260751184002388184e-03	1.893926143685248364e-02	2.343920576386153767e-02
6.250000000000000130e-05	8.274737585697879844e-03	1.928441386416320305e-02	2.393939001485705445e-02
6.250000000000000130e-05	8.161688031419599837e-03	1.941758364497523162e-02	2.445386424660682748e-02
6.250000000000000130e-05	8.195897286087100789e-03	1.957134550427579167e-02	2.442691731266677380e-02
6.250000000000000130e-05	8.211642084399442196e-03	1.891667508954153129e-02	6.842846453655511418e-02
6.250000000000000130e-05	8.200098870136819651e-03	1.887541168725303392e-02	2.330546111334115197e-02
6.250000000000000130e-05	8.154269106850816837e-03	2.003871004404353742e-02	2.423363858833909104e-02
6.250000000000000130e-05	8.238695681890458034e-03	1.906676609459191651e-02	2.605339894071221490e-02
6.250000000000000130e-05	8.133548673799282855e-03	1.920438996706333445e-02	2.392061892896890640e-02
6.250000000000000130e-05	8.220120319048805635e-03	1.972038252522964261e-02	2.379225136246532202e-02
6.250000000000000130e-05	8.189979196786706730e-03	1.916406344115266155e-02	2.490732816513627906e-02
6.250000000000000130e-05	8.166144525880398436e-03	2.015128428925862594e-02	2.545162853784859250e-02
6.250000000000000130e-05	8.097582184636468311e-03	1.885724910266736373e-02	2.353036671411246061e-02
6.250000000000000130e-05	8.107440912670229802e-03	1.959052806261790333e-02	2.444424070417881151e-02
6.250000000000000130e-05	8.085506407456248545e-03	1.879527678235351149e-02	2.427205692511051963e-02
6.250000000000000130e-05	8.113837803358026415e-03	1.925349031716429293e-02	2.347682067193090916e-02
6.250000000000000130e-05	8.110659859029964447e-03	1.923647344951074159e-02	2.348435551393777271e-02
6.250000000000000130e-05	8.183427248746070679e-03	1.955158090833282111e-02	2.402416504919529031e-02
6.250000000000000130e-05	8.088370583032611014e-03	1.948490143992514037e-02	2.486054494511336088e-02
6.250000000000000130e-05	8.093613238897935658e-03	1.915111510736467945e-02	2.354387619998305967e-02
6.250000000000000130e-05	8.130102750475216855e-03	1.942204959515033552e-02	2.403118975926190476e-02
6.250000000000000130e-05	8.114211458210042471e-03	1.946602722737177452e-02	2.333552329801023145e-02
6.250000000000000130e-05	8.062860056478366941e-03	1.928370155842672531e-02	2.368010657373815706e-02
6.250000000000000130e-05	8.089016498851527015e-03	1.913939290606850654e-02	2.396857221610844066e-02
6.250000000000000130e-05	8.078713188085482472e-03	1.950372840858098644e-02	2.405180532950907876e-02
6.250000000000000130e-05	8.120576927190242128e-03	1.946689929150005952e-02	2.359940940514206748e-02
6.250000000000000130e-05	8.063626841063880821e-03	1.928623991467409704e-02	2.354233097285032134e-02
6.250000000000000130e-05	8.061177865778154997e-03	1.955695398619973838e-02	2.437403232324868510e-02
6.250000000000000130e-05	8.103674933760750959e-03	1.918798731883783124e-02	2.335089019034057925e-02
6.250000000000000130e-05	8.112455817365313640e-03	1.878375598078310671e-02	2.429471097420900921e-02
6.250000000000000130e-05	8.031941208622184539e-03	1.894208124755876813e-02	2.345922384411096642e-02
6.250000000000000130e-05	8.036169759038491039e-03	1.953782052464822158e-02	2.402847509365528891e-02
6.250000000000000130e-05	8.073324628809273526e-03	1.980397962911434676e-02	2.471908235456794431e-02
6.250000000000000130e-05	8.012579541887445214e-03	1.961832586188278979e-02	2.460249192081391881e-02
6.250000000000000130e-05	8.063131533216397542e-03	1.916847531122999049e-02	2.333581389393657446e-02
6.250000000000000130e-05	8.066036536099866275e-03	2.007745608628888276e-02	2.417066679336130758e-02
6.250000000000000130e-05	8.038045721450401762e-03	1.906994361605943850e-02	2.356571082491427591e-02
6.250000000000000130e-05	8.050333735072003061e-03	1.914709051144528745e-02	2.350644776597619195e-02
6.250000000000000130e-05	8.022650304819831796e-03	1.944960510426478953e-02	2.455107225105166574e-02
6.250000000000000130e-05	8.088924082829343151e-03	1.944709465356241410e-02	2.353046960197389265e-02
6.250000000000000130e-05	7.999449491028421538e-03	1.897851825833164752e-02	2.329713143408298354e-02
6.250000000000000130e-05	8.029547508875337428e-03	1.880630421213298417e-02	2.298178095370530943e-02
6.250000000000000130e-05	8.067359526681217377e-03	1.890847591575995842e-02	2.284357009921222925e-02
6.250000000000000130e-05	8.050256530651871828e-03	1.973764447212531317e-02	2.452807091176509996e-02
6.250000000000000130e-05	7.974019454528835302e-03	2.003934493298149822e-02	2.418855687137693236e-02
6.250000000000000130e-05	7.940321488640747841e-03	1.947687392205936160e-02	2.389981914311647276e-02
6.250000000000000130e-05	8.050597545871247124e-03	1.884590532065062024e-02	2.313604115042835335e-02
6.250000000000000130e-05	7.917724665440727810e-03	1.942717430245189877e-02	2.396134000737220118e-02
6.250000000000000130e-05	7.919112510259689389e-03	1.890071115032306362e-02	2.342906901612877915e-02
6.250000000000000130e-05	8.013333341593292802e-03	1.917296748959425312e-02	2.384111017454415560e-02
6.250000000000000130e-05	7.982305744083173851e-03	2.038743763830493105e-02	2.533693511504679988e-02
3.125000000000000065e-05	7.637268411772517133e-03	1.918164481218728734e-02	2.319157598540187021e-02
3.125000000000000065e-05	7.618171561654568311e-03	1.893334439833751007e-02	2.324414069298654656e-02
3.125000000000000065e-05	7.635222491388355022e-03	1.972374720352638305e-02	2.436749243643134694e-02
3.125000000000000065e-05	7.576278673616032404e-03	1.890707209569777655e-02	2.356794760562479565e-02
3.125000000000000065e-05	7.614868417557777748e-03	1.914094248542766788e-02	2.376427936833351920e-02
3.125000000000000065e-05	7.553497353192676657e-03	1.907026521490974569e-02	2.346377521753311227e-02
3.125000000000000065e-05	7.554391743599016273e-03	1.882304686136270638e-02	2.345401893835514714e-02
3.125000000000000065e-05	7.596306340013689665e-03	1.890386951141332511e-02	2.394999666139483591e-02
3.125000000000000065e-05	7.562413277757885736e-03	1.951824656214701595e-02	2.377216024324297836e-02
3.125000000000000065e-05	7.559332923737201518e-03	1.877949966107987645e-02	2.355680821929127117e-02
3.125000000000000065e-05	7.571372504217670045e-03	1.927016606232570886e-02	2.350856803823262592e-02
3.125000000000000065e-05	7.538785455545812114e-03	1.859166070389809897e-02	2.282090750522911687e-02
3.125000000000000065e-05	7.564951456030001402e-03	1.896387394712701485e-02	2.302289286162704368e-02
3.125000000000000065e-05	7.604747270561706962e-03	1.923660311301809284e-02	2.404064428992569447e-02
3.125000000000000065e-05	7.578167458373127885e-03	1.893367337950393331e-02	2.399642008822411299e-02
3.125000000000000065e-05	7.527730341539124945e-03	1.915712245978922271e-02	2.369126074481755356e-02
3.125000000000000065e-05	7.557930885594708707e-03	1.915368334395099043e-02	2.430936566088348627e-02
3.125000000000000065e-05	7.518767258677894194e-03	1.901199252476320697e-02	2.347674872726202011e-02
3.125000000000000065e-05	7.523396366382577825e-03	1.871181904040862196e-02	2.277623488334938953e-02
3.125000000000000065e-05	7.532034961884887664e-03	1.912817616425259437e-02	2.346572817768901448e-02
3.125000000000000065e-05	7.501919898234303032e-03	1.913283383034910731e-02	2.315579424612224102e-02
3.125000000000000065e-05	7.544056538420926272e-03	1.898856517122522042e-02	2.346246866509318213e-02
3.125000000000000065e-05	7.565407782420299244e-03	1.883742765216303225e-02	2.353434890974313159e-02
3.125000000000000065e-05	7.500150396449056442e-03	1.903733781280473811e-02	2.319505962077528238e-02
3.125000000000000065e-05	7.485583177786656571e-03	1.907540059585065631e-02	2.341324603185057640e-02
3.125000000000000065e-05	7.546626012165526254e-03	1.894758596372697959e-02	2.335533881559968133e-02
3.125000000000000065e-05	7.531882999188561044e-03	1.881276348517983352e-02	2.364729039836675067e-02
3.125000000000000065e-05	7.548467546523726993e-03	1.965073364450357213e-02	2.378249322064220767e-02
3.125000000000000065e-05	7.495968061628783229e-03	1.866784521149403298e-02	2.281607876066118340e-02
3.125000000000000065e-05	7.538703788199731075e-03	1.895569939244324056e-02	2.341696505900472264e-02
3.125000000000000065e-05	7.471901676419812066e-03	1.940995728821342386e-02	2.368486719205975533e-02
3.125000000000000065e-05	7.508154364693920418e-03	1.900697041653993946e-02	2.333024047547951202e-02
3.125000000000000065e-05	7.527095336930792434e-03	1.884790343666420051e-02	2.348495095502585103e-02
1.562500000000000033e-05	7.378771483958842733e-03	1.914189479933047291e-02	2.375638021621852974e-02
1.562500000000000033e-05	7.359398554397260372e-03	1.952509959935361944e-02	2.393144734669476817e-02
1.562500000000000033e-05	7.331112545165664220e-03	1.939457028382579606e-02	2.360305450856685708e-02
1.562500000000000033e-05	7.347317830209228531e-03	1.872491042241844136e-02	2.338331444188952377e-02
1.562500000000000033e-05	7.346778831467976924e-03	1.889095569507301745e-02	2.312678003218025108e-02
1.562500000000000033e-05	7.363698042445903681e-03	1.871750989919089558e-02	2.302616944070905516e-02
1.562500000000000033e-05	7.293733911466345268e-03	1.926261752219724302e-02	2.359482264146208624e-02
1.562500000000000033e-05	7.293880396479780412e-03	1.893083641003251785e-02	2.347527940291911294e-02
1.562500000000000033e-05	7.317541746304540191e-03	1.894248866949093876e-02	2.346449811011552811e-02
1.562500000000000033e-05	7.338161813230657457e-03	1.861966831892416727e-02	2.291099098511040211e-02
1.562500000000000033e-05	7.316060189521801996e-03	1.899227938804950999e-02	2.355982435401528935e-02
1.562500000000000033e-05	7.288119634326250401e-03	1.877022908600681217e-02	2.318089026957750182e-02
1.562500000000000033e-05	7.299342283186973333e-03	1.881430184965982369e-02	2.299036835320293973e-02
1.562500000000000033e-05	7.315024271132798336e-03	1.891181897859610730e-02	2.305036194156855414e-02
1.562500000000000033e-05	7.287220963032579532e-03	1.879512663462555230e-02	2.320335400290787081e-02
1.562500000000000033e-05	7.331021011976602067e-03	1.917702730511027312e-02	2.421047403477132390e-02
1.562500000000000033e-05	7.316327641906087385e-03	1.876585245503024912e-02	2.333787763491272996e-02
1.562500000000000033e-05	7.263986436339174048e-03	1.875261563554172020e-02	2.379669402725994448e-02
1.562500000000000033e-05	7.325987690770397430e-03	1.912392863116339076e-02	2.342354232678189874e-02
1.562500000000000033e-05	7.269564307651819879e-03	1.870013518424714499e-02	2.318161344155669074e-02
1.562500000000000033e-05	7.321223029037888380e-03	1.909502828249912479e-02	2.321133762598037720e-02
7.812500000000000163e-06	7.218728580692519887e-03	1.881944916225696679e-02	2.311012353748083045e-02
7.812500000000000163e-06	7.216998992770598011e-03	1.876258688213313514e-02	2.306971338111907244e-02
7.812500000000000163e-06	7.190597701412498356e-03	1.863495492576304480e-02	2.296918192878365586e-02
7.812500000000000163e-06	7.166799139979101833e-03	1.891685954504768175e-02	2.310631289146840642e-02
7.812500000000000163e-06	7.181620432000006618e-03	1.905686749603735866e-02	2.334206132218241692e-02
7.812500000000000163e-06	7.234914357805924921e-03	1.960429424878346386e-02	2.396828292403370073e-02
7.812500000000000163e-06	7.194587659608700676e-03	1.900759660663248890e-02	2.347405819455161691e-02
7.812500000000000163e-06	7.165415502906955295e-03	1.896657577730442162e-02	2.336796182207763126e-02
7.812500000000000163e-06	7.180343322735442159e-03	1.938904872583469344e-02	2.331543550826609135e-02
7.812500000000000163e-06	7.190130888297503568e-03	1.878185312297799697e-02	2.322466776240617037e-02
7.812500000000000163e-06	7.150502488615209477e-03	1.923409017553816269e-02	2.355421376414596965e-02
7.812500000000000163e-06	7.123484021326859789e-03	1.920496726515873512e-02	2.357002194039523740e-02
7.812500000000000163e-06	7.191131302112753129e-03	1.878052887979758320e-02	2.288734151516109636e-02
7.812500000000000163e-06	7.186564245738561764e-03	1.907037923609867028e-02	2.360175482463091473e-02
7.812500000000000163e-06	7.180065239783443333e-03	1.938765588660202807e-02	2.397227652836591075e-02
7.812500000000000163e-06	7.177740894583090926e-03	1.864320285501280469e-02	2.315768641419708659e-02
7.812500000000000163e-06	7.145447599083410567e-03	1.883483337267687074e-02	2.361089931800961633e-02
7.812500000000000163e-06	7.185101879401963737e-03	1.878050481412969416e-02	2.331624601501971344e-02
7.812500000000000163e-06	7.215208121493605839e-03	1.973200655732479381e-02	2.457456151023507118e-02
7.812500000000000163e-06	7.179537247877228016e-03	1.880512431907560220e-02	2.320398942101746867e-02
7.812500000000000163e-06	7.213968433084323034e-03	1.893009659370982825e-02	2.376325705554336448e-02
3.906250000000000081e-06	7.222262208164171790e-03	1.882664494567516666e-02	2.325224676169455190e-02
3.906250000000000081e-06	7.166363205435648774e-03	1.881203392315753536e-02	2.358051941264420817e-02
3.906250000000000081e-06	7.122518176970317298e-03	1.868360188267929878e-02	2.333705280907451968e-02
3.906250000000000081e-06	7.071552009317957042e-03	1.891331961232173980e-02	2.368347065057605644e-02
3.906250000000000081e-06	7.071113848864789622e-03	1.893842536273427149e-02	2.372702658176422189e-02
3.906250000000000081e-06	7.117966166142116434e-03	1.889507491044037021e-02	2.336347934324294398e-02
3.906250000000000081e-06	7.157674766025912995e-03	1.923405386370982337e-02	2.371378911193460295e-02
3.906250000000000081e-06	7.096812537253128356e-03	1.916811254889709201e-02	2.354140463285148144e-02
3.906250000000000081e-06	7.144442623467067884e-03	1.945588787461762642e-02	2.417529122903943131e-02
3.906250000000000081e-06	7.126029249802968979e-03	1.876820801849920714e-02	2.339098267257213454e-02
3.906250000000000081e-06	7.096997439999993759e-03	1.881304468120892012e-02	2.338506812229752471e-02
3.906250000000000081e-06	7.107353717773511048e-03	1.898010379356863606e-02	2.339458826463669538e-02
3.906250000000000081e-06	7.103462991753832327e-03	1.859696895488737595e-02	2.281323531642556052e-02
3.906250000000000081e-06	7.131049474793388181e-03	1.910999889792728071e-02	2.349090308416634798e-02
3.906250000000000081e-06	7.127573774068888743e-03	1.889687098309163552e-02	2.286124255042523007e-02
3.906250000000000081e-06	7.102504573868606216e-03	1.869837683747420029e-02	2.296057327184826066e-02
3.906250000000000081e-06	7.158052183822048546e-03	1.871569286446764929e-02	2.303807402495294809e-02
3.906250000000000081e-06	7.094330788785596989e-03	1.871818158268460583e-02	2.307729842141270638e-02
3.906250000000000081e-06	7.118860092241622618e-03	1.958175750537068452e-02	2.371985611971467664e-02
3.906250000000000081e-06	7.118873432800910950e-03	1.884750758556171316e-02	2.327086003497242858e-02
3.906250000000000081e-06	7.133643051317918073e-03	1.864985084034385607e-02	2.339987761806696515e-02
1.953125000000000041e-06	7.115537802395673246e-03	1.874902933172842637e-02	2.354417829774320056e-02
1.953125000000000041e-06	7.056384080009987098e-03	1.903624365993663442e-02	2.379358548205345869e-02
1.953125000000000041e-06	7.120517441984472277e-03	1.867892175513022335e-02	2.318848276045173268e-02
1.953125000000000041e-06	7.092671596985299781e-03	1.894294019027842335e-02	2.323595788329839776e-02
1.953125000000000041e-06	7.099854237594495354e-03	1.896115160834882865e-02	2.325400917325168987e-02
1.953125000000000041e-06	7.096940810277996975e-03	1.912084129195250684e-02	2.334867932368069748e-02
1.953125000000000041e-06	7.092779189393730310e-03	1.900380242284367693e-02	2.407118750270455937e-02
1.953125000000000041e-06	7.105905867391387916e-03	1.889047451824417759e-02	2.355566066689789365e-02
1.953125000000000041e-06	7.042572325406517252e-03	1.918167033822748557e-02	2.313127736561000278e-02
1.953125000000000041e-06	7.111370996390580825e-03	1.868440670629290326e-02	2.333858907222747733e-02
1.953125000000000041e-06	7.125153255861831243e-03	1.886570968065430509e-02	2.350087522063404322e-02
1.953125000000000041e-06	7.118400293843926176e-03	1.897031351124272777e-02	2.429192347917705913e-02
1.953125000000000041e-06	7.089582925262563270e-03	1.883207034826746631e-02	2.321568315383047004e-02
1.953125000000000041e-06	7.081994782795197028e-03	1.878828646039775591e-02	2.335778581909835408e-02
1.953125000000000041e-06	7.074114880099277580e-03	1.896773111465245576e-02	2.381086815148591995e-02
1.953125000000000041e-06	7.102471992748379120e-03	1.881973279142723152e-02	2.312572938390076299e-02
1.953125000000000041e-06	7.050228466070135140e-03	1.888785415684989671e-02	2.314309743233024935e-02
1.953125000000000041e-06	7.033136254474477676e-03	1.898221418515081901e-02	2.312245387583971093e-02
1.953125000000000041e-06	7.108780795707214835e-03	1.884111547988902985e-02	2.328931596130132814e-02
1.953125000000000041e-06	7.098301279143478734e-03	1.866115779854864501e-02	2.283935938030481200e-02
1.953125000000000041e-06	7.083037395708570438e-03	1.877439144452672931e-02	2.279771163593977829e-02
9.765625000000000203e-07	7.075401731409726447e-03	1.900815019257249758e-02	2.330081465188413997e-02
9.765625000000000203e-07	7.142040029562545661e-03	1.931635193351207563e-02	2.424162530805915733e-02
9.765625000000000203e-07	7.071607832868928925e-03	1.909078260230300320e-02	2.421075091697275777e-02
9.765625000000000203e-07	7.073340967022328542e-03	1.921719468213344689e-02	2.352247470989823203e-02
9.765625000000000203e-07	7.107328880066837544e-03	1.888770983598307002e-02	2.299475974868982892e-02
9.765625000000000203e-07	7.084103360763464689e-03	1.904937159757651502e-02	2.327817559707909961e-02
9.765625000000000203e-07	7.092862641639300844e-03	1.959391635067331966e-02	2.400204720906913211e-02
9.765625000000000203e-07	7.113536638589689973e-03	1.904904238236044059e-02	2.340443695429712465e-02
9.765625000000000203e-07	7.121149119782873953e-03	1.891665757970192180e-02	2.311733809765428166e-02
9.765625000000000203e-07	7.067384066384171069e-03	1.882232556909478605e-02	2.286050701513886452e-02
9.765625000000000203e-07	7.083516462568958602e-03	1.856323799206168260e-02	2.280137822963297298e-02
9.765625000000000203e-07	7.108978537052714104e-03	1.864990534953265763e-02	2.342434127349406550e-02
9.765625000000000203e-07	7.089091534225174136e-03	1.912923198661410987e-02	2.445172637235373120e-02
9.765625000000000203e-07	7.058576532000802352e-03	1.911939249047277939e-02	2.332376048434525728e-02
9.765625000000000203e-07	7.051601777326720576e-03	1.866191205768528982e-02	2.296337962616235018e-02
9.765625000000000203e-07	7.068394464963463110e-03	1.873779773263562973e-02	2.321060141548514366e-02
9.765625000000000203e-07	7.105661565334974242e-03	1.893324289392894419e-02	2.351084058173000951e-02
9.765625000000000203e-07	7.053922784881511143e-03	1.867037058286173667e-02	2.350677808281034092e-02
9.765625000000000203e-07	7.143262637494139124e-03	1.885472212708433348e-02	2.348360321484506061e-02
9.765625000000000203e-07	7.098842071994506016e-03	1.902029672588821316e-02	2.343931787181645701e-02
9.765625000000000203e-07	7.096475484624392358e-03	1.873079517183347600e-02	2.345224386081099649e-02
9.765625000000000203e-07	7.082526446355332482e-03	1.881614336207586974e-02	2.343164228368550470e-02
9.765625000000000203e-07	7.081760759419344561e-03	1.877713163446693631e-02	2.317171576432883878e-02
9.765625000000000203e-07	7.109218052197778699e-03	1.889880098578037432e-02	2.351412600837647984e-02
9.765625000000000203e-07	7.074019108281848732e-03	1.973333799753201542e-02	2.433631774038076331e-02
9.765625000000000203e-07	7.057697587517058370e-03	1.878709839998271569e-02	2.293768604286015172e-02
9.765625000000000203e-07	7.115783642299165768e-03	1.879777496495328021e-02	2.320434998255222966e-02
9.765625000000000203e-07	7.073418154105448608e-03	1.901802600541820099e-02	2.350870466325432132e-02
9.765625000000000203e-07	7.098798299562609007e-03	1.902757435354418894e-02	2.373900513630360434e-02
9.765625000000000203e-07	7.174154583726635032e-03	1.886644449904171031e-02	2.320986716076731821e-02
9.765625000000000203e-07	7.018591452838550751e-03	1.926294337294956818e-02	2.400050517171621253e-02
9.765625000000000203e-07	7.066884077814531567e-03	1.960338245960274381e-02	2.388123313430696656e-02
4.882812500000000102e-07	7.112995393351024057e-03	1.889739381100650692e-02	2.362395317759364774e-02
4.882812500000000102e-07	7.023782564685780022e-03	1.917604719293523191e-02	2.392883228603750329e-02
4.882812500000000102e-07	7.100594831102892239e-03	1.885560750278659006e-02	2.308454255107790162e-02
4.882812500000000102e-07	7.075540554547740148e-03	1.856756108418029100e-02	2.309287309180945227e-02
4.882812500000000102e-07	7.055933172519276986e-03	1.872482888049480099e-02	2.305357244331389735e-02
4.882812500000000102e-07	7.083405112363333131e-03	1.893283699819554855e-02	2.337274376768618683e-02
4.882812500000000102e-07	7.073386432521734657e-03	1.908207387317225473e-02	2.347920178435742786e-02
4.882812500000000102e-07	7.070818589268866756e-03	1.876299466489185150e-02	2.310026572085916927e-02
