1.000000000000000021e-03	2.939256363531543292e-01	2.379640845572137120e-01	2.304173793643712886e-01
1.000000000000000021e-03	1.815774675118430881e-01	1.465354112430392874e-01	1.386940719559788815e-01
1.000000000000000021e-03	1.590358472367994491e-01	1.026654553975110268e-01	9.820528607815504074e-02
1.000000000000000021e-03	1.412527578308042653e-01	1.048270708525367995e-01	9.914224464446305674e-02
1.000000000000000021e-03	1.310345231619874373e-01	9.617337256826030689e-02	8.990400917828082761e-02
1.000000000000000021e-03	1.190088586843832119e-01	1.393241662317545593e-01	1.443586114794015995e-01
1.000000000000000021e-03	1.073984033436259228e-01	9.984199901681919953e-02	9.960958752781153003e-02
1.000000000000000021e-03	9.995265934592488521e-02	9.706686175774528746e-02	9.721268247812986374e-02
1.000000000000000021e-03	9.048258160404024086e-02	6.719085408364915135e-02	7.194981798529624661e-02
1.000000000000000021e-03	8.513017343557664762e-02	6.664929652089224277e-02	6.553675672039389888e-02
1.000000000000000021e-03	8.198248310022190899e-02	8.979671093493855893e-02	9.119362458586692533e-02
1.000000000000000021e-03	7.871659900375477248e-02	6.041717000734743437e-02	6.265591075643897612e-02
1.000000000000000021e-03	7.563594350111282894e-02	7.914207001943238118e-02	7.497050194069743156e-02
1.000000000000000021e-03	7.213732019638932624e-02	8.015149525556888865e-02	8.572363667190074921e-02
1.000000000000000021e-03	7.117765554600222200e-02	6.454010450169053725e-02	6.915772017091512125e-02
1.000000000000000021e-03	6.941333259691534474e-02	6.441972722635842807e-02	6.564100664108991900e-02
1.000000000000000021e-03	6.652197123024615466e-02	6.282418047648449799e-02	6.580306962132453918e-02
1.000000000000000021e-03	6.626628064065565038e-02	6.129262937691198898e-02	5.883927959948778014e-02
1.000000000000000021e-03	6.385350534004344270e-02	4.931965028545307050e-02	5.311685428023338318e-02
1.000000000000000021e-03	6.221774605998402208e-02	7.934923973227046845e-02	8.234303556382656375e-02
1.000000000000000021e-03	6.082399480083849896e-02	5.065134737192024394e-02	5.354688568040728847e-02
1.000000000000000021e-03	6.085998362115540433e-02	5.686379809186096340e-02	5.828589703887700896e-02
1.000000000000000021e-03	5.858796235410157482e-02	5.291697105968185683e-02	5.461035417392849645e-02
1.000000000000000021e-03	5.742510132504591303e-02	5.937955419274525137e-02	6.247209077700972835e-02
1.000000000000000021e-03	5.677087622011484785e-02	4.713468123910002916e-02	5.148016847670078278e-02
1.000000000000000021e-03	5.611763167161973320e-02	4.853370447316406738e-02	5.184035832062363486e-02
1.000000000000000021e-03	5.457346025397085548e-02	4.352521219568726563e-02	4.714918676763772687e-02
1.000000000000000021e-03	5.422303121517466074e-02	5.097963002690782119e-02	4.150399006903171539e-02
1.000000000000000021e-03	5.368448324163442587e-02	4.577986053459306981e-02	5.173266222700476785e-02
1.000000000000000021e-03	5.366859342762035634e-02	4.582033040128765528e-02	4.977104025892913064e-02
1.000000000000000021e-03	5.207461049241718376e-02	4.601717361917046639e-02	5.054711098782718043e-02
1.000000000000000021e-03	5.275560069098903654e-02	4.305514833689984278e-02	4.564286046661436558e-02
1.000000000000000021e-03	5.135169499047174263e-02	4.448952141622598139e-02	4.830650971271097799e-02
1.000000000000000021e-03	5.133859489661375675e-02	5.937216255365242168e-02	4.701719926670193395e-02
1.000000000000000021e-03	5.051394524361554894e-02	4.186767101755941439e-02	4.511441262438893596e-02
1.000000000000000021e-03	4.939772706173269079e-02	4.485516133108688464e-02	4.774520969949662408e-02
1.000000000000000021e-03	4.808742540643061447e-02	4.834922918006387405e-02	5.219971109181642532e-02
1.000000000000000021e-03	4.908411005764350132e-02	4.687639347311713806e-02	5.122035909444093427e-02
1.000000000000000021e-03	4.788075319213393188e-02	4.522187040426343951e-02	4.929775535129010677e-02
1.000000000000000021e-03	4.748311546079082152e-02	4.659711087795452567e-02	4.404125930741429468e-02
1.000000000000000021e-03	4.800970285238049390e-02	4.522154675260264128e-02	4.638216742314398011e-02
1.000000000000000021e-03	4.717327390405728210e-02	4.001850841557168248e-02	4.327536444179713726e-02
1.000000000000000021e-03	4.643237766543746592e-02	5.114162943438085862e-02	5.694042239338159561e-02
1.000000000000000021e-03	4.627707847862690127e-02	4.209360223829122089e-02	4.597330014221370081e-02
1.000000000000000021e-03	4.621767567567106744e-02	5.106610393258913944e-02	5.814489563927054128e-02
1.000000000000000021e-03	4.525066614085987426e-02	5.665294355981012608e-02	6.069598337635397772e-02
1.000000000000000021e-03	4.445073109633739666e-02	3.973740834684272305e-02	4.131193850189447681e-02
1.000000000000000021e-03	4.499896088806850519e-02	3.786047880601196153e-02	4.118647202849388261e-02
1.000000000000000021e-03	4.367824264928273775e-02	4.118409385192768613e-02	4.459601379930973331e-02
1.000000000000000021e-03	4.424472872347696983e-02	3.894284804454024862e-02	4.173005018383264819e-02
1.000000000000000021e-03	4.360326772545956853e-02	4.231868830572872026e-02	4.170290613546967506e-02
1.000000000000000021e-03	4.503764544135266390e-02	4.409927859200232780e-02	4.351973156444728652e-02
1.000000000000000021e-03	4.234607450863418776e-02	4.212881127343127974e-02	4.280731980688869814e-02
1.000000000000000021e-03	4.260326705010496207e-02	4.164384203080419289e-02	4.636605274863540849e-02
1.000000000000000021e-03	4.220170323553301683e-02	3.708705450383780605e-02	3.856098251417279521e-02
1.000000000000000021e-03	4.139774483089498497e-02	6.205335555900454159e-02	6.543163415044546405e-02
1.000000000000000021e-03	4.207057818020582679e-02	3.884588051294780853e-02	4.101628432981670180e-02
1.000000000000000021e-03	4.046093953915325808e-02	4.335825325657872292e-02	4.621889670379460135e-02
1.000000000000000021e-03	4.023320127415095510e-02	4.445800092558898492e-02	4.810832506045699397e-02
1.000000000000000021e-03	3.905670215452112376e-02	4.430782280043157884e-02	4.307701890356838842e-02
1.000000000000000021e-03	3.838069247512050641e-02	3.677399926550725673e-02	4.015116086229682246e-02
1.000000000000000021e-03	3.837378513676923536e-02	3.610829867578613933e-02	4.220714182592928687e-02
1.000000000000000021e-03	3.753244354584107240e-02	3.807678441297633609e-02	4.258167357183993001e-02
1.000000000000000021e-03	3.949200616712796041e-02	3.431842992013973970e-02	3.619516589678824225e-02
1.000000000000000021e-03	3.689667468412696077e-02	3.708164432910100033e-02	4.055054988712072234e-02
1.000000000000000021e-03	3.682714875911023006e-02	3.704192864840255561e-02	4.179806294851005216e-02
1.000000000000000021e-03	3.598496292833154586e-02	3.521730243691598844e-02	3.911697156727313857e-02
1.000000000000000021e-03	3.640058633631367002e-02	4.625206959497241838e-02	4.697343148291110992e-02
1.000000000000000021e-03	3.604145994742572606e-02	4.008742912394526459e-02	4.388138595968484740e-02
1.000000000000000021e-03	3.584143717801972773e-02	3.289421529787060761e-02	3.833248927257955352e-02
1.000000000000000021e-03	3.670281528291000767e-02	3.886924752312180542e-02	4.488197080790996829e-02
1.000000000000000021e-03	3.551212571552667813e-02	3.578336776785201456e-02	4.285527346655726433e-02
1.000000000000000021e-03	3.514152645865382951e-02	3.352272872330318287e-02	3.253820161335170547e-02
1.000000000000000021e-03	3.455904139820193538e-02	4.944989430420685533e-02	5.161067079752683362e-02
1.000000000000000021e-03	3.425955654508225368e-02	3.366349346896740924e-02	3.643318144604563991e-02
1.000000000000000021e-03	3.340378523614082051e-02	4.140282881626596023e-02	4.609254458919167380e-02
1.000000000000000021e-03	3.351836118450547686e-02	3.675029273705644750e-02	4.092763313092291633e-02
1.000000000000000021e-03	3.312285513296905209e-02	3.374841681520664161e-02	3.566181892529129982e-02
1.000000000000000021e-03	3.349517681107679057e-02	3.667754549240566375e-02	4.119423981755972186e-02
1.000000000000000021e-03	3.221062428430113145e-02	3.374229466142766865e-02	3.915874981321394721e-02
1.000000000000000021e-03	3.293990443280229996e-02	3.413281017300034276e-02	3.527469728142022809e-02
1.000000000000000021e-03	3.210162706434761121e-02	3.827671044511008619e-02	4.369652178138494492e-02
1.000000000000000021e-03	3.298646103809606961e-02	3.373972408434483539e-02	3.616712526418268403e-02
1.000000000000000021e-03	3.179820156924387242e-02	3.878368006248748834e-02	4.035856151022017280e-02
1.000000000000000021e-03	3.131624288237185028e-02	3.176246822387448349e-02	3.347047665156423907e-02
1.000000000000000021e-03	3.125204265642089752e-02	3.251059153434181920e-02	3.464484093710780421e-02
1.000000000000000021e-03	3.163644962701914198e-02	4.615653323799527585e-02	5.042280741035938540e-02
1.000000000000000021e-03	3.024592911342398327e-02	3.739224463038107182e-02	4.033151934854686121e-02
1.000000000000000021e-03	3.188534628506695806e-02	3.474247051861273361e-02	3.948831441812217236e-02
1.000000000000000021e-03	2.992301307826662066e-02	3.272480609295255749e-02	3.554848777130246301e-02
1.000000000000000021e-03	3.027631000871918929e-02	3.548127102680231210e-02	3.968691769987344603e-02
1.000000000000000021e-03	3.073717395429905255e-02	3.169353181467006453e-02	3.367699868977069855e-02
1.000000000000000021e-03	3.066637967412488494e-02	3.121800342311409696e-02	3.555693118833005290e-02
1.000000000000000021e-03	3.119697625282339196e-02	3.980978129733919735e-02	4.318984588608145575e-02
1.000000000000000021e-03	2.994859234363256642e-02	3.062954730310365331e-02	3.148988233879208842e-02
1.000000000000000021e-03	2.899643149359098712e-02	3.061807497906747152e-02	3.444359744898974757e-02
1.000000000000000021e-03	2.940062235947644292e-02	3.314627174541587978e-02	2.807556390762329032e-02
1.000000000000000021e-03	3.018446122537247339e-02	4.062210293535474526e-02	4.480844470672309260e-02
1.000000000000000021e-03	2.915244188252890528e-02	3.206474612910709815e-02	3.773967907764017721e-02
1.000000000000000021e-03	2.911341104194859961e-02	3.272553710803311616e-02	3.783148759976029396e-02
1.000000000000000021e-03	2.834548637674012828e-02	3.461030474742045338e-02	4.060461395420134068e-02
1.000000000000000021e-03	2.785422660815656953e-02	3.509062951850017154e-02	4.021968436427414417e-02
1.000000000000000021e-03	2.834413968971504980e-02	3.673976910402949880e-02	4.146884991787373742e-02
1.000000000000000021e-03	2.712884696320765412e-02	3.229230890996481057e-02	3.644772651605308195e-02
1.000000000000000021e-03	2.739774572883514267e-02	4.085140423702943863e-02	4.424556600861251354e-02
1.000000000000000021e-03	2.769383336588038258e-02	4.102274969571235996e-02	4.600776378065347949e-02
1.000000000000000021e-03	2.727872747743698492e-02	3.251727646050964898e-02	3.706942573189735135e-02
1.000000000000000021e-03	2.762227329149746780e-02	3.801322113039917738e-02	4.434949057176709036e-02
1.000000000000000021e-03	2.787042982711599240e-02	3.099269927991310167e-02	3.340591234154999256e-02
1.000000000000000021e-03	2.639511434622477185e-02	3.341728357198350818e-02	3.702622377313673219e-02
1.000000000000000021e-03	2.660148460883918209e-02	3.591523223912528734e-02	4.115387001074850837e-02
1.000000000000000021e-03	2.636688889490268126e-02	3.131274610796835889e-02	3.397560841403901577e-02
1.000000000000000021e-03	2.673493277816802946e-02	3.146887004999589926e-02	3.554635155014693876e-02
1.000000000000000021e-03	2.614658115374237507e-02	2.982069894242348959e-02	3.200112059712410112e-02
1.000000000000000021e-03	2.640966586703613270e-02	3.134285556201223122e-02	3.550885636359453479e-02
1.000000000000000021e-03	2.596118906052342218e-02	2.995396733127963368e-02	3.144423984922468940e-02
1.000000000000000021e-03	2.639231089515575723e-02	2.952941557811817122e-02	3.295293077826499939e-02
1.000000000000000021e-03	2.676455342222206629e-02	3.109003301144270398e-02	3.553962404839694500e-02
1.000000000000000021e-03	2.549231123155358894e-02	3.184421998278008648e-02	3.604036150500178337e-02
1.000000000000000021e-03	2.537192638482358917e-02	3.368051504199417318e-02	3.883383572101593156e-02
1.000000000000000021e-03	2.495476410254498026e-02	2.908045107118434336e-02	3.275958462618291239e-02
1.000000000000000021e-03	2.525346945709028290e-02	3.027259580869013159e-02	3.364515886642038822e-02
1.000000000000000021e-03	2.527962630607053299e-02	3.404837573698053788e-02	3.882982181385159770e-02
1.000000000000000021e-03	2.591471230408578727e-02	3.118595746175156780e-02	3.456735406070947370e-02
1.000000000000000021e-03	2.520948457258031378e-02	3.479252031063222173e-02	3.695871268864721337e-02
1.000000000000000021e-03	2.415622380107571715e-02	3.198047368470286617e-02	3.527096780017018041e-02
1.000000000000000021e-03	2.421848227634566461e-02	3.282996516733269199e-02	3.661886872723698477e-02
1.000000000000000021e-03	2.494547546989110687e-02	2.817333088846418754e-02	3.139008460566401759e-02
1.000000000000000021e-03	2.490394359639801908e-02	2.979297759450231023e-02	3.292153761722147604e-02
1.000000000000000021e-03	2.425295019759609802e-02	3.006686706154446456e-02	3.390553728677332679e-02
1.000000000000000021e-03	2.460094128419504714e-02	3.469988878289754358e-02	3.785353880375623425e-02
1.000000000000000021e-03	2.501375530589070723e-02	2.942847130888419718e-02	3.167582335881889005e-02
1.000000000000000021e-03	2.420610941268195801e-02	3.274138197692900987e-02	3.290712893940508227e-02
1.000000000000000021e-03	2.426027684727680503e-02	2.802037345294241047e-02	2.961750095710158348e-02
1.000000000000000021e-03	2.327528543317383680e-02	3.205266559779332280e-02	3.560175187885761261e-02
1.000000000000000021e-03	2.496241583093922883e-02	3.217838022916416629e-02	3.299094983376562457e-02
1.000000000000000021e-03	2.439517043086680131e-02	2.931642737142078556e-02	3.115840172395110269e-02
1.000000000000000021e-03	2.450043184562451445e-02	3.141648541765375280e-02	3.221809100359677991e-02
1.000000000000000021e-03	2.433086101045921906e-02	3.167446062007811536e-02	3.366810777224600593e-02
1.000000000000000021e-03	2.374348489469033097e-02	3.324656001248284948e-02	3.810269096866249899e-02
1.000000000000000021e-03	2.379346060782774885e-02	2.642004773098760931e-02	2.999397385865449836e-02
1.000000000000000021e-03	2.351629959474631562e-02	3.124898992946946799e-02	3.417114932090044299e-02
1.000000000000000021e-03	2.333353775097767036e-02	2.864117546894475591e-02	3.021978631149977584e-02
1.000000000000000021e-03	2.390859430138977254e-02	3.133471914766970678e-02	3.596992758102714877e-02
1.000000000000000021e-03	2.329981785404120279e-02	3.146291064849386643e-02	3.353933119215071063e-02
1.000000000000000021e-03	2.286227262476507940e-02	2.874243878686303169e-02	3.225425430573523183e-02
1.000000000000000021e-03	2.328537248666633780e-02	2.682925479886419384e-02	2.887375438585877349e-02
1.000000000000000021e-03	2.342505469688535569e-02	2.793844291911075362e-02	3.142926436848938326e-02
1.000000000000000021e-03	2.284430093963594338e-02	3.013697275355536193e-02	3.255702489987015447e-02
1.000000000000000021e-03	2.334026771815902318e-02	2.816609980255677451e-02	3.185193254612386088e-02
1.000000000000000021e-03	2.316093011128046025e-02	3.363571931359343736e-02	3.820800711400806904e-02
1.000000000000000021e-03	2.279052708553688800e-02	2.742265936240788002e-02	3.173945110756903887e-02
1.000000000000000021e-03	2.247735042961497565e-02	2.783517731616946475e-02	3.191003901883959770e-02
1.000000000000000021e-03	2.255124362958178114e-02	2.809820427554440142e-02	2.913991650566458841e-02
1.000000000000000021e-03	2.212112820032743551e-02	2.813922450999626831e-02	3.265797635540366312e-02
1.000000000000000021e-03	2.182365903482404515e-02	2.555993208612914944e-02	3.069138787686824868e-02
1.000000000000000021e-03	2.303247277176851890e-02	2.943223891340937190e-02	3.158267154358327528e-02
1.000000000000000021e-03	2.236411631174511222e-02	2.733280082569696651e-02	3.134374539367854734e-02
1.000000000000000021e-03	2.236025394690875981e-02	3.152107466889925852e-02	3.400629428215325156e-02
1.000000000000000021e-03	2.259397917980281514e-02	2.734287618537535949e-02	3.234263923950493613e-02
1.000000000000000021e-03	2.228393582350868610e-02	2.659741957325741785e-02	3.261354104615747651e-02
1.000000000000000021e-03	2.279423135308383114e-02	2.729308264846889293e-02	3.212777222506701946e-02
1.000000000000000021e-03	2.218961581228048527e-02	2.800549113762160203e-02	3.265178203582763672e-02
1.000000000000000021e-03	2.175646789161755912e-02	2.953419129300803928e-02	3.443926274776458463e-02
1.000000000000000021e-03	2.156012789457343107e-02	2.765967816855582906e-02	3.106618693564087291e-02
1.000000000000000021e-03	2.218877638507593328e-02	2.900836138903158459e-02	3.229951406829058985e-02
1.000000000000000021e-03	2.163357030949216581e-02	2.768269557681383303e-02	3.227940606884658475e-02
1.000000000000000021e-03	2.142310409777954325e-02	2.751786800111151454e-02	3.181020510382950167e-02
1.000000000000000021e-03	2.171145210128197500e-02	2.773251139719760949e-02	3.214629469439387460e-02
1.000000000000000021e-03	2.113047058771539213e-02	2.727238273160307799e-02	3.146709403954446593e-02
1.000000000000000021e-03	2.159620589972703966e-02	2.657023391135387991e-02	3.198311142623424391e-02
1.000000000000000021e-03	2.189207039047477016e-02	3.635174920538645355e-02	4.112873915582895140e-02
1.000000000000000021e-03	2.145177706937376541e-02	2.634369391772447416e-02	2.874410173390060802e-02
1.000000000000000021e-03	2.133887943959621170e-02	2.719663839338649566e-02	3.148644822649657865e-02
1.000000000000000021e-03	2.118350534877019853e-02	3.130578369643363668e-02	3.535045757889747342e-02
1.000000000000000021e-03	2.134915428000993751e-02	2.755288015660971312e-02	2.985486292745918174e-02
1.000000000000000021e-03	2.081398664442188351e-02	2.759875350324583407e-02	3.150218003429472446e-02
5.000000000000000104e-04	1.669659685893954207e-02	2.477093534397829117e-02	2.887866573873907466e-02
5.000000000000000104e-04	1.625824887240484226e-02	2.769795660885216587e-02	3.111969120800495148e-02
5.000000000000000104e-04	1.575640225625873914e-02	2.428331921432966972e-02	2.689417556393891573e-02
5.000000000000000104e-04	1.551920116281460885e-02	2.408877760659493619e-02	2.671857716049998860e-02
5.000000000000000104e-04	1.583862287242132280e-02	2.303348720580807377e-02	2.657161990646272898e-02
5.000000000000000104e-04	1.519103545788729782e-02	2.746293192036957168e-02	3.068791334517300198e-02
5.000000000000000104e-04	1.512690133633500487e-02	2.456695035938661134e-02	2.825976095627993206e-02
5.000000000000000104e-04	1.516899031572317008e-02	2.350201578664529861e-02	2.662647494580596547e-02
5.000000000000000104e-04	1.523046165763239541e-02	2.330672849671847069e-02	2.716423033270985027e-02
5.000000000000000104e-04	1.504928808672317819e-02	2.491443578387898469e-02	2.937572898808866670e-02
5.000000000000000104e-04	1.541683511779258324e-02	2.296274396742045698e-02	2.634099409915506909e-02
5.000000000000000104e-04	1.513434160520268912e-02	2.473695478182656726e-02	2.834787161555141211e-02
5.000000000000000104e-04	1.492892037654526376e-02	2.254926375264584837e-02	2.651908001862466474e-02
5.000000000000000104e-04	1.491569750847477997e-02	2.258196104981044158e-02	2.734146153088658909e-02
5.000000000000000104e-04	1.473738050869535451e-02	2.257870971005780658e-02	2.620974348392337422e-02
5.000000000000000104e-04	1.476442569475610103e-02	2.402951357720409936e-02	2.734554233029484749e-02
5.000000000000000104e-04	1.480240457262702904e-02	2.215415921491322229e-02	2.553371400572359423e-02
5.000000000000000104e-04	1.457500643594761454e-02	2.652484873865599418e-02	3.008194190915674041e-02
5.000000000000000104e-04	1.472750045749217362e-02	2.268328001790958018e-02	2.676786666270345588e-02
5.000000000000000104e-04	1.457460957929847430e-02	2.348675843601295485e-02	2.701849157456308673e-02
5.000000000000000104e-04	1.444099016960031893e-02	2.442887866703783578e-02	2.751041960436850786e-02
5.000000000000000104e-04	1.440647782388383182e-02	2.430059212742675598e-02	2.829086743295192857e-02
5.000000000000000104e-04	1.473424306931434696e-02	2.390424780918197489e-02	2.665009542834013631e-02
5.000000000000000104e-04	1.469207473680021574e-02	2.275548444290435846e-02	2.528161399532109430e-02
5.000000000000000104e-04	1.409589898257303416e-02	2.355788514525166202e-02	2.650627463590353797e-02
5.000000000000000104e-04	1.461582293830391600e-02	2.313656969902871258e-02	2.567108101211488386e-02
5.000000000000000104e-04	1.424625399292226216e-02	2.206790747111224416e-02	2.563414506148547004e-02
5.000000000000000104e-04	1.429440260720138585e-02	2.704918320188347616e-02	3.109529023058712344e-02
5.000000000000000104e-04	1.436706869459346454e-02	2.489774722937514173e-02	2.831142584327608208e-02
5.000000000000000104e-04	1.419381239549530500e-02	2.289126221461133814e-02	2.619898107368499179e-02
5.000000000000000104e-04	1.415822652741235109e-02	2.349509003801339424e-02	2.636333673726767163e-02
5.000000000000000104e-04	1.437808088568180709e-02	2.232760500104327347e-02	2.495298264548182626e-02
5.000000000000000104e-04	1.440620665298151734e-02	2.277210811201814747e-02	2.632268157321959734e-02
5.000000000000000104e-04	1.410884952141213712e-02	2.490661815979093932e-02	2.757459140848368337e-02
5.000000000000000104e-04	1.397749511042849224e-02	2.618879673232114846e-02	3.009631880559027195e-02
5.000000000000000104e-04	1.387785705225785989e-02	2.291821748876446754e-02	2.851308789104223251e-02
5.000000000000000104e-04	1.426911871899796957e-02	2.284055677637535781e-02	2.640130524523556094e-02
5.000000000000000104e-04	1.414682446486506713e-02	2.223352537397782838e-02	2.512910589575767517e-02
5.000000000000000104e-04	1.378033979925358948e-02	2.422936270452294774e-02	2.749458865728229146e-02
5.000000000000000104e-04	1.393206192233608851e-02	2.317247166742049044e-02	2.708263613749295473e-02
5.000000000000000104e-04	1.393692077252929248e-02	2.288718359710658484e-02	7.771917989011853378e-02
5.000000000000000104e-04	1.404039639331630153e-02	2.794758786315693425e-02	3.178134583868086338e-02
5.000000000000000104e-04	1.413878094981391512e-02	2.388549931542411492e-02	2.800665786489844183e-02
5.000000000000000104e-04	1.391006745083811329e-02	2.298400262907069475e-02	2.643287231912836571e-02
5.000000000000000104e-04	1.403706113701125996e-02	2.384109309928111528e-02	2.733646228443831205e-02
5.000000000000000104e-04	1.374980575855281814e-02	2.438115394376803510e-02	2.757885875180363794e-02
5.000000000000000104e-04	1.373435660395955389e-02	2.307758086814462248e-02	2.624790568370372057e-02
5.000000000000000104e-04	1.378054315345648984e-02	2.271610022527385114e-02	2.608346883207559447e-02
2.500000000000000052e-04	1.157746718163803028e-02	2.122429901665729909e-02	2.478263082448393245e-02
2.500000000000000052e-04	1.123384561052696504e-02	2.126694618875443754e-02	2.497714993078261475e-02
2.500000000000000052e-04	1.129737289063307421e-02	2.322132367621229654e-02	2.628771786112338305e-02
2.500000000000000052e-04	1.130042185599483898e-02	2.198774527017202662e-02	2.544729586225003004e-02
2.500000000000000052e-04	1.119996901138871521e-02	2.148859804564433665e-02	2.486615041270852020e-02
2.500000000000000052e-04	1.113306956258431832e-02	2.181982532806733474e-02	2.545073167420923779e-02
2.500000000000000052e-04	1.105828694549539255e-02	2.148818752743030663e-02	2.518112044781446388e-02
2.500000000000000052e-04	1.109132208087204759e-02	2.150604181011153693e-02	2.469958418514579465e-02
2.500000000000000052e-04	1.097798400811543333e-02	2.140892122467463049e-02	2.496641445904970030e-02
2.500000000000000052e-04	1.097823481182196720e-02	2.099791365183148809e-02	2.440790992695838352e-02
2.500000000000000052e-04	1.093778418162496234e-02	2.131205610443316287e-02	2.422136078821495245e-02
2.500000000000000052e-04	1.072689548590983859e-02	2.161367255609229071e-02	2.465116740204393794e-02
2.500000000000000052e-04	1.100864766139608535e-02	2.109870702730423653e-02	2.428785248193889718e-02
2.500000000000000052e-04	1.080359510103280629e-02	2.083953156462670792e-02	2.379975391086191008e-02
2.500000000000000052e-04	1.076967725416492702e-02	2.118266170542121643e-02	2.381536168977618079e-02
2.500000000000000052e-04	1.092170740446859155e-02	2.091184608072666623e-02	2.462593654636293511e-02
2.500000000000000052e-04	1.087964701841716980e-02	2.081032695629053686e-02	2.440566401928663184e-02
2.500000000000000052e-04	1.083423015555890281e-02	2.106738591283871878e-02	2.424633181653916905e-02
2.500000000000000052e-04	1.082270801985130322e-02	2.164124479488084563e-02	2.461806887295097182e-02
2.500000000000000052e-04	1.073758310241242249e-02	2.139413380185970978e-02	2.471449989825487067e-02
2.500000000000000052e-04	1.084820274859580116e-02	2.109326251065699737e-02	2.496549987699836493e-02
2.500000000000000052e-04	1.067599385799087100e-02	2.115005463927360080e-02	2.419270861428230932e-02
2.500000000000000052e-04	1.069605955962414645e-02	2.083763157880587011e-02	2.377241298090666463e-02
2.500000000000000052e-04	1.066963910111651433e-02	2.166931017628671158e-02	2.530518455896526436e-02
2.500000000000000052e-04	1.066023293463269454e-02	2.127885934531064532e-02	2.450028914026915888e-02
2.500000000000000052e-04	1.061731630962270585e-02	2.085759349323380168e-02	2.423124050255864859e-02
2.500000000000000052e-04	1.062526578980824664e-02	2.064748347800283643e-02	2.358307610265910487e-02
2.500000000000000052e-04	1.062271937022528541e-02	2.077395414338686214e-02	2.418552453164011379e-02
2.500000000000000052e-04	1.048399320651341969e-02	2.249393099675159671e-02	2.658177111297845702e-02
2.500000000000000052e-04	1.052799548275461065e-02	2.078406424968654714e-02	2.427414266858250042e-02
2.500000000000000052e-04	1.052247899258861377e-02	2.141659343566413784e-02	2.495594064239412685e-02
2.500000000000000052e-04	1.046112325197435730e-02	2.122667177302363026e-02	2.456585394684225251e-02
2.500000000000000052e-04	1.055945777196118547e-02	2.080868086558206043e-02	2.374464659951627116e-02
2.500000000000000052e-04	1.056187396810551009e-02	2.142809040317828623e-02	2.488194841425865958e-02
2.500000000000000052e-04	1.047519832733561328e-02	2.120000333647141175e-02	2.416036159265786548e-02
2.500000000000000052e-04	1.044993014185927223e-02	2.159262152086377853e-02	2.531562095973640542e-02
2.500000000000000052e-04	1.042251477295390825e-02	2.083665048167187422e-02	2.393926715012639761e-02
2.500000000000000052e-04	1.028724218604391664e-02	2.061069020465094298e-02	2.403180929832160473e-02
2.500000000000000052e-04	1.056181363395180574e-02	2.202647402199931284e-02	2.495443876832723756e-02
2.500000000000000052e-04	1.053285090563739652e-02	2.132638159612710443e-02	2.502472610212862561e-02
2.500000000000000052e-04	1.020760470302369168e-02	2.235159177957249041e-02	2.666134082246571918e-02
2.500000000000000052e-04	1.038950847634106250e-02	2.066862091168527107e-02	2.372698411345481803e-02
2.500000000000000052e-04	1.032368266584439420e-02	2.124404109507331204e-02	2.507415914442390203e-02
2.500000000000000052e-04	1.044374884801324566e-02	2.252285346310800226e-02	2.583570715505629709e-02
2.500000000000000052e-04	1.043430359009057430e-02	2.079619903663534192e-02	2.412990666925907135e-02
2.500000000000000052e-04	1.030043325613947888e-02	2.292930529360215700e-02	2.654691901989281178e-02
2.500000000000000052e-04	1.036233880837220990e-02	2.074389950084592690e-02	2.406014483422041009e-02
2.500000000000000052e-04	1.020491880881033847e-02	2.054906672071567936e-02	2.385497447103262017e-02
2.500000000000000052e-04	1.030275847008663148e-02	2.116591321957829105e-02	2.413435564376413892e-02
2.500000000000000052e-04	1.030720078612289321e-02	2.146860223302510251e-02	2.518036856781691313e-02
2.500000000000000052e-04	1.018810504072233634e-02	2.123656672918047481e-02	2.434500160161405871e-02
2.500000000000000052e-04	1.024156097575172619e-02	2.136378223320264599e-02	2.529513873159885268e-02
2.500000000000000052e-04	1.033224444511309133e-02	2.066907097453846501e-02	2.407385457772761445e-02
2.500000000000000052e-04	1.021670752896809697e-02	2.120787913652614695e-02	2.544880339410155942e-02
2.500000000000000052e-04	1.023004740452769859e-02	2.054236997504040735e-02	2.420763843692839284e-02
2.500000000000000052e-04	1.016511125089150994e-02	2.100955168302146708e-02	7.722540637478232661e-02
2.500000000000000052e-04	1.013228237366714524e-02	2.233286199028267430e-02	2.579299472272396018e-02
2.500000000000000052e-04	1.021471094511288910e-02	2.055636642705551548e-02	2.397734464611857991e-02
2.500000000000000052e-04	1.012278523609267539e-02	2.360045702162525544e-02	2.688418519683182309e-02
2.500000000000000052e-04	1.013649911297362718e-02	2.087138515667921745e-02	2.414011573418974738e-02
2.500000000000000052e-04	1.025729895709705589e-02	2.131158970198862232e-02	2.448694168124347995e-02
2.500000000000000052e-04	1.001860987213009507e-02	2.097294695616860535e-02	2.451602777000516653e-02
2.500000000000000052e-04	1.002907698866740624e-02	2.119786490281527075e-02	2.435750490985810757e-02
2.500000000000000052e-04	1.021666117575953554e-02	2.135070475276696148e-02	2.444543058518320461e-02
2.500000000000000052e-04	1.008847139048682159e-02	2.151083812624684025e-02	2.457808362087234716e-02
2.500000000000000052e-04	1.014349981952824935e-02	2.087695721575882901e-02	2.428528636228293250e-02
2.500000000000000052e-04	1.005996364331898998e-02	2.056206664782388172e-02	2.414178594481199841e-02
2.500000000000000052e-04	1.015938444110744271e-02	2.284250785816090146e-02	2.664448779541999171e-02
2.500000000000000052e-04	9.998767649990015355e-03	2.084407956870906742e-02	2.412991831079125404e-02
2.500000000000000052e-04	1.005245151172688353e-02	2.306700626105382193e-02	2.719837208278477053e-02
2.500000000000000052e-04	1.018567259383884593e-02	2.176391552275544136e-02	2.511754853185266256e-02
2.500000000000000052e-04	1.010639822856025140e-02	2.054820298485418931e-02	2.379706632345914702e-02
2.500000000000000052e-04	1.008309883381380313e-02	2.114953611689712396e-02	2.457299064844846795e-02
2.500000000000000052e-04	1.020043940457270037e-02	2.113315650305822718e-02	2.423953786492347856e-02
2.500000000000000052e-04	9.989554927440023532e-03	2.159500352219137151e-02	2.511328263208269934e-02
2.500000000000000052e-04	9.874670825077307146e-03	2.086939811901584313e-02	2.398630743846297264e-02
1.250000000000000026e-04	8.987772074777800047e-03	2.089385084651839558e-02	2.438593653496354957e-02
1.250000000000000026e-04	8.843000392836409401e-03	2.030363383444503886e-02	2.355424447450786898e-02
1.250000000000000026e-04	8.859307209377617967e-03	2.099602208204606399e-02	2.430776292458176543e-02
1.250000000000000026e-04	8.740008252804503525e-03	1.989364285626648438e-02	2.327750360127538512e-02
1.250000000000000026e-04	8.725885366842177360e-03	2.039995181486400563e-02	2.365608743857592483e-02
1.250000000000000026e-04	8.610051389135649560e-03	2.009058463343307149e-02	2.379390357527881930e-02
1.250000000000000026e-04	8.731747806232603021e-03	2.303065214286612039e-02	2.623159401118755479e-02
1.250000000000000026e-04	8.674572839024041401e-03	2.019701864453354520e-02	2.390806430485099485e-02
1.250000000000000026e-04	8.696240058451579560e-03	2.055192385746546294e-02	2.416319532785564730e-02
1.250000000000000026e-04	8.590028975310628687e-03	2.035083119021192238e-02	2.521402644924819469e-02
1.250000000000000026e-04	8.674883863922813049e-03	2.052818559578263938e-02	2.380285025574267049e-02
1.250000000000000026e-04	8.638491928566588082e-03	2.045293116249651336e-02	2.361256114672869583e-02
1.250000000000000026e-04	8.608701279947080995e-03	2.045624836284608630e-02	2.387568361591547658e-02
1.250000000000000026e-04	8.670449775111076229e-03	2.020317438931365159e-02	2.393447607755661011e-02
1.250000000000000026e-04	8.511725587769259846e-03	2.010770606764480245e-02	2.313834454398602108e-02
1.250000000000000026e-04	8.670635818308214046e-03	2.097560939286391771e-02	2.444891680497675995e-02
1.250000000000000026e-04	8.575956368577244276e-03	1.998054464859643983e-02	2.337235941085964372e-02
1.250000000000000026e-04	8.653337504864258567e-03	2.017276726799641443e-02	2.397240432910621027e-02
1.250000000000000026e-04	8.577819890599998678e-03	2.084599569907987296e-02	2.390531068667769293e-02
1.250000000000000026e-04	8.560945479000998948e-03	1.995859383873602524e-02	2.303129415959119866e-02
1.250000000000000026e-04	8.573536305737624111e-03	2.045324799258515375e-02	2.355070642661303421e-02
1.250000000000000026e-04	8.484356291158696300e-03	2.004835915054482484e-02	2.356796076055616210e-02
1.250000000000000026e-04	8.497033746606427046e-03	2.159577392100195739e-02	2.490148441866040299e-02
1.250000000000000026e-04	8.435514526373429078e-03	1.992774274960862346e-02	2.348359387833625148e-02
1.250000000000000026e-04	8.571412416208597576e-03	2.069030715767001746e-02	2.396383804734796355e-02
6.250000000000000130e-05	8.043598407774365383e-03	2.010161026883187582e-02	2.328834994696080823e-02
6.250000000000000130e-05	7.913166048398556987e-03	1.998277687277469350e-02	2.331175867002457242e-02
6.250000000000000130e-05	7.963245651950716375e-03	2.036848386837393846e-02	2.363109807483852048e-02
6.250000000000000130e-05	7.966884211683131559e-03	1.996031535194494472e-02	2.336362465284764697e-02
6.250000000000000130e-05	7.875463189291722135e-03	2.020916326156773496e-02	2.353343931026756833e-02
6.250000000000000130e-05	7.845176818361804250e-03	2.033742700084185603e-02	2.357326042838394503e-02
6.250000000000000130e-05	7.845900038288665043e-03	1.996976289293529022e-02	2.311283408198505640e-02
6.250000000000000130e-05	7.887020446804372809e-03	1.992287860295847285e-02	2.322754715569317480e-02
6.250000000000000130e-05	7.830878309017007613e-03	1.983726981305639070e-02	2.377033606171607971e-02
6.250000000000000130e-05	7.857981121948789602e-03	2.032569788532887292e-02	2.370816187467426200e-02
6.250000000000000130e-05	7.799753620180368413e-03	2.002444692658192360e-02	2.407113264780491590e-02
6.250000000000000130e-05	7.808794034780406831e-03	2.005600305615451440e-02	2.307494499254971604e-02
6.250000000000000130e-05	7.816935628013270410e-03	2.018121750391434557e-02	2.422446939162909915e-02
6.250000000000000130e-05	7.812677266606069329e-03	2.028436491178124343e-02	2.372960948850959609e-02
6.250000000000000130e-05	7.814345619662373815e-03	2.025562462382291679e-02	2.370252907276153634e-02
6.250000000000000130e-05	7.766460069336555798e-03	1.959961314846551950e-02	2.296502690296620131e-02
6.250000000000000130e-05	7.836504106871988035e-03	2.010662411949085474e-02	2.320083880331367393e-02
6.250000000000000130e-05	7.766256809403655238e-03	1.969774615468155091e-02	2.338488411623984575e-02
6.250000000000000130e-05	7.792506083074595205e-03	1.981053942648684091e-02	2.458073196467012306e-02
6.250000000000000130e-05	7.772323952574952330e-03	2.004004698441758797e-02	2.312324070371687273e-02
6.250000000000000130e-05	7.783833667397533490e-03	2.018770559920066154e-02	2.336915892083197763e-02
6.250000000000000130e-05	7.771729462394851365e-03	2.018852572868631845e-02	2.347864001058042049e-02
6.250000000000000130e-05	7.745063842294294155e-03	1.994359207519998123e-02	2.312971723731607060e-02
6.250000000000000130e-05	7.777863944143299443e-03	2.013431781054479328e-02	2.353910573292523553e-02
6.250000000000000130e-05	7.791750402303023425e-03	2.005081909528265427e-02	2.334694478195160558e-02
6.250000000000000130e-05	7.753747465807365839e-03	1.984518112526982223e-02	2.309324145317077567e-02
6.250000000000000130e-05	7.815956809341804284e-03	1.979581943922797960e-02	2.296714216936379671e-02
6.250000000000000130e-05	7.824800984144054256e-03	1.974945293534644680e-02	2.315045008435845375e-02
6.250000000000000130e-05	7.749202507350283486e-03	1.972036620026639681e-02	2.284647021442651887e-02
6.250000000000000130e-05	7.729936589407255393e-03	1.982982086593099852e-02	2.336100756656378508e-02
6.250000000000000130e-05	7.753639694611006404e-03	1.959212985942969040e-02	2.288818506058305433e-02
6.250000000000000130e-05	7.644161056194058099e-03	1.995269282774619554e-02	2.367495736107230048e-02
6.250000000000000130e-05	7.742676942177450193e-03	1.995951114271167851e-02	2.310968171805143426e-02
6.250000000000000130e-05	7.724778755411393014e-03	2.045671034272740496e-02	2.387092770077288081e-02
6.250000000000000130e-05	7.702017734190227082e-03	1.964187827351361604e-02	2.310739865060895681e-02
6.250000000000000130e-05	7.730535155681242387e-03	1.978221403542145332e-02	2.341846686322241952e-02
6.250000000000000130e-05	7.671206768595631442e-03	1.983956146146614516e-02	2.308987677097320418e-02
6.250000000000000130e-05	7.688216299713611888e-03	2.008310405059634748e-02	2.379473051987588544e-02
6.250000000000000130e-05	7.683447766951553848e-03	1.986011446341482203e-02	2.343786961864680052e-02
6.250000000000000130e-05	7.706703040087860626e-03	2.015360457461853882e-02	2.344866592902690103e-02
6.250000000000000130e-05	7.634207995314803291e-03	2.022056398103842453e-02	2.339587893802672763e-02
6.250000000000000130e-05	7.677454484324336935e-03	1.991339550104908804e-02	2.305205618031323095e-02
6.250000000000000130e-05	7.652698191172113175e-03	2.020609863492518754e-02	2.334069984499365091e-02
6.250000000000000130e-05	7.659443001002247051e-03	1.968027026202354146e-02	2.462846226990222931e-02
6.250000000000000130e-05	7.639591144630820604e-03	2.072363057666267924e-02	2.390677512157708337e-02
6.250000000000000130e-05	7.656557880149132862e-03	2.011934265552859161e-02	2.338195447809994151e-02
6.250000000000000130e-05	7.674051734492607670e-03	2.056428457546920566e-02	2.369456714950501919e-02
6.250000000000000130e-05	7.601410238296573731e-03	1.995177948798652554e-02	2.328315379563718895e-02
6.250000000000000130e-05	7.721695776458844911e-03	2.055047529003539014e-02	2.372536158654838662e-02
6.250000000000000130e-05	7.687143382517195450e-03	1.986189445002852980e-02	2.300926602911203961e-02
6.250000000000000130e-05	7.681647011681897418e-03	2.087967245990693388e-02	2.426678622141480515e-02
6.250000000000000130e-05	7.683111311637034167e-03	1.973495937649804091e-02	2.307173556182533572e-02
3.125000000000000065e-05	7.359208269321065345e-03	2.045042620220889618e-02	2.378501601051539321e-02
3.125000000000000065e-05	7.306128842978282939e-03	2.009596454262421381e-02	7.641005127225071469e-02
3.125000000000000065e-05	7.280153270329740509e-03	1.989901608041443754e-02	2.307531677652150531e-02
3.125000000000000065e-05	7.278226563569381753e-03	1.973040820786934116e-02	2.282671160064637592e-02
3.125000000000000065e-05	7.307937276105918104e-03	2.010813844999717950e-02	2.346488593611866305e-02
3.125000000000000065e-05	7.267360334133446224e-03	1.987578072804586926e-02	2.334876863751560519e-02
3.125000000000000065e-05	7.290996983593167960e-03	2.004274358261005917e-02	2.333987492602318525e-02
3.125000000000000065e-05	7.292424038230263181e-03	2.095422107258236230e-02	2.424099359195679496e-02
3.125000000000000065e-05	7.326907877836846307e-03	1.981789180375050433e-02	2.323270584456622531e-02
3.125000000000000065e-05	7.302725512627566626e-03	2.002235659988138572e-02	2.347962588537484338e-02
3.125000000000000065e-05	7.281011098062856873e-03	1.998026999132951689e-02	2.349717216566205025e-02
3.125000000000000065e-05	7.282872151728630658e-03	2.131423683768791585e-02	2.454556454904377460e-02
3.125000000000000065e-05	7.256361226799912419e-03	2.035670606078121558e-02	2.369821278844028850e-02
3.125000000000000065e-05	7.328018188528573340e-03	2.043029612798185138e-02	2.356187016703188350e-02
3.125000000000000065e-05	7.247861681983889040e-03	2.007538636570981722e-02	2.327358596958219866e-02
3.125000000000000065e-05	7.276441096292982948e-03	1.970583168760488280e-02	2.298646983690559933e-02
3.125000000000000065e-05	7.291697931149243410e-03	1.972059084892428815e-02	2.315034628845751355e-02
3.125000000000000065e-05	7.288796695544145880e-03	1.988706185789632444e-02	2.295170822180807660e-02
3.125000000000000065e-05	7.199730626033827748e-03	1.999122371009662974e-02	2.307509707752615144e-02
3.125000000000000065e-05	7.219954233978500419e-03	1.995238059575801109e-02	2.332479804754257133e-02
3.125000000000000065e-05	7.288375460890020308e-03	2.035679892973282085e-02	2.352178947767242720e-02
1.562500000000000033e-05	7.111761403942417140e-03	2.016672587597557326e-02	2.331761901732534031e-02
1.562500000000000033e-05	7.055723551528581342e-03	1.967083424310253625e-02	2.317267616745084455e-02
1.562500000000000033e-05	7.060515484379831230e-03	1.979106121954961675e-02	2.317490354180335929e-02
1.562500000000000033e-05	7.098493891713437455e-03	1.990739469226274205e-02	2.330202036537230154e-02
1.562500000000000033e-05	7.148271598303262281e-03	1.995477170551790760e-02	2.360975509509444237e-02
1.562500000000000033e-05	7.067577869248310718e-03	1.972702553212954749e-02	2.318982647266238858e-02
1.562500000000000033e-05	7.059258376879356395e-03	1.979879629725092918e-02	2.314552124589681556e-02
1.562500000000000033e-05	7.117260217670960502e-03	1.995980821510884295e-02	2.349538265261798958e-02
1.562500000000000033e-05	7.048102014455911828e-03	1.983928297651219724e-02	2.302811483386903862e-02
1.562500000000000033e-05	7.069651102468397195e-03	1.976242028079263843e-02	2.340005780570209026e-02
1.562500000000000033e-05	7.045710402193580690e-03	1.970719377368844449e-02	2.348530387971550087e-02
1.562500000000000033e-05	7.097106814869896980e-03	1.961023992424859932e-02	2.305517529603094001e-02
1.562500000000000033e-05	7.068918914972453262e-03	1.973466293310931902e-02	2.318599966820329358e-02
1.562500000000000033e-05	7.032036102729578506e-03	1.987460122994727518e-02	2.305527211865410209e-02
1.562500000000000033e-05	7.047668158457576042e-03	2.012728723204884954e-02	2.340298006311058998e-02
1.562500000000000033e-05	7.063265039285925202e-03	1.986092692289833164e-02	2.319924656767398050e-02
1.562500000000000033e-05	7.064373415275549718e-03	1.955360760766017975e-02	2.274773549288511276e-02
1.562500000000000033e-05	7.040071561759194026e-03	1.962388995839819267e-02	2.304734918288886547e-02
1.562500000000000033e-05	7.063241081974355740e-03	1.975024267738558284e-02	2.309414285700768163e-02
1.562500000000000033e-05	7.064096611199024295e-03	1.994767226766385251e-02	2.311907093971967558e-02
1.562500000000000033e-05	7.041782210892529037e-03	1.963827664920016897e-02	2.286228693556040595e-02
1.562500000000000033e-05	7.060985932036705284e-03	1.992626937779144389e-02	2.357507883571088175e-02
1.562500000000000033e-05	7.058812337567235695e-03	1.968210218327987732e-02	2.276846204185858230e-02
1.562500000000000033e-05	7.040892960368251921e-03	1.976067580633762699e-02	2.296236462425440411e-02
1.562500000000000033e-05	7.043958959885378984e-03	1.979738043825975818e-02	2.306208815425634523e-02
1.562500000000000033e-05	7.086034409361585164e-03	1.993646300080871223e-02	2.329637373331934144e-02
1.562500000000000033e-05	7.041831407100049116e-03	1.953034800677243277e-02	2.278366966638713936e-02
1.562500000000000033e-05	7.019067674803744494e-03	1.964041462938510840e-02	2.304025127086788485e-02
1.562500000000000033e-05	7.014529281656120552e-03	1.979071645953580511e-02	2.336860357318073372e-02
1.562500000000000033e-05	7.006519223786045365e-03	1.975156608188807783e-02	2.299212829675525288e-02
1.562500000000000033e-05	7.050448726297049371e-03	1.957653327820656902e-02	2.309120122808962922e-02
1.562500000000000033e-05	7.042918981655938403e-03	1.970950733987292605e-02	2.288186535006388883e-02
1.562500000000000033e-05	7.042982260392650733e-03	2.010301338674510413e-02	2.355354614555835863e-02
1.562500000000000033e-05	7.031774977541736110e-03	2.011442414597066838e-02	2.370231719687581132e-02
1.562500000000000033e-05	7.067804271924141638e-03	1.998467351851195006e-02	2.351749318186193566e-02
1.562500000000000033e-05	7.051309514053950844e-03	1.968570047726181729e-02	2.318334178999066283e-02
1.562500000000000033e-05	7.048578892518625634e-03	2.112511915998309051e-02	2.429584125056862692e-02
1.562500000000000033e-05	7.068074664015403137e-03	1.994273249859585331e-02	2.312916321679949622e-02
1.562500000000000033e-05	7.037613750015531307e-03	1.981596785222048546e-02	2.309594673570245643e-02
1.562500000000000033e-05	7.046028965170678809e-03	1.992659742275925891e-02	2.320246072486042976e-02
1.562500000000000033e-05	7.024906604935985885e-03	1.974864899429507395e-02	2.318042602855712245e-02
1.562500000000000033e-05	7.045977807713758000e-03	1.979639838054698259e-02	2.311037348117679288e-02
1.562500000000000033e-05	7.038268419806132867e-03	1.990482706030469867e-02	2.324196801055222750e-02
1.562500000000000033e-05	7.094169479273064807e-03	2.050547505587495267e-02	2.412173985503613879e-02
1.562500000000000033e-05	7.024023224886262289e-03	2.016934464778263533e-02	2.386544302571564843e-02
1.562500000000000033e-05	6.997129747426270550e-03	1.984469488224122058e-02	2.302898105699568987e-02
1.562500000000000033e-05	7.031552355147035853e-03	1.957263619058731419e-02	2.301748879253864150e-02
1.562500000000000033e-05	7.033798846060224444e-03	2.025384333530801800e-02	2.370907887816429277e-02
7.812500000000000163e-06	6.958405327142896946e-03	2.021656124925738304e-02	2.342891367152333260e-02
7.812500000000000163e-06	6.935956861082640153e-03	1.984888347382633006e-02	2.303317862097174068e-02
7.812500000000000163e-06	6.928538984996702836e-03	1.980545661894906814e-02	2.310327833984047313e-02
7.812500000000000163e-06	6.974267975956531009e-03	1.963043258237745156e-02	2.313605619128793547e-02
7.812500000000000163e-06	6.929810353137071458e-03	1.976324509127133644e-02	2.292089031543582608e-02
7.812500000000000163e-06	6.940231837848025165e-03	2.065017987627789514e-02	2.385739574674516916e-02
7.812500000000000163e-06	6.991067236216783227e-03	2.003562572309796133e-02	2.331452697981149097e-02
7.812500000000000163e-06	6.962716927531935676e-03	1.965547770417797740e-02	2.301636755000800033e-02
7.812500000000000163e-06	6.922136858666945447e-03	1.986450759001583480e-02	2.315255550201982329e-02
7.812500000000000163e-06	6.939830024439003035e-03	1.950826476869314818e-02	2.274606239516287903e-02
7.812500000000000163e-06	6.927464821973491373e-03	2.011585662248715003e-02	2.341614416800439497e-02
7.812500000000000163e-06	6.908956292091309424e-03	1.976076109305570372e-02	2.298007516656070878e-02
7.812500000000000163e-06	6.956476742838395462e-03	2.050132799835105088e-02	2.419474038761109183e-02
7.812500000000000163e-06	6.924552393025041816e-03	1.981337998471958961e-02	2.337421462871134420e-02
7.812500000000000163e-06	6.931642961507926241e-03	2.009445622914436680e-02	2.338429419323801925e-02
7.812500000000000163e-06	6.925014348255298033e-03	1.988672238350382496e-02	2.304577715694904397e-02
7.812500000000000163e-06	6.932915755888363618e-03	1.961774231271126018e-02	2.304673122707754512e-02
7.812500000000000163e-06	6.934965916255347168e-03	2.005004464936349998e-02	2.370302150957286427e-02
7.812500000000000163e-06	6.897457523695114251e-03	1.965619597818058992e-02	2.289917203597724438e-02
7.812500000000000163e-06	6.914866671026828268e-03	2.001367583480805068e-02	2.323751763906329801e-02
7.812500000000000163e-06	6.914429374715316649e-03	1.959178852726807876e-02	2.295029326342046261e-02
7.812500000000000163e-06	6.886646587405963020e-03	1.970127563806572599e-02	2.300357904750853846e-02
7.812500000000000163e-06	6.991645124041458853e-03	1.950855407844351297e-02	2.279084154870360951e-02
7.812500000000000163e-06	6.939797047276425115e-03	1.993052198195644636e-02	2.407822536770254374e-02
7.812500000000000163e-06	6.937717614449461292e-03	1.954037588362762465e-02	2.319961902685463428e-02
7.812500000000000163e-06	6.925220258042016734e-03	2.016360077675412310e-02	2.389210965484380583e-02
7.812500000000000163e-06	6.903287088048794089e-03	1.988779146380293544e-02	2.321906110737472634e-02
7.812500000000000163e-06	6.891712904330766012e-03	1.959633007548086323e-02	2.281007363926619222e-02
7.812500000000000163e-06	6.916996360057017096e-03	1.972333367192308229e-02	2.284401401411741833e-02
7.812500000000000163e-06	6.908401575182207197e-03	1.993171677617502566e-02	2.333313734270632198e-02
7.812500000000000163e-06	6.918158676906544478e-03	1.959598734877340473e-02	2.288713138550519874e-02
3.906250000000000081e-06	6.904896300225374720e-03	1.995151011634091476e-02	2.347416651900857687e-02
3.906250000000000081e-06	6.884118994733685881e-03	1.974752133331841852e-02	2.288794042542576651e-02
3.906250000000000081e-06	6.813390926230934730e-03	1.970769945259025560e-02	2.300273925065994193e-02
3.906250000000000081e-06	6.872271980907185447e-03	1.961639963324469590e-02	2.294753408059477945e-02
3.906250000000000081e-06	6.854797215832136165e-03	1.992142909445375823e-02	2.325260920915752511e-02
3.906250000000000081e-06	6.840767020168928361e-03	1.968101550537254205e-02	2.324498349335044761e-02
3.906250000000000081e-06	6.872563473901961879e-03	1.996707024920673160e-02	2.342312282416969538e-02
3.906250000000000081e-06	6.878163627608353814e-03	1.982019823629662530e-02	2.306254291906952719e-02
3.906250000000000081e-06	6.865322628069870509e-03	1.966289170476466508e-02	2.302750733215361972e-02
3.906250000000000081e-06	6.873103764250553666e-03	1.965436185783272713e-02	2.291813599877059321e-02
3.906250000000000081e-06	6.873294126259736452e-03	1.981165803266757286e-02	2.288835591170936684e-02
3.906250000000000081e-06	6.881111329112585794e-03	1.980299671809554810e-02	2.290710404049605201e-02
3.906250000000000081e-06	6.865582549418991487e-03	2.039841158773886623e-02	2.438080371357500414e-02
3.906250000000000081e-06	6.879493306212695371e-03	1.958239651455773167e-02	2.423630421981215477e-02
3.906250000000000081e-06	6.885278651977327045e-03	1.966546923019655072e-02	2.293633411172777553e-02
3.906250000000000081e-06	6.826594726704255864e-03	1.952166996252630363e-02	2.272715677972882847e-02
3.906250000000000081e-06	6.857606126028023552e-03	1.982164670132997852e-02	2.294868789613246918e-02
3.906250000000000081e-06	6.871458693987723618e-03	1.961170141316989288e-02	2.288448386825621059e-02
3.906250000000000081e-06	6.884032814346856440e-03	1.982266265723405668e-02	2.312838179059326787e-02
3.906250000000000081e-06	6.853671106517991024e-03	1.968515417611723869e-02	2.297023602295666933e-02
3.906250000000000081e-06	6.897386802233638169e-03	1.982137336059234395e-02	2.349520709831267457e-02
1.953125000000000041e-06	6.846459564569212612e-03	1.964926847905232657e-02	2.353586314711719751e-02
