1.000000000000000021e-03	7.332754912255685653e-01	5.757859051227569580e-01	5.842972211539745331e-01
1.000000000000000021e-03	4.405304348166984574e-01	8.108526617288589478e-01	7.985712811350822449e-01
1.000000000000000021e-03	3.730484258524979224e-01	6.455456912517547607e-01	6.370293423533439636e-01
1.000000000000000021e-03	3.515490983860402041e-01	4.136287979781627655e-01	4.069227725267410278e-01
1.000000000000000021e-03	3.442798089000242978e-01	8.591712340712547302e-01	8.403450623154640198e-01
1.000000000000000021e-03	3.087589171113847009e-01	2.809390090405941010e-01	2.318897135555744171e-01
1.000000000000000021e-03	2.916986425466175370e-01	2.572461627423763275e-01	2.037449255585670471e-01
1.000000000000000021e-03	2.791153020873854418e-01	4.383188746869564056e-01	3.939401507377624512e-01
1.000000000000000021e-03	2.752686363609531117e-01	3.933585807681083679e-01	3.629057034850120544e-01
1.000000000000000021e-03	2.681999087710923990e-01	2.838666196912527084e-01	2.561006825417280197e-01
1.000000000000000021e-03	2.467208416024340989e-01	3.095440268516540527e-01	2.748933844268321991e-01
1.000000000000000021e-03	2.385531096141549623e-01	2.442374229431152344e-01	2.035699728876352310e-01
1.000000000000000021e-03	2.325038410063031413e-01	2.795753106474876404e-01	2.599344160407781601e-01
1.000000000000000021e-03	2.337954863905906677e-01	2.194793038070201874e-01	1.916428785771131516e-01
1.000000000000000021e-03	2.237266009744209583e-01	2.593150809407234192e-01	2.188004981726408005e-01
1.000000000000000021e-03	2.257085925416101313e-01	4.382296167314052582e-01	4.308081306517124176e-01
1.000000000000000021e-03	2.197504615104651227e-01	2.560722865164279938e-01	2.156973406672477722e-01
1.000000000000000021e-03	2.138221593974511947e-01	3.248317986726760864e-01	2.948644049465656281e-01
1.000000000000000021e-03	2.229582403279558034e-01	1.913483701646327972e-01	1.626015901565551758e-01
1.000000000000000021e-03	2.124133361857148683e-01	2.157703302800655365e-01	1.832142658531665802e-01
1.000000000000000021e-03	2.022971172310129018e-01	3.032034505158662796e-01	2.712748311460018158e-01
1.000000000000000021e-03	2.056450468452671043e-01	3.522169925272464752e-01	3.271332159638404846e-01
1.000000000000000021e-03	1.837702525567404821e-01	1.825158838182687759e-01	1.668273787945508957e-01
1.000000000000000021e-03	1.971355687025227177e-01	4.502302370965480804e-01	4.020997621119022369e-01
1.000000000000000021e-03	1.977005058640166069e-01	2.463616505265235901e-01	2.249718494713306427e-01
1.000000000000000021e-03	1.813264274144474331e-01	2.042904123663902283e-01	1.679385490715503693e-01
1.000000000000000021e-03	1.807672688855400667e-01	1.718027852475643158e-01	1.522495653480291367e-01
1.000000000000000021e-03	1.876221908421455975e-01	2.100278846919536591e-01	1.906303055584430695e-01
1.000000000000000021e-03	1.709611924200118427e-01	2.352438922971487045e-01	1.956922207027673721e-01
1.000000000000000021e-03	1.760751815347731952e-01	2.009382974356412888e-01	1.789690349251031876e-01
1.000000000000000021e-03	1.790357946972303826e-01	1.778398323804140091e-01	1.583590172231197357e-01
1.000000000000000021e-03	1.696534483115884340e-01	2.034135591238737106e-01	1.787565778940916061e-01
1.000000000000000021e-03	1.729582972541640062e-01	1.996278017759323120e-01	1.747373193502426147e-01
1.000000000000000021e-03	1.628139889504336135e-01	2.154331095516681671e-01	1.813150215893983841e-01
1.000000000000000021e-03	1.712100794420966521e-01	1.772216707468032837e-01	1.643353328108787537e-01
1.000000000000000021e-03	1.655505082652538595e-01	2.515390124171972275e-01	2.334077209234237671e-01
1.000000000000000021e-03	1.650631490010249502e-01	2.126884013414382935e-01	1.875482853502035141e-01
1.000000000000000021e-03	1.555241699082942075e-01	1.784443184733390808e-01	1.577517855912446976e-01
1.000000000000000021e-03	1.669444480462919378e-01	3.492005243897438049e-01	3.351092748343944550e-01
1.000000000000000021e-03	1.730686446911172127e-01	1.951625440269708633e-01	1.761980354785919189e-01
1.000000000000000021e-03	1.560866942134084556e-01	1.957000233232975006e-01	1.780486609786748886e-01
1.000000000000000021e-03	1.570284776861154696e-01	1.478535952046513557e-01	1.183371804654598236e-01
1.000000000000000021e-03	1.613312604117997096e-01	2.247341535985469818e-01	2.038842793554067612e-01
1.000000000000000021e-03	1.531558050950871108e-01	1.624479973688721657e-01	1.440412066876888275e-01
1.000000000000000021e-03	1.490175980555860369e-01	1.531673530116677284e-01	1.284729251638054848e-01
1.000000000000000021e-03	1.546307648473148055e-01	2.210267037153244019e-01	1.971894167363643646e-01
1.000000000000000021e-03	1.487223769101915505e-01	2.263339087367057800e-01	2.129008304327726364e-01
1.000000000000000021e-03	1.569571642181541438e-01	2.074940558522939682e-01	1.879003010690212250e-01
1.000000000000000021e-03	1.492683602662026043e-01	1.927910260856151581e-01	1.703514959663152695e-01
1.000000000000000021e-03	1.476167167855214346e-01	1.702512502670288086e-01	1.456045377999544144e-01
1.000000000000000021e-03	1.441781123793577923e-01	1.591902822256088257e-01	1.388006471097469330e-01
1.000000000000000021e-03	1.436931927558741939e-01	2.013242170214653015e-01	1.769196968525648117e-01
1.000000000000000021e-03	1.536730971140197466e-01	2.536997497081756592e-01	2.012263089418411255e-01
1.000000000000000021e-03	1.303485692301883103e-01	1.486930530518293381e-01	1.268644835799932480e-01
1.000000000000000021e-03	1.442704610998117587e-01	2.083487138152122498e-01	1.848412267863750458e-01
1.000000000000000021e-03	1.380545209291615116e-01	1.786637548357248306e-01	1.553291864693164825e-01
1.000000000000000021e-03	1.443544034905071549e-01	1.493396731093525887e-01	1.191636435687541962e-01
1.000000000000000021e-03	1.401161996624137873e-01	1.779881492257118225e-01	1.541061084717512131e-01
1.000000000000000021e-03	1.422089304350599437e-01	1.562214735895395279e-01	1.412892416119575500e-01
1.000000000000000021e-03	1.371108339745787108e-01	1.639089072123169899e-01	1.357005760073661804e-01
1.000000000000000021e-03	1.373959015819090912e-01	1.881011426448822021e-01	1.637503057718276978e-01
1.000000000000000021e-03	1.222385388763645026e-01	1.491269841790199280e-01	1.342160608619451523e-01
1.000000000000000021e-03	1.453409099692030693e-01	1.331693250685930252e-01	1.073051579296588898e-01
1.000000000000000021e-03	1.533373498086687825e-01	1.438304334878921509e-01	1.263360511511564255e-01
1.000000000000000021e-03	1.304302786158610117e-01	2.185434140264987946e-01	2.076441459357738495e-01
1.000000000000000021e-03	1.398950878389274011e-01	1.568844234570860863e-01	1.377100627869367599e-01
1.000000000000000021e-03	1.437584422057187894e-01	1.741755940020084381e-01	1.508361902087926865e-01
1.000000000000000021e-03	1.364876187489002524e-01	1.521834284067153931e-01	1.361319683492183685e-01
1.000000000000000021e-03	1.280458143240288948e-01	1.748716551810503006e-01	1.529120653867721558e-01
1.000000000000000021e-03	1.205043904954874040e-01	1.272255703806877136e-01	1.040644655004143715e-01
1.000000000000000021e-03	1.191027533215812534e-01	1.498687341809272766e-01	1.295325448736548424e-01
1.000000000000000021e-03	1.211643321793290651e-01	1.320052044466137886e-01	1.047172052785754204e-01
1.000000000000000021e-03	1.248419183436073887e-01	1.307187257334589958e-01	1.171059617772698402e-01
1.000000000000000021e-03	1.348935951349101436e-01	1.842343993484973907e-01	1.631765961647033691e-01
1.000000000000000021e-03	1.243553099375736826e-01	1.722127459943294525e-01	1.491251140832901001e-01
1.000000000000000021e-03	1.259525661604313784e-01	2.318933308124542236e-01	2.183461636304855347e-01
1.000000000000000021e-03	1.208677204160750612e-01	1.537106446921825409e-01	1.272028591483831406e-01
1.000000000000000021e-03	1.227828353832039615e-01	2.029679529368877411e-01	1.864942926913499832e-01
1.000000000000000021e-03	1.203444107801099339e-01	1.366285970434546471e-01	1.175004187971353531e-01
1.000000000000000021e-03	1.245301241361642247e-01	1.371148051694035530e-01	1.130869565531611443e-01
1.000000000000000021e-03	1.234757569205911787e-01	1.277124658226966858e-01	1.070174910128116608e-01
1.000000000000000021e-03	1.336675532445122938e-01	1.242419937625527382e-01	1.031626360490918159e-01
1.000000000000000021e-03	1.208946733157846010e-01	1.586337946355342865e-01	1.405579810962080956e-01
1.000000000000000021e-03	1.217835919011997226e-01	1.347899204120039940e-01	1.118370806798338890e-01
1.000000000000000021e-03	1.284014593951309791e-01	1.447923984378576279e-01	1.228514658287167549e-01
1.000000000000000021e-03	1.088062232430977161e-01	1.258540237322449684e-01	1.028137458488345146e-01
1.000000000000000021e-03	1.174650081916700367e-01	1.790184900164604187e-01	1.630530729889869690e-01
1.000000000000000021e-03	1.057361784049227205e-01	1.190358549356460571e-01	9.282424580305814743e-02
1.000000000000000021e-03	1.168215957623493784e-01	1.653204858303070068e-01	1.431535370647907257e-01
1.000000000000000021e-03	1.045444344135024878e-01	1.507247667759656906e-01	1.340668415650725365e-01
1.000000000000000021e-03	1.309294225294378722e-01	1.306165512651205063e-01	1.139343725517392159e-01
1.000000000000000021e-03	1.081247147219844967e-01	1.428465219214558601e-01	1.304972786456346512e-01
1.000000000000000021e-03	1.197794446650939648e-01	1.236150665208697319e-01	9.753910545259714127e-02
1.000000000000000021e-03	1.062809589637231239e-01	1.275375084951519966e-01	1.054579839110374451e-01
1.000000000000000021e-03	1.123849208690697599e-01	1.313123302534222603e-01	1.015843283385038376e-01
1.000000000000000021e-03	1.099399398022060104e-01	1.246912656351923943e-01	1.018491601571440697e-01
1.000000000000000021e-03	1.326951114814492738e-01	1.307413447648286819e-01	1.039949217811226845e-01
1.000000000000000021e-03	1.152563374253767897e-01	1.444929158315062523e-01	1.106283245608210564e-01
1.000000000000000021e-03	1.048468216027640121e-01	1.509854216128587723e-01	1.269951360300183296e-01
1.000000000000000021e-03	1.155670850620239554e-01	1.284126378595829010e-01	1.020616423338651657e-01
1.000000000000000021e-03	1.095509601261796806e-01	1.143627204000949860e-01	9.390844032168388367e-02
1.000000000000000021e-03	1.035331781906417697e-01	1.613658033311367035e-01	1.397788822650909424e-01
1.000000000000000021e-03	1.029288151501854820e-01	1.153739560395479202e-01	9.158388711512088776e-02
1.000000000000000021e-03	1.102583221619642256e-01	1.192452684044837952e-01	9.288232587277889252e-02
1.000000000000000021e-03	1.094360141248642698e-01	1.409632852301001549e-01	1.191078154370188713e-01
1.000000000000000021e-03	9.778740615407123526e-02	1.121230507269501686e-01	8.822300937026739120e-02
1.000000000000000021e-03	1.039896896462651765e-01	1.329673640429973602e-01	1.085835443809628487e-01
1.000000000000000021e-03	9.366815240134167275e-02	1.402499256655573845e-01	1.183068985119462013e-01
1.000000000000000021e-03	1.010138873435273976e-01	1.341103082522749901e-01	1.219391152262687683e-01
1.000000000000000021e-03	1.089948790643034127e-01	1.636031782254576683e-01	1.438551936298608780e-01
1.000000000000000021e-03	1.134577347319337404e-01	1.282549761235713959e-01	1.035481831058859825e-01
1.000000000000000021e-03	1.078270277645014541e-01	1.360067222267389297e-01	1.189428642392158508e-01
1.000000000000000021e-03	1.085001779602298294e-01	1.524042300879955292e-01	1.352477092295885086e-01
1.000000000000000021e-03	1.007240610786631074e-01	2.013485543429851532e-01	1.876791883260011673e-01
1.000000000000000021e-03	1.084179273228856599e-01	1.133173052221536636e-01	9.664787258952856064e-02
1.000000000000000021e-03	9.825695994534069944e-02	1.545516811311244965e-01	1.367711881175637245e-01
1.000000000000000021e-03	1.110743472847757485e-01	1.382133783772587776e-01	1.109313629567623138e-01
1.000000000000000021e-03	1.093576421748988226e-01	1.775444149971008301e-01	1.600863896310329437e-01
1.000000000000000021e-03	1.089394326451458561e-01	1.292167175561189651e-01	1.052503557875752449e-01
1.000000000000000021e-03	9.328380288391173447e-02	1.135370917618274689e-01	9.455235674977302551e-02
1.000000000000000021e-03	9.623452865436107895e-02	1.864417381584644318e-01	1.689339447766542435e-01
1.000000000000000021e-03	9.597225595690027367e-02	1.065475828945636749e-01	8.840810786932706833e-02
1.000000000000000021e-03	9.688287129319167468e-02	1.490641888231039047e-01	1.362139470875263214e-01
1.000000000000000021e-03	1.050388761619223815e-01	1.435760362073779106e-01	1.287474809214472771e-01
1.000000000000000021e-03	1.080690823212454577e-01	1.144078131765127182e-01	1.015484509989619255e-01
1.000000000000000021e-03	9.719069745344451061e-02	1.265987018123269081e-01	1.041150027886033058e-01
1.000000000000000021e-03	9.096972997995871058e-02	1.132460739463567734e-01	1.005392111837863922e-01
1.000000000000000021e-03	9.155483194921590351e-02	1.627646144479513168e-01	1.457489747554063797e-01
1.000000000000000021e-03	9.382029754828803692e-02	1.091869873926043510e-01	8.029875066131353378e-02
1.000000000000000021e-03	1.010537358307385808e-01	2.546355128288269043e-01	2.424205597490072250e-01
1.000000000000000021e-03	9.463935208660137488e-02	1.045922571793198586e-01	8.782267104834318161e-02
1.000000000000000021e-03	8.808542448508588363e-02	1.755974665284156799e-01	1.586412414908409119e-01
1.000000000000000021e-03	1.021962714251838100e-01	1.195473587140440941e-01	9.758674167096614838e-02
1.000000000000000021e-03	9.092584662610971036e-02	1.272659245878458023e-01	1.026848554611206055e-01
1.000000000000000021e-03	1.029314955672885751e-01	1.228534691035747528e-01	1.081951642408967018e-01
1.000000000000000021e-03	8.919128940641125880e-02	1.155241494998335838e-01	9.360846783965826035e-02
1.000000000000000021e-03	7.873042262619055209e-02	1.170965731143951416e-01	8.981829322874546051e-02
1.000000000000000021e-03	9.075644848090183570e-02	1.235471358522772789e-01	9.908358938992023468e-02
1.000000000000000021e-03	9.074644117227083362e-02	1.051848828792572021e-01	9.019716829061508179e-02
1.000000000000000021e-03	8.435905611590494013e-02	1.111631179228425026e-01	8.480791281908750534e-02
1.000000000000000021e-03	8.414271530471270633e-02	1.075335731729865074e-01	8.104821760207414627e-02
1.000000000000000021e-03	9.048468676171725344e-02	1.274333307519555092e-01	1.018383055925369263e-01
1.000000000000000021e-03	8.479278138543985821e-02	1.139545189216732979e-01	8.845901582390069962e-02
1.000000000000000021e-03	9.406654230212863066e-02	1.084227021783590317e-01	9.142977464944124222e-02
1.000000000000000021e-03	9.887601850153523997e-02	1.167525406926870346e-01	9.024927951395511627e-02
1.000000000000000021e-03	7.970794323313085128e-02	1.040166430175304413e-01	7.456594333052635193e-02
1.000000000000000021e-03	8.824932825150369475e-02	1.227436112239956856e-01	9.875454660505056381e-02
1.000000000000000021e-03	7.798664285978183786e-02	1.111754244193434715e-01	8.611444011330604553e-02
1.000000000000000021e-03	9.082486768123469723e-02	1.510057374835014343e-01	1.368291629478335381e-01
1.000000000000000021e-03	8.532232894927641031e-02	1.092690974473953247e-01	9.224327281117439270e-02
1.000000000000000021e-03	9.317687351869631540e-02	1.554491445422172546e-01	1.326496228575706482e-01
1.000000000000000021e-03	9.331244503772712084e-02	1.280502323061227798e-01	9.697585087269544601e-02
1.000000000000000021e-03	8.130662949590743149e-02	9.275561477988958359e-02	7.739310991019010544e-02
1.000000000000000021e-03	7.862429080318801555e-02	1.085890913382172585e-01	8.290174882858991623e-02
1.000000000000000021e-03	8.336970832528947661e-02	1.142059760168194771e-01	8.728222176432609558e-02
1.000000000000000021e-03	8.653388554348220851e-02	1.121528549119830132e-01	8.208979200571775436e-02
1.000000000000000021e-03	8.133992529179476239e-02	1.172656305134296417e-01	9.990013111382722855e-02
1.000000000000000021e-03	7.673872441430634739e-02	1.920790132135152817e-01	1.729326248168945312e-01
1.000000000000000021e-03	8.170646410199659815e-02	1.072555454447865486e-01	9.811337478458881378e-02
1.000000000000000021e-03	7.569221520348440313e-02	1.216437928378582001e-01	9.833173826336860657e-02
1.000000000000000021e-03	7.713563348862188807e-02	1.072452450171113014e-01	8.177324570715427399e-02
1.000000000000000021e-03	8.218274001456514488e-02	1.096612121909856796e-01	8.921023365110158920e-02
1.000000000000000021e-03	7.112909363040441357e-02	1.232246020808815956e-01	1.056711338460445404e-01
1.000000000000000021e-03	7.304714275877687013e-02	1.360214808955788612e-01	1.118743848055601120e-01
1.000000000000000021e-03	8.528673318745214060e-02	1.319200126454234123e-01	1.136182695627212524e-01
1.000000000000000021e-03	7.657412614060353506e-02	1.113904230296611786e-01	8.723844308406114578e-02
1.000000000000000021e-03	7.700254419181920551e-02	1.468848604708909988e-01	1.224084738641977310e-01
1.000000000000000021e-03	7.473432970575139001e-02	1.125679677352309227e-01	8.349680900573730469e-02
1.000000000000000021e-03	7.229601148563095936e-02	1.369301006197929382e-01	1.093606492504477501e-01
1.000000000000000021e-03	8.084481247240983548e-02	1.097335442900657654e-01	7.573526725172996521e-02
1.000000000000000021e-03	8.244379656978800819e-02	1.175074717029929161e-01	1.017614286392927170e-01
1.000000000000000021e-03	7.500645758796341267e-02	9.827887173742055893e-02	7.490374986082315445e-02
1.000000000000000021e-03	6.883385768042335484e-02	1.054571811109781265e-01	8.288778550922870636e-02
1.000000000000000021e-03	7.238212482461446606e-02	1.182388281449675560e-01	9.682269860059022903e-02
5.000000000000000104e-04	6.428090350914604512e-02	1.046926220878958702e-01	8.266995940357446671e-02
5.000000000000000104e-04	6.079592522752436112e-02	9.079159144312143326e-02	7.086343457922339439e-02
5.000000000000000104e-04	5.601632293266586154e-02	1.114887576550245285e-01	9.254196099936962128e-02
5.000000000000000104e-04	5.732298736708073966e-02	1.015110174193978310e-01	7.321141567081212997e-02
5.000000000000000104e-04	5.608977551890324820e-02	1.030151238664984703e-01	8.403009455651044846e-02
5.000000000000000104e-04	5.951034494593173546e-02	8.904786128550767899e-02	6.616479158401489258e-02
5.000000000000000104e-04	5.426604428057429236e-02	9.137649461627006531e-02	7.244383031502366066e-02
5.000000000000000104e-04	5.646810369401038254e-02	1.074024243280291557e-01	8.741689007729291916e-02
5.000000000000000104e-04	5.310601576031008519e-02	9.090793319046497345e-02	6.867642886936664581e-02
5.000000000000000104e-04	5.858555808663368225e-02	9.986792411655187607e-02	7.798111392185091972e-02
5.000000000000000104e-04	5.232470232663275628e-02	1.055675456300377846e-01	8.426981233060359955e-02
5.000000000000000104e-04	5.758620654763300234e-02	9.164822380989789963e-02	6.881409930065274239e-02
5.000000000000000104e-04	5.680598207761215074e-02	9.666561149060726166e-02	7.071048766374588013e-02
5.000000000000000104e-04	5.668452344363248546e-02	8.981351647526025772e-02	6.850407458841800690e-02
5.000000000000000104e-04	4.826099694341044050e-02	1.138474801555275917e-01	9.140194859355688095e-02
5.000000000000000104e-04	5.545479759479625403e-02	9.294961392879486084e-02	6.897143647074699402e-02
5.000000000000000104e-04	5.073036083692236686e-02	9.990109875798225403e-02	8.293563872575759888e-02
5.000000000000000104e-04	5.369217851776865447e-02	9.520442411303520203e-02	7.236506044864654541e-02
5.000000000000000104e-04	5.557492783269549902e-02	9.452494513243436813e-02	6.959813740104436874e-02
5.000000000000000104e-04	5.671111633411691361e-02	8.873329125344753265e-02	6.868242379277944565e-02
5.000000000000000104e-04	5.381968596219262324e-02	9.989330358803272247e-02	7.627161592245101929e-02
5.000000000000000104e-04	5.913766039700447952e-02	9.862353513017296791e-02	7.333392836153507233e-02
5.000000000000000104e-04	5.405253544449806213e-02	9.909995645284652710e-02	7.775757275521755219e-02
5.000000000000000104e-04	5.090923576698273140e-02	9.732065908610820770e-02	7.374427281320095062e-02
5.000000000000000104e-04	5.540311400177357765e-02	9.699488710612058640e-02	7.029917370527982712e-02
5.000000000000000104e-04	5.379797322557696576e-02	1.095196213573217392e-01	8.590859360992908478e-02
5.000000000000000104e-04	5.032939430844934892e-02	1.013899482786655426e-01	7.611075602471828461e-02
5.000000000000000104e-04	5.377442427451097767e-02	9.204964665696024895e-02	6.728968070819973946e-02
5.000000000000000104e-04	5.042212704031527604e-02	9.124462120234966278e-02	6.819898821413516998e-02
5.000000000000000104e-04	5.531668502695952921e-02	9.334824699908494949e-02	7.295263744890689850e-02
5.000000000000000104e-04	4.932518128918696176e-02	9.720104467123746872e-02	7.448097318410873413e-02
5.000000000000000104e-04	4.894884963390193355e-02	9.397215768694877625e-02	6.861701561138033867e-02
5.000000000000000104e-04	5.037659439670888473e-02	9.309657523408532143e-02	7.033642102032899857e-02
5.000000000000000104e-04	5.084556798580326664e-02	1.088274866342544556e-01	8.384298812597990036e-02
5.000000000000000104e-04	4.959636002401762028e-02	9.460949245840311050e-02	7.264976762235164642e-02
5.000000000000000104e-04	4.997601716107205605e-02	9.858433017507195473e-02	7.115120720118284225e-02
5.000000000000000104e-04	4.943817441316344929e-02	8.993292273953557014e-02	6.890959804877638817e-02
5.000000000000000104e-04	5.219289771269394057e-02	9.066087380051612854e-02	7.083914009854197502e-02
5.000000000000000104e-04	4.766298745629153621e-02	9.451232384890317917e-02	6.865511601790785789e-02
5.000000000000000104e-04	5.272047893627535009e-02	1.000885432586073875e-01	7.326751016080379486e-02
5.000000000000000104e-04	4.835398073154914544e-02	8.725574146956205368e-02	6.764539610594511032e-02
5.000000000000000104e-04	5.299063045767288954e-02	9.978160448372364044e-02	7.365002389997243881e-02
5.000000000000000104e-04	5.173596619522270040e-02	9.112202096730470657e-02	6.991324946284294128e-02
5.000000000000000104e-04	5.002685395788542683e-02	9.904776513576507568e-02	6.897875294089317322e-02
5.000000000000000104e-04	4.745162778262850684e-02	1.005579829216003418e-01	7.864237669855356216e-02
5.000000000000000104e-04	4.761101454024827678e-02	1.086985366418957710e-01	8.357784245163202286e-02
5.000000000000000104e-04	5.383573295666447406e-02	1.037155892699956894e-01	8.858988806605339050e-02
5.000000000000000104e-04	5.642045277489136923e-02	9.910490736365318298e-02	7.914195582270622253e-02
5.000000000000000104e-04	4.539570983357821971e-02	9.222541749477386475e-02	6.995005160570144653e-02
5.000000000000000104e-04	4.840625431152838914e-02	1.104796240106225014e-01	8.578804228454828262e-02
5.000000000000000104e-04	5.307828844819642566e-02	8.857039548456668854e-02	6.651524873450398445e-02
5.000000000000000104e-04	5.022170114083380349e-02	1.012080870568752289e-01	7.813543919473886490e-02
5.000000000000000104e-04	5.041404839463626414e-02	9.055937407538294792e-02	6.759585440158843994e-02
5.000000000000000104e-04	5.160536826882936023e-02	9.523544739931821823e-02	6.930232932791113853e-02
5.000000000000000104e-04	4.873281455586982863e-02	9.480540547519922256e-02	7.724172901362180710e-02
5.000000000000000104e-04	5.210958557981479333e-02	8.817787887528538704e-02	6.532466039061546326e-02
5.000000000000000104e-04	4.346040202469765579e-02	8.596500940620899200e-02	6.967340735718607903e-02
5.000000000000000104e-04	4.522348405156709217e-02	9.648988209664821625e-02	7.146057626232504845e-02
5.000000000000000104e-04	4.972641059209274156e-02	9.560285322368144989e-02	7.614280842244625092e-02
5.000000000000000104e-04	4.427938413205025764e-02	9.593500196933746338e-02	7.211637962609529495e-02
5.000000000000000104e-04	4.889732203151606060e-02	1.310500362887978554e-01	1.049860753118991852e-01
5.000000000000000104e-04	5.113418150363089471e-02	1.001661121845245361e-01	7.569665741175413132e-02
5.000000000000000104e-04	5.212023498231097007e-02	9.204865666106343269e-02	6.982361571863293648e-02
5.000000000000000104e-04	4.820304760072804950e-02	9.493736689910292625e-02	6.899191858246922493e-02
5.000000000000000104e-04	4.986250256718714052e-02	9.423362277448177338e-02	7.091527199372649193e-02
5.000000000000000104e-04	4.903398758342748798e-02	8.852681703865528107e-02	6.461718771606683731e-02
5.000000000000000104e-04	5.024449270265766293e-02	1.044830568134784698e-01	7.971124444156885147e-02
5.000000000000000104e-04	5.096167865904826372e-02	9.252918791025876999e-02	6.810943502932786942e-02
5.000000000000000104e-04	5.019230296528792018e-02	9.795335307717323303e-02	7.486788742244243622e-02
5.000000000000000104e-04	4.614860675285888808e-02	8.707280643284320831e-02	6.523457169532775879e-02
5.000000000000000104e-04	4.227529409565503049e-02	8.553636027500033379e-02	6.769503280520439148e-02
5.000000000000000104e-04	5.179214444530161332e-02	9.803609922528266907e-02	7.212205603718757629e-02
5.000000000000000104e-04	4.972626596594913184e-02	9.248148743063211441e-02	6.767773441970348358e-02
5.000000000000000104e-04	5.750623618877386684e-02	9.612698014825582504e-02	7.063773786649107933e-02
5.000000000000000104e-04	5.260806306725061138e-02	9.056523442268371582e-02	6.471600104123353958e-02
5.000000000000000104e-04	4.553474379774136160e-02	1.005091490224003792e-01	7.658395729959011078e-02
5.000000000000000104e-04	4.369070215881624974e-02	8.940568566322326660e-02	6.696434598416090012e-02
5.000000000000000104e-04	4.997090792542771553e-02	9.360390342772006989e-02	6.811063969507813454e-02
5.000000000000000104e-04	4.726024078134494211e-02	9.883307432755827904e-02	6.853054277598857880e-02
5.000000000000000104e-04	4.430317058216167586e-02	9.648779779672622681e-02	7.598513457924127579e-02
5.000000000000000104e-04	5.201821439439737599e-02	9.023278392851352692e-02	7.253058720380067825e-02
5.000000000000000104e-04	5.235792368744747460e-02	8.873550174757838249e-02	6.506802421063184738e-02
5.000000000000000104e-04	4.821007510152044290e-02	9.091870579868555069e-02	7.357306452468037605e-02
5.000000000000000104e-04	4.716549071047124869e-02	9.294496756047010422e-02	7.081120461225509644e-02
5.000000000000000104e-04	4.397719200181809951e-02	9.811454359441995621e-02	7.308337092399597168e-02
5.000000000000000104e-04	5.081284329106536268e-02	8.868682244792580605e-02	6.481012888252735138e-02
5.000000000000000104e-04	4.531946905617472571e-02	8.557319641113281250e-02	6.412444962188601494e-02
5.000000000000000104e-04	4.401605241472208302e-02	9.123714733868837357e-02	6.450869143009185791e-02
5.000000000000000104e-04	4.833578617795358801e-02	9.009366109967231750e-02	6.908302288502454758e-02
5.000000000000000104e-04	4.767982621641853047e-02	9.211960341781377792e-02	6.734248250722885132e-02
5.000000000000000104e-04	4.359618282016319846e-02	1.268983772024512291e-01	9.704553242772817612e-02
5.000000000000000104e-04	4.202793852154967230e-02	9.553865762427449226e-02	6.938928645104169846e-02
2.500000000000000052e-04	3.948449223196204977e-02	9.006247296929359436e-02	6.436687568202614784e-02
2.500000000000000052e-04	3.531865662411798334e-02	9.046954102814197540e-02	6.183287268504500389e-02
2.500000000000000052e-04	3.847806947895242996e-02	9.481814689934253693e-02	7.068898947909474373e-02
2.500000000000000052e-04	3.448568890460684128e-02	9.482596348971128464e-02	7.226147409528493881e-02
2.500000000000000052e-04	3.875884922999370263e-02	9.113375190645456314e-02	6.392611283808946609e-02
2.500000000000000052e-04	3.546464009375512039e-02	8.839970780536532402e-02	6.388363754376769066e-02
2.500000000000000052e-04	3.679468204514890067e-02	8.736731391400098801e-02	6.568541051819920540e-02
2.500000000000000052e-04	3.824791670600070220e-02	8.520114608108997345e-02	6.189825991168618202e-02
2.500000000000000052e-04	3.476896688719339351e-02	8.653337927535176277e-02	6.415923032909631729e-02
2.500000000000000052e-04	3.485403589527063389e-02	8.638738794252276421e-02	6.231852713972330093e-02
2.500000000000000052e-04	3.545794666662246269e-02	9.172318689525127411e-02	6.813713815063238144e-02
2.500000000000000052e-04	3.499162244268610306e-02	8.564688265323638916e-02	6.149241095408797264e-02
2.500000000000000052e-04	3.497831209833863336e-02	8.908728417009115219e-02	6.475133541971445084e-02
2.500000000000000052e-04	3.339988431787189321e-02	8.974687987938523293e-02	6.565698375925421715e-02
2.500000000000000052e-04	3.433807938112110741e-02	8.507284801453351974e-02	6.230834778398275375e-02
2.500000000000000052e-04	3.475579018174092955e-02	9.534127078950405121e-02	7.371575012803077698e-02
2.500000000000000052e-04	3.573191234299653851e-02	8.881682204082608223e-02	6.345781637355685234e-02
2.500000000000000052e-04	3.756449145229556752e-02	8.922983054071664810e-02	6.333518400788307190e-02
2.500000000000000052e-04	3.464306050416412347e-02	9.489029552787542343e-02	6.714386353269219398e-02
2.500000000000000052e-04	4.045512376329566534e-02	9.058406762778759003e-02	6.469341088086366653e-02
2.500000000000000052e-04	3.479050585552107000e-02	9.224512334913015366e-02	6.670109694823622704e-02
2.500000000000000052e-04	3.511815888312044137e-02	9.801285341382026672e-02	6.948244385421276093e-02
2.500000000000000052e-04	3.823392753359637630e-02	9.467515628784894943e-02	6.679657846689224243e-02
2.500000000000000052e-04	3.761062120335011832e-02	8.848323486745357513e-02	6.758270552381873131e-02
2.500000000000000052e-04	3.778276165735117847e-02	8.809620793908834457e-02	6.146299466490745544e-02
2.500000000000000052e-04	3.454889997226905096e-02	8.891113102436065674e-02	6.357642821967601776e-02
2.500000000000000052e-04	3.303326514278408926e-02	8.748194668442010880e-02	6.225972715765237808e-02
2.500000000000000052e-04	3.371062257055994910e-02	9.604653343558311462e-02	7.021791860461235046e-02
2.500000000000000052e-04	3.278327877102773374e-02	8.710874570533633232e-02	6.437930697575211525e-02
2.500000000000000052e-04	3.750894779834566123e-02	9.410251490771770477e-02	7.006499078124761581e-02
2.500000000000000052e-04	3.858115535842467081e-02	8.901024702936410904e-02	6.761241331696510315e-02
2.500000000000000052e-04	3.501779972752438325e-02	8.645908907055854797e-02	6.333239004015922546e-02
2.500000000000000052e-04	3.404460255575331162e-02	8.714655833318829536e-02	6.179003883153200150e-02
2.500000000000000052e-04	3.310810706189161456e-02	9.049634449183940887e-02	6.564680999144911766e-02
2.500000000000000052e-04	3.456679535911807294e-02	9.425044339150190353e-02	6.940251262858510017e-02
2.500000000000000052e-04	3.381378903890712440e-02	8.721688855439424515e-02	6.513579003512859344e-02
1.250000000000000026e-04	3.115785690142383949e-02	8.544687787070870399e-02	5.977767845615744591e-02
1.250000000000000026e-04	2.829064092822844434e-02	8.526097284629940987e-02	6.053722277283668518e-02
1.250000000000000026e-04	3.223822258790082912e-02	8.498414745554327965e-02	6.090794550254940987e-02
1.250000000000000026e-04	2.933462309544976679e-02	8.613865077495574951e-02	6.143603194504976273e-02
1.250000000000000026e-04	2.932549041660525990e-02	8.425069367513060570e-02	5.941542889922857285e-02
1.250000000000000026e-04	3.036770698484740627e-02	8.449413487687706947e-02	6.009023310616612434e-02
1.250000000000000026e-04	2.994749629044834646e-02	8.571446593850851059e-02	6.086984183639287949e-02
1.250000000000000026e-04	3.208182742701300855e-02	9.906224254518747330e-02	7.007288280874490738e-02
1.250000000000000026e-04	2.983741441010674331e-02	8.497293526306748390e-02	6.023643445223569870e-02
1.250000000000000026e-04	3.019797483671315258e-02	8.666237443685531616e-02	6.157336663454771042e-02
1.250000000000000026e-04	3.196040560974727773e-02	9.693177044391632080e-02	6.914135208353400230e-02
1.250000000000000026e-04	2.895270629868477302e-02	8.896810095757246017e-02	6.103032687678933144e-02
1.250000000000000026e-04	2.963595850322442785e-02	8.652396313846111298e-02	6.287184916436672211e-02
1.250000000000000026e-04	3.029286747067412230e-02	8.376329531893134117e-02	6.175985746085643768e-02
1.250000000000000026e-04	2.835667993920513302e-02	8.689149469137191772e-02	6.167590199038386345e-02
1.250000000000000026e-04	3.246720671606592029e-02	8.564279880374670029e-02	6.237633107230067253e-02
1.250000000000000026e-04	2.955006549865761903e-02	8.261733409017324448e-02	5.991187551990151405e-02
1.250000000000000026e-04	2.776039693551727444e-02	9.136127168312668800e-02	6.114660436287522316e-02
1.250000000000000026e-04	3.104335538854327212e-02	8.495426224544644356e-02	6.170032452791929245e-02
1.250000000000000026e-04	3.303065781681975566e-02	8.336114604026079178e-02	6.001847283914685249e-02
1.250000000000000026e-04	2.900557165753237659e-02	8.785225171595811844e-02	6.081024976447224617e-02
1.250000000000000026e-04	3.033045150009514371e-02	8.267349004745483398e-02	6.062339479103684425e-02
1.250000000000000026e-04	3.034484683524204043e-02	8.658655919134616852e-02	6.139397108927369118e-02
1.250000000000000026e-04	2.924355092352326838e-02	8.903199899941682816e-02	6.493306765332818031e-02
1.250000000000000026e-04	2.861117742531284550e-02	8.564890827983617783e-02	6.016969354823231697e-02
1.250000000000000026e-04	2.731396189501768268e-02	8.709373511373996735e-02	6.227157404646277428e-02
1.250000000000000026e-04	2.977197142200002297e-02	8.614604547619819641e-02	6.108128372579813004e-02
1.250000000000000026e-04	2.804233929543178266e-02	8.249905146658420563e-02	6.255275895819067955e-02
1.250000000000000026e-04	2.919690464210661016e-02	8.514705952256917953e-02	6.147896638140082359e-02
1.250000000000000026e-04	2.788235415716337415e-02	8.582993596792221069e-02	6.147031532600522041e-02
1.250000000000000026e-04	2.994938568459658626e-02	8.589807339012622833e-02	6.200367398560047150e-02
1.250000000000000026e-04	3.042927771052227753e-02	8.912118524312973022e-02	6.318925693631172180e-02
1.250000000000000026e-04	2.735561376461122587e-02	8.560886047780513763e-02	6.138846743851900101e-02
1.250000000000000026e-04	2.999731143818626031e-02	8.582865633070468903e-02	6.089762737974524498e-02
1.250000000000000026e-04	3.229355415965937115e-02	8.478539111092686653e-02	6.116811698302626610e-02
1.250000000000000026e-04	2.961884956523964593e-02	8.465240849182009697e-02	6.158889085054397583e-02
1.250000000000000026e-04	2.875570247916481303e-02	8.620016090571880341e-02	6.256486754864454269e-02
1.250000000000000026e-04	2.762880328382495004e-02	8.986308705061674118e-02	6.666903803125023842e-02
1.250000000000000026e-04	2.815615021493993175e-02	8.405841421335935593e-02	6.172536592930555344e-02
1.250000000000000026e-04	2.924339731424292418e-02	9.029883146286010742e-02	6.678555812686681747e-02
1.250000000000000026e-04	3.211086915357957983e-02	9.061952540650963783e-02	6.362410215660929680e-02
1.250000000000000026e-04	2.648423168855377346e-02	8.555165026336908340e-02	6.224807538092136383e-02
1.250000000000000026e-04	3.127336922938687980e-02	9.209317667409777641e-02	6.568389432504773140e-02
1.250000000000000026e-04	3.018938073346132123e-02	8.568770810961723328e-02	6.137346476316452026e-02
1.250000000000000026e-04	3.022931133031468015e-02	8.557813568040728569e-02	6.297326600179076195e-02
1.250000000000000026e-04	2.966810810037806209e-02	8.620518352836370468e-02	6.082661682739853859e-02
1.250000000000000026e-04	2.800505265263439694e-02	8.657017908990383148e-02	6.171935005113482475e-02
1.250000000000000026e-04	2.751835947266862217e-02	8.637320995330810547e-02	6.135917827486991882e-02
1.250000000000000026e-04	3.012541189931238622e-02	8.643995784223079681e-02	6.153786927461624146e-02
6.250000000000000130e-05	2.492375261610067436e-02	8.751901565119624138e-02	6.002943683415651321e-02
6.250000000000000130e-05	2.809697383708214397e-02	8.742640726268291473e-02	6.290202587842941284e-02
6.250000000000000130e-05	2.678586727691979405e-02	8.419876033440232277e-02	6.133689591661095619e-02
6.250000000000000130e-05	2.468188828493975487e-02	8.512750547379255295e-02	6.062288256362080574e-02
6.250000000000000130e-05	2.645085286349058151e-02	8.624501712620258331e-02	6.097467569634318352e-02
6.250000000000000130e-05	2.482112926207011294e-02	8.488365309312939644e-02	6.089936336502432823e-02
6.250000000000000130e-05	2.620214299310611936e-02	8.308031084015965462e-02	6.017698906362056732e-02
6.250000000000000130e-05	2.592416751328148472e-02	8.381423354148864746e-02	5.909725278615951538e-02
6.250000000000000130e-05	2.544723947449952645e-02	8.356913598254323006e-02	5.973321711644530296e-02
6.250000000000000130e-05	2.361106106280526015e-02	8.747442858293652534e-02	6.118717417120933533e-02
6.250000000000000130e-05	2.607382863429905454e-02	8.532228041440248489e-02	6.045480445027351379e-02
6.250000000000000130e-05	2.572428258253803626e-02	8.438608422875404358e-02	5.991094605997204781e-02
6.250000000000000130e-05	2.503524161875247955e-02	8.739807270467281342e-02	6.303093722090125084e-02
6.250000000000000130e-05	2.600979029283493477e-02	8.359160088002681732e-02	6.029684469103813171e-02
6.250000000000000130e-05	2.508735042536937646e-02	8.280903240665793419e-02	6.026560068130493164e-02
6.250000000000000130e-05	2.462096722159958992e-02	8.634561020880937576e-02	6.135266460478305817e-02
6.250000000000000130e-05	2.542750895777835113e-02	8.439385425299406052e-02	6.002750108018517494e-02
6.250000000000000130e-05	2.554053801430176962e-02	8.622391615062952042e-02	6.158081162720918655e-02
6.250000000000000130e-05	2.471504863823139123e-02	8.542029606178402901e-02	6.018627341836690903e-02
6.250000000000000130e-05	2.654437612317785480e-02	8.374255383387207985e-02	6.093697296455502510e-02
6.250000000000000130e-05	2.425785492398316312e-02	8.539722906425595284e-02	6.081872060894966125e-02
3.125000000000000065e-05	2.526625810497546559e-02	8.440949069336056709e-02	5.973809864372014999e-02
3.125000000000000065e-05	2.330480070336710119e-02	8.349190419539809227e-02	6.040460569784045219e-02
3.125000000000000065e-05	2.453039151533872170e-02	8.596681896597146988e-02	6.147956475615501404e-02
3.125000000000000065e-05	2.707155077140542543e-02	9.701080527156591415e-02	6.978260539472103119e-02
3.125000000000000065e-05	2.568836218995761145e-02	8.576125930994749069e-02	6.042828969657421112e-02
3.125000000000000065e-05	2.403879452119522461e-02	8.730721939355134964e-02	6.215971522033214569e-02
3.125000000000000065e-05	2.356381813370728856e-02	8.420287445187568665e-02	5.997704854235053062e-02
3.125000000000000065e-05	2.484044458575641184e-02	8.526181429624557495e-02	6.096482975408434868e-02
3.125000000000000065e-05	2.703062002841807518e-02	9.583113249391317368e-02	6.728336028754711151e-02
3.125000000000000065e-05	2.433265989669893339e-02	8.640400972217321396e-02	6.210475135594606400e-02
3.125000000000000065e-05	2.367918090776929482e-02	8.795452862977981567e-02	6.113625410944223404e-02
3.125000000000000065e-05	2.434397198825697523e-02	8.482299000024795532e-02	6.083106342703104019e-02
3.125000000000000065e-05	2.322933313590061846e-02	8.442618511617183685e-02	5.960356257855892181e-02
3.125000000000000065e-05	2.904675004980232164e-02	9.760937653481960297e-02	6.679892120882868767e-02
3.125000000000000065e-05	2.451737602300281885e-02	8.796115685254335403e-02	6.067359214648604393e-02
3.125000000000000065e-05	2.463055663753914090e-02	8.446054719388484955e-02	6.034247204661369324e-02
3.125000000000000065e-05	2.406091492953179797e-02	8.432626863941550255e-02	6.037808395922183990e-02
3.125000000000000065e-05	2.265114703840469951e-02	8.561487216502428055e-02	6.206216476857662201e-02
3.125000000000000065e-05	2.400182661470733059e-02	8.352455543354153633e-02	6.048420025035738945e-02
3.125000000000000065e-05	2.292979971941890710e-02	8.362414315342903137e-02	5.976428836584091187e-02
3.125000000000000065e-05	2.602020982369969079e-02	8.385222312062978745e-02	6.031050439924001694e-02
1.562500000000000033e-05	2.348469708209173501e-02	8.477973984554409981e-02	6.080867489799857140e-02
1.562500000000000033e-05	2.413312708841094598e-02	8.422744460403919220e-02	6.008873740211129189e-02
1.562500000000000033e-05	2.235978251158059552e-02	8.421124378219246864e-02	5.994600476697087288e-02
1.562500000000000033e-05	2.430798166396119786e-02	8.565729670226573944e-02	6.124767847359180450e-02
1.562500000000000033e-05	2.354203237668622828e-02	8.475049817934632301e-02	6.028467090800404549e-02
1.562500000000000033e-05	2.367816106239451629e-02	8.329485775902867317e-02	5.966212134808301926e-02
1.562500000000000033e-05	2.349976504433758800e-02	8.415385149419307709e-02	6.095684412866830826e-02
