1.000000000000000021e-03	2.921816896584368273e-01	1.811897244440947574e-01	1.704779729247093145e-01
1.000000000000000021e-03	1.832365186808066204e-01	1.461256460057503148e-01	1.350294547155499458e-01
1.000000000000000021e-03	1.566203480901726397e-01	1.417306651463683398e-01	1.324372325092554037e-01
1.000000000000000021e-03	1.427905640156897360e-01	1.177911850482381423e-01	1.082580851390957805e-01
1.000000000000000021e-03	1.343787205950023877e-01	9.831032373440203032e-02	8.741049338132142466e-02
1.000000000000000021e-03	1.249378220334761841e-01	1.191059645479886353e-01	1.163427978754043579e-01
1.000000000000000021e-03	1.144460011414485667e-01	9.419773056791090615e-02	8.566330252215266505e-02
1.000000000000000021e-03	1.058255164835812251e-01	9.202539612641509603e-02	9.306832142174244205e-02
1.000000000000000021e-03	9.494884751862811556e-02	7.884563913286044001e-02	7.404963187873363217e-02
1.000000000000000021e-03	8.811494024982974294e-02	7.355053098726023475e-02	6.991867776960133951e-02
1.000000000000000021e-03	8.433792842828374825e-02	7.341710520976500731e-02	7.350190775468945503e-02
1.000000000000000021e-03	8.044384227910660046e-02	7.546322882487511985e-02	7.539905263110995015e-02
1.000000000000000021e-03	7.730480001122193301e-02	6.209348304031406945e-02	5.767701361328363141e-02
1.000000000000000021e-03	7.341791294762185782e-02	7.077020826061983239e-02	6.919969525188207626e-02
1.000000000000000021e-03	7.398152106927535776e-02	9.462490383321077447e-02	9.837790653109550199e-02
1.000000000000000021e-03	7.082099509558198447e-02	6.229699379642596180e-02	6.884732618927955072e-02
1.000000000000000021e-03	6.796912728023778161e-02	7.531793577430760667e-02	8.448350848630070686e-02
1.000000000000000021e-03	6.679342212095865094e-02	5.349867276028189012e-02	5.990668274462222775e-02
1.000000000000000021e-03	6.542448391092246796e-02	5.439883505642725825e-02	5.908546485006808957e-02
1.000000000000000021e-03	6.437975567629546092e-02	6.518291091029557172e-02	7.185997916385530870e-02
1.000000000000000021e-03	6.199904060757319840e-02	7.057409495583379100e-02	7.393499249592423717e-02
1.000000000000000021e-03	6.251794385760069128e-02	6.695775605777171124e-02	7.149364433716982881e-02
1.000000000000000021e-03	5.963481577907522868e-02	5.335865903119142023e-02	5.643634526059031209e-02
1.000000000000000021e-03	5.903555810724565173e-02	5.669940680421459850e-02	6.114091994240879874e-02
1.000000000000000021e-03	5.810628152425861837e-02	5.210794327068703213e-02	5.149903679266572276e-02
1.000000000000000021e-03	5.703728013239051098e-02	7.426272096668237732e-02	7.987184757366776189e-02
1.000000000000000021e-03	5.734269746696796233e-02	4.597045402213228993e-02	4.554539183154702325e-02
1.000000000000000021e-03	5.424152360280944107e-02	4.823480699581937647e-02	5.422333432361483435e-02
1.000000000000000021e-03	5.399433987940065183e-02	5.419795702733294640e-02	5.691257044672966281e-02
1.000000000000000021e-03	5.405443233891307070e-02	4.323700612596192289e-02	4.274045974016189853e-02
1.000000000000000021e-03	5.221027032802138396e-02	4.694000144942580416e-02	4.939057757146656652e-02
1.000000000000000021e-03	5.264851168651889929e-02	4.471016682060289377e-02	5.121052488684654097e-02
1.000000000000000021e-03	5.236591411718731492e-02	5.072422510900422704e-02	5.043375249952077727e-02
1.000000000000000021e-03	5.152105691736003773e-02	4.310703771042573990e-02	4.713339521549642086e-02
1.000000000000000021e-03	5.057656891761026091e-02	4.778537678858996857e-02	5.324708977714180669e-02
1.000000000000000021e-03	5.003177159080642727e-02	3.992830450934265613e-02	4.132446325384080132e-02
1.000000000000000021e-03	5.013674071547317979e-02	3.992674496824516472e-02	4.620839692652225356e-02
1.000000000000000021e-03	4.820887976959391252e-02	4.340478700844092874e-02	4.794682613573968133e-02
1.000000000000000021e-03	4.886558983927899447e-02	3.845941620581436876e-02	4.223709511570632180e-02
1.000000000000000021e-03	4.883117149971369364e-02	4.320976279519927327e-02	4.369477066211402416e-02
1.000000000000000021e-03	4.736202600595734724e-02	4.457546266390702977e-02	5.091882310807704926e-02
1.000000000000000021e-03	4.603249151335510325e-02	4.277866655541340268e-02	4.605964822694659511e-02
1.000000000000000021e-03	4.804523618606858226e-02	4.108424573473593022e-02	4.756722380407154421e-02
1.000000000000000021e-03	4.792088596231545983e-02	3.858136119447765772e-02	4.608717644587159018e-02
1.000000000000000021e-03	4.562452059388680953e-02	4.553736802873187273e-02	4.842145629227161130e-02
1.000000000000000021e-03	4.421054753255469760e-02	4.444187487529210195e-02	4.983715997077524384e-02
1.000000000000000021e-03	4.401117065675456963e-02	4.455970031701769751e-02	4.901929846964776794e-02
1.000000000000000021e-03	4.577818993910271611e-02	5.179129207399502804e-02	5.764292273670434952e-02
1.000000000000000021e-03	4.342060679501576204e-02	3.626098758809229161e-02	4.204709473997354785e-02
1.000000000000000021e-03	4.283267981142516168e-02	4.237623214331596999e-02	4.807757679373025894e-02
1.000000000000000021e-03	4.337482500784510531e-02	4.708008179489854561e-02	5.275905169546604018e-02
1.000000000000000021e-03	4.234561876736802483e-02	3.989297027714277383e-02	4.252495956607162814e-02
1.000000000000000021e-03	4.083313700732725537e-02	5.051640612292664090e-02	5.709783528000116071e-02
1.000000000000000021e-03	4.152947626552865035e-02	3.530628694445674814e-02	3.813641606830060760e-02
1.000000000000000021e-03	4.092491956437445400e-02	3.979472333263039951e-02	4.640002064406871518e-02
1.000000000000000021e-03	4.167024896671391726e-02	3.572407910961131194e-02	4.191213538870215694e-02
1.000000000000000021e-03	3.979489439150286911e-02	3.635383014084468678e-02	4.316230090335011760e-02
1.000000000000000021e-03	4.002218604534257818e-02	3.770433334116848195e-02	4.248989587649702748e-02
1.000000000000000021e-03	3.923994793603765435e-02	3.182370772497504496e-02	3.991817808710038801e-02
1.000000000000000021e-03	3.733161926689954058e-02	3.617102518209611844e-02	4.292889479547738751e-02
1.000000000000000021e-03	3.792169530089855439e-02	3.737326429581454973e-02	4.605938661843538007e-02
1.000000000000000021e-03	3.699456706508742754e-02	4.825544887812349693e-02	5.378265948966145377e-02
1.000000000000000021e-03	3.680691619172319490e-02	3.561345922775293465e-02	4.188250196166336259e-02
1.000000000000000021e-03	3.596010274964061421e-02	3.816015635134349659e-02	4.584453385323285918e-02
1.000000000000000021e-03	3.548747096633307618e-02	3.491561549730325814e-02	4.134460524655878683e-02
1.000000000000000021e-03	3.610498408736566994e-02	3.345831411437214659e-02	4.034318593330681046e-02
1.000000000000000021e-03	3.461101981895201712e-02	3.454699576954255169e-02	4.278286602348089357e-02
1.000000000000000021e-03	3.427099246356187651e-02	4.073243339531396751e-02	5.028831576928496222e-02
1.000000000000000021e-03	3.447228716713456736e-02	3.318859635808393133e-02	3.949317331425845901e-02
1.000000000000000021e-03	3.504172846276167735e-02	3.915364468831042388e-02	4.464381909929215908e-02
1.000000000000000021e-03	3.490488364677084981e-02	3.177149004805150667e-02	3.570593176409601888e-02
1.000000000000000021e-03	3.450214099344851848e-02	4.961164818384260211e-02	5.336462222039699277e-02
1.000000000000000021e-03	3.485827919457664542e-02	3.446465788204320507e-02	3.990410892292857448e-02
1.000000000000000021e-03	3.422264202588377185e-02	4.259920281148393828e-02	4.801144995726645132e-02
1.000000000000000021e-03	3.207760050550424041e-02	3.140173623270077485e-02	3.678208510391414027e-02
1.000000000000000021e-03	3.257974408623297291e-02	3.765027015348067219e-02	4.384387377649545670e-02
1.000000000000000021e-03	3.311135015250500635e-02	4.088014480292172931e-02	4.616692853160202226e-02
1.000000000000000021e-03	3.283995467954905351e-02	3.297178686172238388e-02	3.688675013836473227e-02
1.000000000000000021e-03	3.176336967802935451e-02	3.088950954806742380e-02	3.499709949828684608e-02
1.000000000000000021e-03	3.230046322477148069e-02	2.909708579914420043e-02	3.383402274921536168e-02
1.000000000000000021e-03	3.157704651416422953e-02	3.477125217972313470e-02	4.279703041538596153e-02
1.000000000000000021e-03	3.185976622382383910e-02	3.224160702635792825e-02	3.812546669505536417e-02
1.000000000000000021e-03	3.007709331498408314e-02	2.852581717385983470e-02	3.584493407979607443e-02
1.000000000000000021e-03	3.131729753936113997e-02	3.400889885519187833e-02	3.787420182488858422e-02
1.000000000000000021e-03	3.133962363321084882e-02	2.926529987827333409e-02	3.885607845149934014e-02
1.000000000000000021e-03	2.939312544354974813e-02	3.659783217919434367e-02	4.059318378567695895e-02
1.000000000000000021e-03	3.024000798337434653e-02	2.878246221359799517e-02	3.336262009106576165e-02
1.000000000000000021e-03	2.960159735447483870e-02	3.059092280089231036e-02	3.796917288564145843e-02
1.000000000000000021e-03	2.986137088065302786e-02	3.300397107816491205e-02	3.675989313051104823e-02
1.000000000000000021e-03	2.915893489881751788e-02	2.982031246793519913e-02	3.621014049276709279e-02
1.000000000000000021e-03	2.940981793518049683e-02	3.149705724449369804e-02	3.877638913691043576e-02
1.000000000000000021e-03	2.905906967432988694e-02	3.727650951535602108e-02	4.352146382443607131e-02
1.000000000000000021e-03	2.918137842274599880e-02	3.682409455092789524e-02	4.151215865276754180e-02
1.000000000000000021e-03	2.830942154446440193e-02	2.965472718573989794e-02	3.532174862921237668e-02
1.000000000000000021e-03	2.876579034975998081e-02	3.575479401109730310e-02	4.363271305337548117e-02
1.000000000000000021e-03	2.879756193341488982e-02	3.253613368495908431e-02	4.073540354147553444e-02
1.000000000000000021e-03	2.744891241825618555e-02	3.191069242451827909e-02	3.875984936021268507e-02
1.000000000000000021e-03	2.775665186128864481e-02	2.792754413374743533e-02	3.544507268816232681e-02
1.000000000000000021e-03	2.835645874579712997e-02	2.952070663931794306e-02	3.524378193542361537e-02
1.000000000000000021e-03	2.708674792943651169e-02	2.924437879423820441e-02	3.466681828722358027e-02
1.000000000000000021e-03	2.790786823883019754e-02	3.881896768955035715e-02	4.602460884489119330e-02
1.000000000000000021e-03	2.743039366536150284e-02	3.327742358425837127e-02	3.961102273315190991e-02
1.000000000000000021e-03	2.740952059942979718e-02	3.096714366168875840e-02	3.733515250496566296e-02
1.000000000000000021e-03	2.654019421873448498e-02	3.454965739194010982e-02	4.111857190728187422e-02
1.000000000000000021e-03	2.709504874740630356e-02	2.992903887835472732e-02	3.272444624453783174e-02
1.000000000000000021e-03	2.705569247378728642e-02	2.843285334437929690e-02	3.355071030091494322e-02
1.000000000000000021e-03	2.663167329681706899e-02	2.910537500890137547e-02	3.518827734515071054e-02
1.000000000000000021e-03	2.678064423666886781e-02	3.416719635782753534e-02	3.744396218098700047e-02
1.000000000000000021e-03	2.642208684686573467e-02	3.278947881964176803e-02	3.679550746455788335e-02
1.000000000000000021e-03	2.627539026825631910e-02	2.982750768085737011e-02	3.645069715566932878e-02
1.000000000000000021e-03	2.614102624638472983e-02	2.743434724617378750e-02	3.230889230035245696e-02
1.000000000000000021e-03	2.576362341913270709e-02	2.725182538023169718e-02	3.500697677955031534e-02
1.000000000000000021e-03	2.616677051783908303e-02	3.767053823898600107e-02	4.219609997235238691e-02
1.000000000000000021e-03	2.580433478280945089e-02	2.853566981578996645e-02	3.573620007373392443e-02
1.000000000000000021e-03	2.549819929287955658e-02	3.141661673901281066e-02	3.528756578452885151e-02
1.000000000000000021e-03	2.572925313992979399e-02	3.130022325206801431e-02	3.772783270105719428e-02
1.000000000000000021e-03	2.577851754745957152e-02	2.701014653335847074e-02	3.197734379209578315e-02
1.000000000000000021e-03	2.497178328685666082e-02	3.068056430531109977e-02	3.611234086565673351e-02
1.000000000000000021e-03	2.503169782529083773e-02	2.621120798611203950e-02	3.278462048619985858e-02
1.000000000000000021e-03	2.539383077646165110e-02	2.610619808912901380e-02	3.027420938014984200e-02
1.000000000000000021e-03	2.510032406940388913e-02	2.964608345902403075e-02	3.326164488680660725e-02
1.000000000000000021e-03	2.496942586345146306e-02	2.825344980972287548e-02	3.202357003465294838e-02
1.000000000000000021e-03	2.484847556684792458e-02	4.084458914999874318e-02	4.714867281727493087e-02
1.000000000000000021e-03	2.505954336147449973e-02	2.664178777583606564e-02	3.135361489839851717e-02
1.000000000000000021e-03	2.439164332102782690e-02	2.869357659691135209e-02	3.470803799573331933e-02
1.000000000000000021e-03	2.470993969660987069e-02	2.929478264486914604e-02	3.382558310404419621e-02
1.000000000000000021e-03	2.437093058831820563e-02	3.618993126441046732e-02	4.256393569521606246e-02
1.000000000000000021e-03	2.441544248546414705e-02	2.655186729398385445e-02	3.144777100533246994e-02
1.000000000000000021e-03	2.442849992377300883e-02	3.388418369385272355e-02	3.906256048940122405e-02
1.000000000000000021e-03	2.432774802818330959e-02	2.757116384726232203e-02	3.096075751818716526e-02
1.000000000000000021e-03	2.416031760146809815e-02	2.657009041453687465e-02	3.146663811057805876e-02
1.000000000000000021e-03	2.366597506522681582e-02	3.122105213438029075e-02	3.774903407320380488e-02
1.000000000000000021e-03	2.447916704342159230e-02	3.087609978051397697e-02	3.541286694817245145e-02
1.000000000000000021e-03	2.401090959772909580e-02	2.722432323931399389e-02	3.313995762728154382e-02
1.000000000000000021e-03	2.401794888969855518e-02	2.899934938518788918e-02	3.435698160901665826e-02
1.000000000000000021e-03	2.379980626710543820e-02	3.823867020884733764e-02	4.437031252309679707e-02
1.000000000000000021e-03	2.394252091834734447e-02	2.683275299273548201e-02	3.265082961879670759e-02
1.000000000000000021e-03	2.348801926528214581e-02	2.699456556032153384e-02	3.102413075976073742e-02
1.000000000000000021e-03	2.334766723963238588e-02	3.738893798664602586e-02	4.156385520473122874e-02
1.000000000000000021e-03	2.318406952333752075e-02	2.919636456130062646e-02	3.366169901564717432e-02
1.000000000000000021e-03	2.347562263040885167e-02	2.660992159873871304e-02	3.165390007197856764e-02
5.000000000000000104e-04	1.858019055890752780e-02	2.367700209733859459e-02	2.749037595931440661e-02
5.000000000000000104e-04	1.772942707167939405e-02	2.337454863048660930e-02	2.753024960402399371e-02
5.000000000000000104e-04	1.740360869134821228e-02	2.786414076559518699e-02	3.222476514056325098e-02
5.000000000000000104e-04	1.736293278673556317e-02	2.291888608572838909e-02	2.824158531147986581e-02
5.000000000000000104e-04	1.714459261269140125e-02	2.282314227299072490e-02	2.741396839264780352e-02
5.000000000000000104e-04	1.706204722283831757e-02	2.441733220289827103e-02	2.968463101424276968e-02
5.000000000000000104e-04	1.713064972283085546e-02	2.422499141280407692e-02	2.844699702691286941e-02
5.000000000000000104e-04	1.687910413199417148e-02	2.416237088710225522e-02	2.805335128214210202e-02
5.000000000000000104e-04	1.713029176772611767e-02	2.284354564407108795e-02	2.730164998210966518e-02
5.000000000000000104e-04	1.659900188898974505e-02	2.304689114162435104e-02	2.650823339354246855e-02
5.000000000000000104e-04	1.645671912491182901e-02	2.295845874258516800e-02	2.777363529894500901e-02
5.000000000000000104e-04	1.646835803107909654e-02	2.432722434967132114e-02	2.770969718694686959e-02
5.000000000000000104e-04	1.646869896719835649e-02	2.716770951504482792e-02	3.116066870279610157e-02
5.000000000000000104e-04	1.630499736373943950e-02	2.517313568204329263e-02	2.923153038136661053e-02
5.000000000000000104e-04	1.639710049350259075e-02	2.491134439268349182e-02	2.887126426212489536e-02
5.000000000000000104e-04	1.581536335496794288e-02	2.661796756751874313e-02	2.977312128059566090e-02
5.000000000000000104e-04	1.592796089570837001e-02	2.280465583682684400e-02	2.695095662493258645e-02
5.000000000000000104e-04	1.598697203119925359e-02	2.321886342916033158e-02	2.655824609100818773e-02
5.000000000000000104e-04	1.597113926570435660e-02	2.355161062514906853e-02	2.857117846142500500e-02
5.000000000000000104e-04	1.563604535191488384e-02	2.189782699716340958e-02	2.736246043350547621e-02
5.000000000000000104e-04	1.588784270812045041e-02	2.260651177097677475e-02	2.632248376030475040e-02
5.000000000000000104e-04	1.582452779610864918e-02	2.446696192942832832e-02	2.886150144040584495e-02
5.000000000000000104e-04	1.591028938467607332e-02	2.401965698081005157e-02	3.046118463389575412e-02
5.000000000000000104e-04	1.585138793991376985e-02	2.352790142463139986e-02	2.818206215742975404e-02
5.000000000000000104e-04	1.564025646752833371e-02	2.530252117741638510e-02	2.988629424944520135e-02
5.000000000000000104e-04	1.557512588933361586e-02	2.265815086740785925e-02	2.616073838435113361e-02
5.000000000000000104e-04	1.603730470527216928e-02	2.219718630810838672e-02	2.590299972798675368e-02
5.000000000000000104e-04	1.538758918018865406e-02	2.353938303263711576e-02	2.832735721021890571e-02
5.000000000000000104e-04	1.546457127698845115e-02	2.610425389230407178e-02	3.045462365262210230e-02
5.000000000000000104e-04	1.519755125121625798e-02	2.374101861706735123e-02	2.818481961730867624e-02
5.000000000000000104e-04	1.522866494188636691e-02	2.413401903379806118e-02	2.855374659411609103e-02
5.000000000000000104e-04	1.517989501409089566e-02	2.517061953125667925e-02	2.924429425038397451e-02
5.000000000000000104e-04	1.531327493356593808e-02	2.203857856290658904e-02	2.730738620739430259e-02
5.000000000000000104e-04	1.501235827248827322e-02	2.203640223758695019e-02	2.715983847156167030e-02
5.000000000000000104e-04	1.513187826674490012e-02	2.219921296842747305e-02	2.701309558469802002e-02
5.000000000000000104e-04	1.524613707295470987e-02	2.262037924212935078e-02	2.591783222742378642e-02
5.000000000000000104e-04	1.501625931944747944e-02	2.531618509851200904e-02	2.815335369668901105e-02
5.000000000000000104e-04	1.499771752620658767e-02	2.365007507005286932e-02	2.740305399056524108e-02
5.000000000000000104e-04	1.512528133241068488e-02	2.332623050357970906e-02	2.665852184873074293e-02
5.000000000000000104e-04	1.497200878966575832e-02	2.562816750687298487e-02	2.881273226812481811e-02
5.000000000000000104e-04	1.490399675089443265e-02	2.269019881819243217e-02	2.680506322067231079e-02
2.500000000000000052e-04	1.277237080840514134e-02	2.126551452165966957e-02	2.529802890494465759e-02
2.500000000000000052e-04	1.215934394893993312e-02	2.169894894185178669e-02	2.544668877962976555e-02
2.500000000000000052e-04	1.218873986035992792e-02	2.129550703376999546e-02	2.536595577839761972e-02
2.500000000000000052e-04	1.231291226082638010e-02	2.183961973120873007e-02	2.592873002868145704e-02
2.500000000000000052e-04	1.222257737022645202e-02	2.156635015929868684e-02	2.478701442014425924e-02
2.500000000000000052e-04	1.185538840749414229e-02	2.150898168341339525e-02	2.531428651418536971e-02
2.500000000000000052e-04	1.203398457595589860e-02	2.310992047892815315e-02	2.713034632615745137e-02
2.500000000000000052e-04	1.196455315038249742e-02	2.085510129352826855e-02	2.446939630899578472e-02
2.500000000000000052e-04	1.188654707633110541e-02	2.091831710014043638e-02	2.581036351621151040e-02
2.500000000000000052e-04	1.180354224999043480e-02	2.188648087952617741e-02	2.594300108030438493e-02
2.500000000000000052e-04	1.180672918626775314e-02	2.131540459917165981e-02	2.453860738314688275e-02
2.500000000000000052e-04	1.173019161287515259e-02	2.112013113767844882e-02	2.485108124092221329e-02
2.500000000000000052e-04	1.174283497888267691e-02	2.301838887728633806e-02	2.688627231400459935e-02
2.500000000000000052e-04	1.194175890928059550e-02	2.285095255977976497e-02	2.635506389196962118e-02
2.500000000000000052e-04	1.175231944499813622e-02	2.206341372266489714e-02	2.598219807259738445e-02
2.500000000000000052e-04	1.157764569569623946e-02	2.160909464241478339e-02	2.560586696490645478e-02
2.500000000000000052e-04	1.181116991975995380e-02	2.077372374588438292e-02	2.454048201907426188e-02
2.500000000000000052e-04	1.171340020736457224e-02	2.088852924982290485e-02	2.498572967015206744e-02
2.500000000000000052e-04	1.154063860254623403e-02	2.023229468613862991e-02	2.509852850344031910e-02
2.500000000000000052e-04	1.153026434791736519e-02	2.069075525548133565e-02	2.383298769127577613e-02
2.500000000000000052e-04	1.163518477102320169e-02	2.069090702692875580e-02	2.499253456480800967e-02
2.500000000000000052e-04	1.149442886425493249e-02	2.241519081323402676e-02	2.610422850120812724e-02
2.500000000000000052e-04	1.157588201941767321e-02	2.037012150403872887e-02	2.431370064150541882e-02
2.500000000000000052e-04	1.146025712037845867e-02	2.068278800052497993e-02	2.419157476397231291e-02
2.500000000000000052e-04	1.154056634405035107e-02	2.084795616235564364e-02	2.534865785855799913e-02
2.500000000000000052e-04	1.143858752036255866e-02	2.107604755410505057e-02	2.509587658569216798e-02
2.500000000000000052e-04	1.148987041868663843e-02	2.074345154443960407e-02	2.450800181832164457e-02
2.500000000000000052e-04	1.137931358910026537e-02	2.096918436908284944e-02	2.527333744801580837e-02
2.500000000000000052e-04	1.148936923630123827e-02	2.075631395274899968e-02	2.484901524148881366e-02
2.500000000000000052e-04	1.131744302078916894e-02	2.080517717154394333e-02	2.437094005290418863e-02
2.500000000000000052e-04	1.137990440356308371e-02	2.025752485832150659e-02	2.472825287841260572e-02
2.500000000000000052e-04	1.135133270097331976e-02	2.164135719722634285e-02	2.660585844423622032e-02
2.500000000000000052e-04	1.148686124610001115e-02	2.126845235677913767e-02	2.555866134352981905e-02
2.500000000000000052e-04	1.125635107201180055e-02	2.018737693010044451e-02	2.375373917166143795e-02
2.500000000000000052e-04	1.115313815949847687e-02	2.089644293178906723e-02	2.490307088010013103e-02
2.500000000000000052e-04	1.125105779505334268e-02	2.053131784814658453e-02	2.501852330751717229e-02
2.500000000000000052e-04	1.117727044295820787e-02	2.073151206704958519e-02	2.469629640690982481e-02
2.500000000000000052e-04	1.107089140535337177e-02	2.170152380009284301e-02	2.657258717808872600e-02
2.500000000000000052e-04	1.143450846645272488e-02	2.100386274539675288e-02	2.421583444811403751e-02
2.500000000000000052e-04	1.115756080723722538e-02	2.203704277784880594e-02	2.578489270526915927e-02
2.500000000000000052e-04	1.116174419203024362e-02	2.123983433050790834e-02	2.435761129017919441e-02
2.500000000000000052e-04	1.142066324031096487e-02	2.063498707458923109e-02	2.407664824277162482e-02
2.500000000000000052e-04	1.113061626957011045e-02	2.336108993680377152e-02	2.671705069951713085e-02
2.500000000000000052e-04	1.116587428095435798e-02	2.016649195310020806e-02	2.376304497011005878e-02
2.500000000000000052e-04	1.127858932653941562e-02	2.041091780173372866e-02	2.373150070197880407e-02
2.500000000000000052e-04	1.093778183543973360e-02	2.176506187357203637e-02	2.570261012297123809e-02
2.500000000000000052e-04	1.123381392822241781e-02	2.039957271293976054e-02	2.403694251552224159e-02
2.500000000000000052e-04	1.113609107695584868e-02	2.268061692782565725e-02	2.648185789585113387e-02
2.500000000000000052e-04	1.109402986766728182e-02	2.074952882407379504e-02	2.449744192417711158e-02
2.500000000000000052e-04	1.096586479224078217e-02	2.085373981207297098e-02	2.454041058663278957e-02
2.500000000000000052e-04	1.109332736871958963e-02	2.041831551636544978e-02	2.443350884132087369e-02
2.500000000000000052e-04	1.115179364393406244e-02	2.064963854381239236e-02	2.385648174677044292e-02
2.500000000000000052e-04	1.098067207758191867e-02	2.208397308783849669e-02	2.568440930917859077e-02
2.500000000000000052e-04	1.095420075472121335e-02	2.031911130877533597e-02	2.433450515381991794e-02
2.500000000000000052e-04	1.100045226301961040e-02	2.187002018211087542e-02	2.566999034024775028e-02
2.500000000000000052e-04	1.095849676967889513e-02	2.022350203070340940e-02	2.417736621573567460e-02
2.500000000000000052e-04	1.101665409258011444e-02	2.034826261230320357e-02	2.434617520775645902e-02
2.500000000000000052e-04	1.084743539595227693e-02	2.014629422877159404e-02	2.396325170993805070e-02
2.500000000000000052e-04	1.082516722207744857e-02	2.041136828392588198e-02	2.438218111637979746e-02
2.500000000000000052e-04	1.106591748264404255e-02	1.991048121229984508e-02	2.420860156416893005e-02
2.500000000000000052e-04	1.084267607076855322e-02	2.130334887224498083e-02	2.559983348473906378e-02
2.500000000000000052e-04	1.097441775265944539e-02	2.032808075946663032e-02	2.543550077825784683e-02
2.500000000000000052e-04	1.077962900772517357e-02	2.270940739505421940e-02	2.640998058486729999e-02
2.500000000000000052e-04	1.075080578058845368e-02	2.343397411512922884e-02	2.689112240914255311e-02
2.500000000000000052e-04	1.102687606052725824e-02	1.984068579211129002e-02	2.393640659283846617e-02
2.500000000000000052e-04	1.088289950620502204e-02	2.064393196469514052e-02	2.424031987320631604e-02
2.500000000000000052e-04	1.080283529811591238e-02	2.013480766183886952e-02	2.380504664033651283e-02
2.500000000000000052e-04	1.081580758840279023e-02	2.341448187496493472e-02	2.781002142000943422e-02
2.500000000000000052e-04	1.093901415941169429e-02	2.091843319852002697e-02	2.525328265037387471e-02
2.500000000000000052e-04	1.085999904963263173e-02	1.993073914590150209e-02	2.384607500862330129e-02
2.500000000000000052e-04	1.076146984503210599e-02	1.992413542033490137e-02	2.436558811459690194e-02
2.500000000000000052e-04	1.072270044576920621e-02	1.999662672193886631e-02	2.395954036619514158e-02
2.500000000000000052e-04	1.091816171802203334e-02	1.990768816127046897e-02	2.412191997282207151e-02
2.500000000000000052e-04	1.086992543210221762e-02	2.262460486231986090e-02	2.759585895109921763e-02
2.500000000000000052e-04	1.066553869884441681e-02	2.135066151209370766e-02	2.485926323570310931e-02
2.500000000000000052e-04	1.068642127331413498e-02	2.464751569134870576e-02	2.873724247328936915e-02
2.500000000000000052e-04	1.099317564578632632e-02	2.078918106756441272e-02	2.386132732499390841e-02
2.500000000000000052e-04	1.066625756826500987e-02	2.100570798310309739e-02	2.438046231400221517e-02
2.500000000000000052e-04	1.059745702921798156e-02	2.018841744171387398e-02	2.327936305664479733e-02
2.500000000000000052e-04	1.078311476933403040e-02	2.008932579250235703e-02	2.405767000745982070e-02
2.500000000000000052e-04	1.061789591272793362e-02	2.018274172301847899e-02	2.381628123112022877e-02
2.500000000000000052e-04	1.055184533248518415e-02	2.108355697868538256e-02	2.494753140490502119e-02
2.500000000000000052e-04	1.057230575127205384e-02	2.199262086087496598e-02	2.566433514002710442e-02
2.500000000000000052e-04	1.051818265120751765e-02	2.145874752365637891e-02	2.485612016171217034e-02
2.500000000000000052e-04	1.055751340149524257e-02	2.146090970847619114e-02	2.505950299091637065e-02
2.500000000000000052e-04	1.081939014877610419e-02	2.085540608956395689e-02	2.438542318996041874e-02
1.250000000000000026e-04	9.337940621728844925e-03	2.044744522881289384e-02	2.409443005453795056e-02
1.250000000000000026e-04	9.234751214681235706e-03	2.009557231929133547e-02	2.339439576026052306e-02
1.250000000000000026e-04	9.243596318638934439e-03	1.935921933170388354e-02	2.319428245536982874e-02
1.250000000000000026e-04	9.190004479590806186e-03	2.022732984450163057e-02	2.387165536638349156e-02
1.250000000000000026e-04	9.115381157399524495e-03	1.987560202138430321e-02	2.321860697120427947e-02
1.250000000000000026e-04	9.105739601708432926e-03	1.948742267641565690e-02	2.305644133593887091e-02
1.250000000000000026e-04	9.153757609780216117e-03	1.993661595713249607e-02	2.344764398876577477e-02
1.250000000000000026e-04	9.066394911921859395e-03	1.962300711823383378e-02	2.342621241696178983e-02
1.250000000000000026e-04	8.987967577481716444e-03	1.966402869359517094e-02	2.370394170284271379e-02
1.250000000000000026e-04	9.111915954506244822e-03	2.508734163696541355e-02	2.826857919571921368e-02
1.250000000000000026e-04	9.072885146432833892e-03	1.947881355491608291e-02	2.282251268625259261e-02
1.250000000000000026e-04	9.150521288755382454e-03	1.948877382555401147e-02	2.272558299591764808e-02
1.250000000000000026e-04	9.006976798759723166e-03	1.956145516572354442e-02	2.290743615012615780e-02
1.250000000000000026e-04	9.032564963972051358e-03	2.048323118171766627e-02	2.366355173289775779e-02
1.250000000000000026e-04	9.008332162688054839e-03	2.069489503796188151e-02	2.423972876276820829e-02
1.250000000000000026e-04	8.996303573601845474e-03	1.986980529901868908e-02	2.295371487271040747e-02
1.250000000000000026e-04	9.053297988028027529e-03	1.939755708895896796e-02	2.297241017222404619e-02
1.250000000000000026e-04	8.944161926786816513e-03	2.089535358669089918e-02	2.415531964506954093e-02
1.250000000000000026e-04	8.970196980283036761e-03	2.079247083534432883e-02	2.446629775222390960e-02
1.250000000000000026e-04	9.016606717252883749e-03	2.013114724230235728e-02	2.375797561835497548e-02
1.250000000000000026e-04	8.831892180981990720e-03	2.024723562114525907e-02	2.407849701121449540e-02
1.250000000000000026e-04	8.925286134398299071e-03	1.937758662684269453e-02	2.280728027690202137e-02
1.250000000000000026e-04	8.949477163778965169e-03	1.961741330228862837e-02	2.301340291742235561e-02
1.250000000000000026e-04	8.931446318536857484e-03	1.988224507216851747e-02	2.323581818491220544e-02
6.250000000000000130e-05	8.298123650330835321e-03	2.026988492781267234e-02	2.392851056065410306e-02
6.250000000000000130e-05	8.235937490172947836e-03	2.020150481562339728e-02	2.395396889187395573e-02
6.250000000000000130e-05	8.230445894600695034e-03	1.952598376579933737e-02	2.268964368849992613e-02
6.250000000000000130e-05	8.198251427108461595e-03	1.950455138079471018e-02	2.317137022037058999e-02
6.250000000000000130e-05	8.234179110893110123e-03	1.960326308452802271e-02	2.293582786805927615e-02
6.250000000000000130e-05	8.152647391709306329e-03	1.915859604615191558e-02	2.276157021988183329e-02
6.250000000000000130e-05	8.193309154196784863e-03	1.996090802417687868e-02	2.348544045817107032e-02
6.250000000000000130e-05	8.204545567560899907e-03	2.009606209744489724e-02	2.335968078114092350e-02
6.250000000000000130e-05	8.162790479505821831e-03	1.992187810408351314e-02	2.378765291068702867e-02
6.250000000000000130e-05	8.121559129829598878e-03	1.952150972628312678e-02	2.433591329026967356e-02
6.250000000000000130e-05	8.162108924480425756e-03	1.955495403192118037e-02	2.304803363513201545e-02
6.250000000000000130e-05	8.139825698287335778e-03	1.915345922678084872e-02	2.272130777128040721e-02
6.250000000000000130e-05	8.124096905828874504e-03	1.945182345124907633e-02	2.299913121387362619e-02
6.250000000000000130e-05	8.062090654816823215e-03	1.945888287636466166e-02	2.304471596144139905e-02
6.250000000000000130e-05	8.108917880562794764e-03	1.907461277984511677e-02	2.243095273151993890e-02
6.250000000000000130e-05	8.162716149507982799e-03	1.950311917733615549e-02	2.341032591648399899e-02
6.250000000000000130e-05	8.156971540843820090e-03	1.985730136213190167e-02	2.333047342253848772e-02
6.250000000000000130e-05	8.089930837656468879e-03	1.934538772378448582e-02	2.292842799797654291e-02
6.250000000000000130e-05	8.118588236280310788e-03	1.940432582928247954e-02	2.311784375924617191e-02
6.250000000000000130e-05	8.163962128001670329e-03	1.965872901955044091e-02	2.317746174521744321e-02
6.250000000000000130e-05	8.068891393032668821e-03	1.934101801190076658e-02	2.282874940428882699e-02
6.250000000000000130e-05	8.136825034380774577e-03	2.017349957035005983e-02	2.363830541726201842e-02
6.250000000000000130e-05	8.208885361180966178e-03	1.960622057006621358e-02	2.311753111425787072e-02
6.250000000000000130e-05	8.085200649216433069e-03	1.921652763087243823e-02	2.254711771383881638e-02
6.250000000000000130e-05	8.108241103780241751e-03	1.959278395019120600e-02	2.402912736870348523e-02
6.250000000000000130e-05	8.073122374693916803e-03	1.976720880014889992e-02	2.412584971170872450e-02
6.250000000000000130e-05	8.126512235122635569e-03	2.028762874393406912e-02	2.400731153320521255e-02
6.250000000000000130e-05	8.055407186583282350e-03	1.946918564453643113e-02	2.287632930092513631e-02
6.250000000000000130e-05	8.094432525913198770e-03	1.934193866571206830e-02	2.303674505092203478e-02
6.250000000000000130e-05	8.080445357054957117e-03	1.965420337696193939e-02	2.308386354707181454e-02
6.250000000000000130e-05	8.058703339530275817e-03	2.040092588563240106e-02	2.379515902139246394e-02
6.250000000000000130e-05	8.037309933273926316e-03	1.947309815017652865e-02	2.308921527583152056e-02
6.250000000000000130e-05	8.070643809193299781e-03	1.975506176947767339e-02	2.344213959295302768e-02
6.250000000000000130e-05	7.958313857907902550e-03	1.994803827255964279e-02	2.345318431034684042e-02
6.250000000000000130e-05	8.159333940783927708e-03	1.924977959158064716e-02	2.320916608441620996e-02
6.250000000000000130e-05	8.127730933558185294e-03	2.071994046695257302e-02	2.438964615575969080e-02
3.125000000000000065e-05	7.704690128018719039e-03	1.947758628630825301e-02	2.315794427413493325e-02
3.125000000000000065e-05	7.619220982866449152e-03	1.938737487586224967e-02	2.319655846804380417e-02
3.125000000000000065e-05	7.691603328126800886e-03	1.971762508387965226e-02	2.307584423106163671e-02
3.125000000000000065e-05	7.615416578638598694e-03	1.942445832689863178e-02	2.339441168587654690e-02
3.125000000000000065e-05	7.640684183054170797e-03	1.968334096908101391e-02	2.327755596488714079e-02
3.125000000000000065e-05	7.657401080049873292e-03	1.889362822028354746e-02	2.229215744882822106e-02
3.125000000000000065e-05	7.666532585474295988e-03	1.898287545831103471e-02	2.264193836599588325e-02
3.125000000000000065e-05	7.649281421386966949e-03	1.894524444811319236e-02	2.238538751844316652e-02
3.125000000000000065e-05	7.656601588921691653e-03	1.926492594904144484e-02	2.296170073095709155e-02
3.125000000000000065e-05	7.696504257142613471e-03	2.035612905037184617e-02	2.376147864852100680e-02
3.125000000000000065e-05	7.581391390207168485e-03	1.958795016173136769e-02	2.325494838878512313e-02
3.125000000000000065e-05	7.654554816856850435e-03	1.929492364437636331e-02	2.300891242921352525e-02
3.125000000000000065e-05	7.595250169557496087e-03	1.978576911311031097e-02	2.371456606779247592e-02
3.125000000000000065e-05	7.592364904861366275e-03	1.948681288930290134e-02	2.288514500251039724e-02
3.125000000000000065e-05	7.634190354093154871e-03	1.918545624738588265e-02	2.292817961424589018e-02
3.125000000000000065e-05	7.621033809301099374e-03	1.913061646344774158e-02	2.285477553959935904e-02
3.125000000000000065e-05	7.615964716693702022e-03	1.933640914515675005e-02	2.346416425425559144e-02
3.125000000000000065e-05	7.636109910419924644e-03	2.296497836143402554e-02	2.619359351228922606e-02
3.125000000000000065e-05	7.622541045719121236e-03	1.901045353371279278e-02	2.285652768332511325e-02
3.125000000000000065e-05	7.583982355073484033e-03	1.934029861153420404e-02	2.302801262121647458e-02
3.125000000000000065e-05	7.620238587953727036e-03	2.137163243895269862e-02	2.516701160930097034e-02
3.125000000000000065e-05	7.634462087093882299e-03	1.925483242613482832e-02	2.282604216597974162e-02
3.125000000000000065e-05	7.573249419623419125e-03	1.931318683618026347e-02	2.329066712409257750e-02
3.125000000000000065e-05	7.595452263576388946e-03	1.923867291648974701e-02	2.331958829890936474e-02
3.125000000000000065e-05	7.566051311420364175e-03	1.897619407702022878e-02	2.252614321187138696e-02
3.125000000000000065e-05	7.632614594221617463e-03	1.966806640604715564e-02	8.261496624909341058e-02
3.125000000000000065e-05	7.571815047142219784e-03	1.954139741771508329e-02	2.334537925198674341e-02
1.562500000000000033e-05	7.434434880225671179e-03	1.921535166789880081e-02	2.336004995740949969e-02
1.562500000000000033e-05	7.387510021913356456e-03	1.919767593097000333e-02	2.341965609230101109e-02
1.562500000000000033e-05	7.368432911066311215e-03	1.920027888979743136e-02	2.276447685435414175e-02
1.562500000000000033e-05	7.368402879570305937e-03	1.924100959507738656e-02	2.314360749442130258e-02
1.562500000000000033e-05	7.387368596598306407e-03	1.925536198785323880e-02	2.300885501317679813e-02
1.562500000000000033e-05	7.403603504363657530e-03	1.918472661709910362e-02	2.286203659605234861e-02
1.562500000000000033e-05	7.414981814663707330e-03	1.927149302145729493e-02	2.335801816079765419e-02
1.562500000000000033e-05	7.393088838364008340e-03	2.009446129534413206e-02	2.391760733444243600e-02
1.562500000000000033e-05	7.374890106109823450e-03	1.926650155667235242e-02	2.293108140584081481e-02
1.562500000000000033e-05	7.397901118094228103e-03	1.918554171939326758e-02	2.283659789245575528e-02
1.562500000000000033e-05	7.374663193888394107e-03	1.910170836676477676e-02	2.262707620393484761e-02
1.562500000000000033e-05	7.423755959588698196e-03	1.900116069954259357e-02	2.265288189519196888e-02
1.562500000000000033e-05	7.311628453125781392e-03	1.896015084616800919e-02	2.251592932734638314e-02
1.562500000000000033e-05	7.327004701252365880e-03	1.906734501640678162e-02	2.314990097656845908e-02
1.562500000000000033e-05	7.388012509721528231e-03	1.955971394845952560e-02	2.384603640530258417e-02
1.562500000000000033e-05	7.375267372748892103e-03	1.918444540644191273e-02	2.317278212867677351e-02
1.562500000000000033e-05	7.379488775711409189e-03	1.958897226143881815e-02	2.317404292989522219e-02
1.562500000000000033e-05	7.347935825584152141e-03	1.892501722377632270e-02	2.251261959318071743e-02
1.562500000000000033e-05	7.339682531071184575e-03	1.902120265895159562e-02	2.274889189284294913e-02
1.562500000000000033e-05	7.399345656159080076e-03	1.940917938518586447e-02	2.296170948538929155e-02
1.562500000000000033e-05	7.347533629677318809e-03	1.992638613443568213e-02	2.368414914235472679e-02
7.812500000000000163e-06	7.267381362573673183e-03	1.919980553412780830e-02	2.277972844894975493e-02
7.812500000000000163e-06	7.243823518769608796e-03	1.923650564108999456e-02	2.301064156927168369e-02
7.812500000000000163e-06	7.242544005890964864e-03	1.952001974669270376e-02	2.307936907745897909e-02
7.812500000000000163e-06	7.229635757711076922e-03	1.897942009552611164e-02	2.314565191045403481e-02
7.812500000000000163e-06	7.276723709893632291e-03	1.920742052972940900e-02	2.272265737410634687e-02
7.812500000000000163e-06	7.236423235822202552e-03	1.893060263343818508e-02	2.249675418715924025e-02
7.812500000000000163e-06	7.260120569968324389e-03	1.903438022974586127e-02	2.256248764460906317e-02
7.812500000000000163e-06	7.271963900898937259e-03	1.926623160477864208e-02	2.276135997381061385e-02
7.812500000000000163e-06	7.245642975256618573e-03	1.907397216644274654e-02	2.245971814263612171e-02
7.812500000000000163e-06	7.234438414587365460e-03	1.903114198702168108e-02	2.270066058263182571e-02
7.812500000000000163e-06	7.198213530545095017e-03	1.974481606553674454e-02	2.309294431470334391e-02
7.812500000000000163e-06	7.232752990263658678e-03	1.934111837044124108e-02	2.330015755724161933e-02
7.812500000000000163e-06	7.242547252788108375e-03	2.036109796349758888e-02	2.372546470724046230e-02
7.812500000000000163e-06	7.252136991944959504e-03	1.933081578755877980e-02	2.300800560042261939e-02
7.812500000000000163e-06	7.253360448577433374e-03	1.924129916813361110e-02	2.287478460930287769e-02
7.812500000000000163e-06	7.304985289921883326e-03	1.944902746972301116e-02	2.389126080088317325e-02
7.812500000000000163e-06	7.247332449126913170e-03	1.904119859347168722e-02	2.414425786118954559e-02
7.812500000000000163e-06	7.225837552006540015e-03	1.922861022474878223e-02	2.267903175670653651e-02
7.812500000000000163e-06	7.268805783068617472e-03	1.910294955157484584e-02	2.308322880417108466e-02
7.812500000000000163e-06	7.246199054475559523e-03	1.899994122771380550e-02	2.270356474909931283e-02
7.812500000000000163e-06	7.272460029816440671e-03	1.946834713240100379e-02	2.314849877730012009e-02
3.906250000000000081e-06	7.185776200559403776e-03	1.958795180007893294e-02	2.315391036681830814e-02
3.906250000000000081e-06	7.232693433837446111e-03	1.909793978215668098e-02	2.283886801451444695e-02
3.906250000000000081e-06	7.199375749061262715e-03	1.910296328248778028e-02	2.277300020214170079e-02
3.906250000000000081e-06	7.197966890430176727e-03	1.894728081174077913e-02	2.286078883334994455e-02
3.906250000000000081e-06	7.187555005818328444e-03	1.963332588467454551e-02	2.309967908076942036e-02
3.906250000000000081e-06	7.154764003462227122e-03	1.890658261010627963e-02	2.258161723148077726e-02
3.906250000000000081e-06	7.203824253597878105e-03	1.985541166474369748e-02	2.364479138050228427e-02
3.906250000000000081e-06	7.204600885876689086e-03	1.893658222172272740e-02	2.246417237911373446e-02
3.906250000000000081e-06	7.171935528633794667e-03	1.888053683339769445e-02	2.259421814233064651e-02
3.906250000000000081e-06	7.210504776842072833e-03	1.910686177440494918e-02	2.306758137419819693e-02
3.906250000000000081e-06	7.172500199967168748e-03	1.896852313867570389e-02	2.256798320449888637e-02
3.906250000000000081e-06	7.142325333108850982e-03	1.904191541929207629e-02	2.340491728391498258e-02
3.906250000000000081e-06	7.174608714546989140e-03	1.913060150865016767e-02	2.300122589804232121e-02
3.906250000000000081e-06	7.108824196476933380e-03	1.909231851901371443e-02	2.239397650118917296e-02
3.906250000000000081e-06	7.214342248303693035e-03	1.953860532726449037e-02	2.343354667536914210e-02
3.906250000000000081e-06	7.179750589011296702e-03	1.894133249834101945e-02	2.297467770986259122e-02
3.906250000000000081e-06	7.199923904453376343e-03	1.913368626356280744e-02	2.272298124153166940e-02
3.906250000000000081e-06	7.197698378862857523e-03	1.933312900754481645e-02	2.312355376780033181e-02
3.906250000000000081e-06	7.200793198994108989e-03	1.956193385089879250e-02	2.289668393786996672e-02
3.906250000000000081e-06	7.188051540801142572e-03	1.914783288281001264e-02	2.261656546033918858e-02
3.906250000000000081e-06	7.198007795212052647e-03	1.919726597837596513e-02	2.286281485576182465e-02
3.906250000000000081e-06	7.179339000778603604e-03	1.891987426547792062e-02	2.274620481766760280e-02
3.906250000000000081e-06	7.201719211025457180e-03	1.926678211394092927e-02	2.275020994711667369e-02
3.906250000000000081e-06	7.174183137784210899e-03	1.958342685476335485e-02	2.399927296210080385e-02
3.906250000000000081e-06	7.224243684981176798e-03	2.080544296905632515e-02	2.451840038411319186e-02
3.906250000000000081e-06	7.181976292306181502e-03	1.944119884530131140e-02	2.276808985043317010e-02
3.906250000000000081e-06	7.169431328194876205e-03	1.963255659759980884e-02	2.329028286039829324e-02
3.906250000000000081e-06	7.174372733578762013e-03	1.906079862325291488e-02	2.264429891947656800e-02
3.906250000000000081e-06	7.167490673808942989e-03	1.954284441506207171e-02	2.303395222406834364e-02
3.906250000000000081e-06	7.201167028570691457e-03	1.937642597461714314e-02	2.312729991972446372e-02
1.953125000000000041e-06	7.126038486095727376e-03	1.905076789879361909e-02	2.275594018865376850e-02
1.953125000000000041e-06	7.141635112015832718e-03	1.965243545365739225e-02	2.367831545416265726e-02
1.953125000000000041e-06	7.192499375966588358e-03	1.903743816646917900e-02	2.341952284332364867e-02
1.953125000000000041e-06	7.161661478408534731e-03	1.885137499763547483e-02	2.254088066983967950e-02
1.953125000000000041e-06	7.110571980133973541e-03	1.887168690893818723e-02	2.280093415174633265e-02
1.953125000000000041e-06	7.115666902450158531e-03	1.907621049054005966e-02	2.290829771663993597e-02
1.953125000000000041e-06	7.162715338166193886e-03	1.935018173843154263e-02	2.330164765007793765e-02
1.953125000000000041e-06	7.168948381907323114e-03	1.925463075822716683e-02	2.272015467751771142e-02
1.953125000000000041e-06	7.151989008117426092e-03	1.916848763784501086e-02	2.321443825494497876e-02
1.953125000000000041e-06	7.111754588871639464e-03	1.925948187611334003e-02	2.371508080977946520e-02
1.953125000000000041e-06	7.148155496672983777e-03	1.892476315312672727e-02	2.284889270085841556e-02
1.953125000000000041e-06	7.169705656871260685e-03	1.939431267805124398e-02	2.369479399640113046e-02
1.953125000000000041e-06	7.099882458727275851e-03	1.902756641048411468e-02	2.270770126488059690e-02
1.953125000000000041e-06	7.187441057769918332e-03	1.955590190863265923e-02	2.450829979497939209e-02
1.953125000000000041e-06	7.150159955865564333e-03	1.936304986632931407e-02	2.295772335492074490e-02
1.953125000000000041e-06	7.121414585454024192e-03	1.900246292742759080e-02	2.271013734862208436e-02
1.953125000000000041e-06	7.141923167541787409e-03	1.889447646010764675e-02	2.227641418576240678e-02
1.953125000000000041e-06	7.169632711125415066e-03	1.895588316042853827e-02	2.261166281532496145e-02
1.953125000000000041e-06	7.110662820926147605e-03	1.899833229238762425e-02	2.262847216334194084e-02
1.953125000000000041e-06	7.132027243492109272e-03	1.917097482986319240e-02	2.271187382284551790e-02
1.953125000000000041e-06	7.159145539729417848e-03	1.952785780624101408e-02	2.302205041050910811e-02
1.953125000000000041e-06	7.138504698729535546e-03	1.914615273787713054e-02	2.293472529854625325e-02
1.953125000000000041e-06	7.150244217803739498e-03	1.903343168989370116e-02	2.254403096158057521e-02
1.953125000000000041e-06	7.150504215002285308e-03	1.912108243135881777e-02	2.265280017163604637e-02
1.953125000000000041e-06	7.176447599864044583e-03	1.907941859937151152e-02	2.267914145486429195e-02
9.765625000000000203e-07	7.114725678004085729e-03	1.907965748604991546e-02	2.268675260711461306e-02
9.765625000000000203e-07	7.145416732972846401e-03	1.934095077626211967e-02	2.280194784980267217e-02
9.765625000000000203e-07	7.149330534554536667e-03	1.954308729033663733e-02	2.299853326985612512e-02
9.765625000000000203e-07	7.189353299232382685e-03	1.954852861805736128e-02	2.311519188806414674e-02
9.765625000000000203e-07	7.117462103374826675e-03	1.943504921994440235e-02	2.304473656695336242e-02
9.765625000000000203e-07	7.092475362605327703e-03	1.930116298876663819e-02	2.290100932586938004e-02
9.765625000000000203e-07	7.149128675668859657e-03	2.013654427125035826e-02	2.366504459641873698e-02
9.765625000000000203e-07	7.115021110157449154e-03	1.888716052144921720e-02	2.254711752757430215e-02
9.765625000000000203e-07	7.128524615951077267e-03	1.903814903865153757e-02	2.288511386141180853e-02
9.765625000000000203e-07	7.095358156506460096e-03	1.917232487214173484e-02	2.269207322970032831e-02
9.765625000000000203e-07	7.142777680655060420e-03	1.901191869916404181e-02	2.248453432694077353e-02
9.765625000000000203e-07	7.121822773736271109e-03	1.904452732076663754e-02	2.371758094523102045e-02
9.765625000000000203e-07	7.161371282845250402e-03	1.943207051878044142e-02	2.302800988545641164e-02
9.765625000000000203e-07	7.158510578734504637e-03	1.901390360112433647e-02	2.272224614862352471e-02
9.765625000000000203e-07	7.100054771824153808e-03	1.914545954131955177e-02	2.300509382039308409e-02
9.765625000000000203e-07	7.140168586421872556e-03	1.920885977905770203e-02	2.546726828441023965e-02
9.765625000000000203e-07	7.121139907328506019e-03	1.891730930071070654e-02	2.245670733973383765e-02
9.765625000000000203e-07	7.136087676910049873e-03	1.898531798585391048e-02	2.265182421542704175e-02
9.765625000000000203e-07	7.146495028435229969e-03	1.932338567655435962e-02	2.308891459833830456e-02
9.765625000000000203e-07	7.111404287244706308e-03	1.966948023173197349e-02	2.320328946225345274e-02
9.765625000000000203e-07	7.151557623997651519e-03	1.896056240297737047e-02	2.253155901562422375e-02
4.882812500000000102e-07	7.105952522914083143e-03	1.933152253461601841e-02	2.288325058761984249e-02
4.882812500000000102e-07	7.097889266695790039e-03	1.902095903764376358e-02	2.263516064267605613e-02
4.882812500000000102e-07	7.137903389957077176e-03	1.972620199429583193e-02	2.357345733325928380e-02
4.882812500000000102e-07	7.141347717463432561e-03	1.917685207018521298e-02	2.289727653842419525e-02
4.882812500000000102e-07	7.076225867370331164e-03	1.920925432338296476e-02	2.288535772822797298e-02
4.882812500000000102e-07	7.150962247733740063e-03	1.913327888063891258e-02	2.358531141653657029e-02
4.882812500000000102e-07	7.094813475830652819e-03	1.925333228976470676e-02	2.305728485807776590e-02
4.882812500000000102e-07	7.168765569895661598e-03	1.958758026576010863e-02	2.299005945678800344e-02
4.882812500000000102e-07	7.154399415867109500e-03	1.886569903139512575e-02	2.242999097798019717e-02
4.882812500000000102e-07	7.169978744596884612e-03	1.942822892530894283e-02	2.319994708523154259e-02
4.882812500000000102e-07	7.135436763155852090e-03	1.903563979232966719e-02	2.356628011912107606e-02
4.882812500000000102e-07	7.089554775374063214e-03	1.913725678365267927e-02	2.293382813222706249e-02
4.882812500000000102e-07	7.125097063086696832e-03	1.910167892526893826e-02	2.268867962993681431e-02
4.882812500000000102e-07	7.104669534777350096e-03	1.927143770772280981e-02	2.286984163802117248e-02
4.882812500000000102e-07	7.075217434916474327e-03	1.910533178695209347e-02	2.287668969947844605e-02
4.882812500000000102e-07	7.131845379056470612e-03	1.894971377250411620e-02	2.366784287150949101e-02
4.882812500000000102e-07	7.139177680061073450e-03	1.950607046055856039e-02	2.306700977496802668e-02
4.882812500000000102e-07	7.116731083689126214e-03	1.924456015268233289e-02	2.298467699438333511e-02
4.882812500000000102e-07	7.084508912194652057e-03	1.908517699610656412e-02	2.260348536074161668e-02
4.882812500000000102e-07	7.126581193332047308e-03	1.949128313526433259e-02	2.290749594103545089e-02
4.882812500000000102e-07	7.142104142642925931e-03	1.902202667707469930e-02	2.275983348954468966e-02
2.441406250000000051e-07	7.131587947735593992e-03	1.915555754042576678e-02	2.287408490665256838e-02
2.441406250000000051e-07	7.163910476686980583e-03	1.978904311179490588e-02	2.342954482883214881e-02
2.441406250000000051e-07	7.108817691034342509e-03	1.914188796800624787e-02	2.263114717788994312e-02
2.441406250000000051e-07	7.074117537267146129e-03	1.919913851699903834e-02	2.303026665467768769e-02
2.441406250000000051e-07	7.144096640923069778e-03	1.926523349028451404e-02	2.280439850874245097e-02
2.441406250000000051e-07	7.093598532483389417e-03	1.914686631625859420e-02	2.256540989037603140e-02
