1.000000000000000021e-03	2.985485124208331897e-01	2.013112740366870823e-01	1.878221407532691956e-01
1.000000000000000021e-03	1.823373597208464703e-01	1.721790300301856425e-01	1.639759231358766667e-01
1.000000000000000021e-03	1.559947844271815098e-01	1.230264385255219473e-01	1.132278069853782654e-01
1.000000000000000021e-03	1.429029015987816897e-01	1.062665245061769487e-01	9.877194594591856558e-02
1.000000000000000021e-03	1.345553512253200856e-01	1.180330513737588710e-01	1.138511376455426244e-01
1.000000000000000021e-03	1.228392364510344226e-01	8.170312266621290731e-02	7.671334426850080768e-02
1.000000000000000021e-03	1.169395575006213356e-01	7.940333143500757918e-02	7.526314090937376300e-02
1.000000000000000021e-03	1.058457309706326149e-01	9.449558751901407372e-02	9.206477999687194547e-02
1.000000000000000021e-03	9.773962661719308442e-02	9.466402049308048072e-02	8.718805257230996530e-02
1.000000000000000021e-03	9.134028995449700039e-02	6.948241213073280687e-02	7.282608915120362958e-02
1.000000000000000021e-03	8.615927256691448266e-02	8.625465836278431442e-02	9.376919474452734271e-02
1.000000000000000021e-03	8.373569423433581405e-02	8.300674357573399609e-02	7.715418022125959674e-02
1.000000000000000021e-03	8.112838328829541368e-02	1.107353693293651326e-01	1.169342227280139868e-01
1.000000000000000021e-03	7.540960800403283260e-02	6.839527589566420096e-02	7.229110216721892912e-02
1.000000000000000021e-03	7.230291789080113551e-02	6.472515088569431863e-02	5.909089278429746628e-02
1.000000000000000021e-03	6.961667253795648935e-02	5.757318973463243506e-02	6.361065506935119351e-02
1.000000000000000021e-03	6.821842455652440962e-02	6.542931167477088195e-02	6.788040380924939554e-02
1.000000000000000021e-03	6.695663640541070494e-02	5.743060056217678261e-02	6.178585821762681146e-02
1.000000000000000021e-03	6.471053992439800007e-02	6.830993474153948530e-02	7.074425714090466777e-02
1.000000000000000021e-03	6.390487153024573819e-02	9.040921083919664647e-02	9.447417054325342456e-02
1.000000000000000021e-03	6.017983752157086280e-02	6.813331640749702156e-02	7.077967897057532709e-02
1.000000000000000021e-03	6.172793112487173078e-02	6.058348317420919615e-02	5.483050998300313672e-02
1.000000000000000021e-03	5.991885115009466800e-02	5.762102930801701189e-02	6.438734019175171297e-02
1.000000000000000021e-03	5.829756117169596075e-02	5.942914837786040377e-02	6.070109866559505324e-02
1.000000000000000021e-03	5.859660377824563171e-02	7.030679964270267202e-02	7.483922475948930064e-02
1.000000000000000021e-03	5.754122952321125140e-02	6.119215660070249224e-02	6.311199422925710401e-02
1.000000000000000021e-03	5.533301147321859764e-02	7.776983817600455207e-02	8.266709307208656987e-02
1.000000000000000021e-03	5.525984388406086911e-02	4.764250878498191982e-02	5.183663051575422565e-02
1.000000000000000021e-03	5.428465209043150524e-02	5.709012018526411769e-02	6.088319867849349698e-02
1.000000000000000021e-03	5.315989529179791784e-02	5.555365447208519131e-02	5.755720240995287895e-02
1.000000000000000021e-03	5.180492734838842983e-02	4.595795874508263462e-02	4.851734116673469405e-02
1.000000000000000021e-03	5.201224346036755625e-02	5.249569740594993428e-02	5.730687323957681795e-02
1.000000000000000021e-03	5.004655396855106630e-02	4.492148363972521541e-02	5.096985781565308710e-02
1.000000000000000021e-03	5.108948696757937419e-02	4.679912207794439255e-02	5.138823124580085139e-02
1.000000000000000021e-03	5.005500538555288786e-02	4.763288479980998247e-02	4.488873258233070512e-02
1.000000000000000021e-03	4.941894182065256075e-02	4.803800034819473430e-02	5.414906600490212302e-02
1.000000000000000021e-03	4.891687914525408298e-02	4.536799945093262371e-02	5.045726103708148003e-02
1.000000000000000021e-03	4.907157055929588924e-02	5.741929198512855936e-02	5.966807538643479486e-02
1.000000000000000021e-03	4.757864090195223356e-02	4.865433065054928369e-02	5.252604195848107477e-02
1.000000000000000021e-03	4.662118383497432933e-02	4.567191273910212873e-02	4.986983165144920349e-02
1.000000000000000021e-03	4.780658390297141958e-02	4.169301634059526668e-02	4.635613420978188653e-02
1.000000000000000021e-03	4.605906110402107484e-02	4.308961193364952563e-02	4.823532844893634042e-02
1.000000000000000021e-03	4.691053465996945088e-02	4.161394658591110324e-02	4.602129119448363642e-02
1.000000000000000021e-03	4.694473853637098903e-02	4.642303187536631764e-02	5.202221050858497897e-02
1.000000000000000021e-03	4.523436304392025598e-02	4.924254119396209717e-02	5.398274166509509087e-02
1.000000000000000021e-03	4.603882522093064034e-02	5.484310127989783928e-02	5.735459299758076390e-02
1.000000000000000021e-03	4.502429229647805092e-02	6.944122723259850416e-02	7.214115327224135399e-02
1.000000000000000021e-03	4.447295965216165048e-02	4.944175280903646136e-02	5.234863702207803726e-02
1.000000000000000021e-03	4.380189610830464292e-02	4.369519385679854206e-02	4.623317471705377241e-02
1.000000000000000021e-03	4.502854558112075190e-02	4.449563271595233238e-02	4.826354044489562789e-02
1.000000000000000021e-03	4.243401477222805834e-02	3.790373006026158398e-02	4.070173115469515046e-02
1.000000000000000021e-03	4.318515160199581926e-02	4.201040633451876005e-02	4.806992737576365471e-02
1.000000000000000021e-03	4.252647729010829158e-02	4.252805275091638137e-02	4.571679132059216361e-02
1.000000000000000021e-03	4.241872885832784906e-02	4.080783948302268982e-02	4.578393693082034865e-02
1.000000000000000021e-03	4.284259005774239404e-02	4.743771846966905736e-02	4.539054147899150571e-02
1.000000000000000021e-03	4.130581232928792756e-02	4.099494849785147860e-02	4.007418048568069796e-02
1.000000000000000021e-03	4.191569244860735705e-02	5.467835386620142207e-02	5.878509394824504852e-02
1.000000000000000021e-03	4.119748478065125147e-02	4.072535250589485317e-02	4.410393936559557637e-02
1.000000000000000021e-03	4.027825947298325354e-02	4.347051588418596180e-02	3.636147417128086229e-02
1.000000000000000021e-03	4.091556590113305802e-02	3.462851772094584224e-02	3.582675158977508684e-02
1.000000000000000021e-03	4.004792980806400060e-02	3.550504673642949915e-02	3.756876476109027863e-02
1.000000000000000021e-03	4.037200895621895907e-02	4.142016499103363947e-02	4.490132024511694908e-02
1.000000000000000021e-03	3.928527991445068812e-02	3.858919004807297159e-02	4.201832916587591032e-02
1.000000000000000021e-03	4.019673732003720135e-02	3.683774986582276367e-02	4.155582501552999158e-02
1.000000000000000021e-03	3.981180876003683616e-02	3.768312029969629606e-02	4.096317118965089182e-02
1.000000000000000021e-03	3.970775850997059625e-02	3.629135833906877578e-02	3.961575259454548636e-02
1.000000000000000021e-03	3.768892052251284625e-02	3.782097998206840339e-02	4.312136797234415730e-02
1.000000000000000021e-03	3.793747348298057154e-02	3.454388191445647432e-02	3.883154783397912979e-02
1.000000000000000021e-03	3.727518168449783093e-02	5.376607485856685353e-02	5.747865755110979219e-02
1.000000000000000021e-03	3.746252305970385055e-02	3.629844450435713160e-02	4.311188268475234231e-02
1.000000000000000021e-03	3.663465918441058400e-02	4.829486927592941542e-02	5.480424780398607254e-02
1.000000000000000021e-03	3.793039023139366944e-02	4.136638188276303696e-02	4.483447684906423369e-02
1.000000000000000021e-03	3.659184769753837108e-02	3.707759482152175184e-02	4.371907580643892566e-02
1.000000000000000021e-03	3.585800562441834177e-02	3.677640852386726555e-02	4.185339426621794562e-02
1.000000000000000021e-03	3.560801712257560814e-02	3.790382896574379795e-02	4.387367074377834797e-02
1.000000000000000021e-03	3.540717227327019184e-02	3.829918261519901085e-02	4.066438972949981689e-02
1.000000000000000021e-03	3.425763833914612783e-02	3.498809309725049721e-02	9.849313669838011265e-02
1.000000000000000021e-03	3.446860848739093097e-02	3.943206904290234155e-02	4.649558723904192309e-02
1.000000000000000021e-03	3.412155571668351595e-02	3.590406377005015554e-02	4.122041412629186968e-02
1.000000000000000021e-03	3.339079073118289553e-02	3.553034926896320167e-02	4.423930381890386204e-02
1.000000000000000021e-03	3.311764796921650572e-02	3.464911994158597491e-02	3.987480867654084882e-02
1.000000000000000021e-03	3.202637119208955052e-02	3.230065554965540903e-02	3.775655673816800256e-02
1.000000000000000021e-03	3.255039310801195740e-02	3.235393666043019645e-02	3.783651143312453946e-02
1.000000000000000021e-03	3.192079258804199349e-02	4.016703615911031838e-02	4.387978115119040012e-02
1.000000000000000021e-03	3.170338706690395414e-02	3.990950724061247123e-02	4.539785734377801280e-02
1.000000000000000021e-03	3.205007324434075433e-02	3.568775858242474036e-02	4.138267687521875182e-02
1.000000000000000021e-03	3.238132504238126763e-02	3.132658340621993082e-02	3.650721532758325477e-02
1.000000000000000021e-03	2.977475786496033838e-02	3.146604443680865726e-02	3.742065504193305830e-02
1.000000000000000021e-03	3.002388681403733370e-02	3.389577656321188237e-02	3.965046289376914640e-02
1.000000000000000021e-03	2.997907383422681107e-02	3.530786783283293429e-02	4.298439463600516042e-02
1.000000000000000021e-03	3.048265805232830070e-02	4.079771977093519381e-02	4.499397929757833342e-02
1.000000000000000021e-03	2.919683197145894749e-02	3.020122433715153806e-02	3.650994719937443456e-02
1.000000000000000021e-03	2.877275402689652775e-02	3.857921681205951636e-02	4.425075836479663849e-02
1.000000000000000021e-03	2.917011458764785792e-02	3.155791771193449530e-02	3.460911461152136465e-02
1.000000000000000021e-03	2.840696876178375879e-02	3.040862077583817227e-02	3.490100502967834195e-02
1.000000000000000021e-03	2.982428393404174330e-02	3.004246012975720151e-02	3.421457002405077497e-02
1.000000000000000021e-03	2.874338360196667524e-02	3.413098724802750977e-02	3.490229407325386862e-02
1.000000000000000021e-03	2.920914220625297347e-02	3.262352758131101954e-02	3.753271847963333269e-02
1.000000000000000021e-03	2.802041425884914394e-02	2.991784360084234068e-02	3.378122542053461214e-02
1.000000000000000021e-03	2.812710750919570138e-02	3.316858777513054940e-02	3.826280361972748956e-02
1.000000000000000021e-03	2.855863850217024366e-02	2.933588052529315093e-02	3.205213840119540414e-02
1.000000000000000021e-03	2.867879371151735649e-02	3.874878639950177922e-02	4.199678669683635374e-02
1.000000000000000021e-03	2.781810679046600732e-02	4.504755570392333930e-02	5.081761097535490712e-02
1.000000000000000021e-03	2.800721290059184077e-02	3.424491824006847124e-02	3.833782984875142713e-02
1.000000000000000021e-03	2.673738340155339122e-02	3.525749092716821270e-02	4.110809490084647855e-02
1.000000000000000021e-03	2.676299493380623548e-02	2.818970861040172651e-02	3.396875502076000114e-02
1.000000000000000021e-03	2.840273479002984602e-02	4.196628044647072314e-02	4.618180445395410338e-02
1.000000000000000021e-03	2.701374325292307463e-02	2.876184420435840688e-02	3.274224740453064719e-02
1.000000000000000021e-03	2.639789719442301244e-02	3.090598292804825481e-02	3.414900633506477018e-02
1.000000000000000021e-03	2.733304557824478218e-02	3.010729437021060842e-02	3.589045442640781403e-02
1.000000000000000021e-03	2.623586820242379200e-02	3.059542395603594492e-02	3.549793739803135117e-02
1.000000000000000021e-03	2.634447294657420516e-02	3.010616278890227912e-02	3.480031690560281277e-02
1.000000000000000021e-03	2.656646155594583059e-02	3.203463330084740934e-02	3.750667590647936006e-02
1.000000000000000021e-03	2.649536790892941321e-02	2.911688726765947199e-02	3.405068521387875219e-02
1.000000000000000021e-03	2.591005417097353228e-02	2.866666497789440229e-02	3.357557966373860697e-02
1.000000000000000021e-03	2.577939649763202196e-02	2.894472721866600193e-02	3.065683292225003173e-02
1.000000000000000021e-03	2.567746937643344482e-02	2.855589132541449388e-02	3.488727346993982653e-02
1.000000000000000021e-03	2.589480586646860510e-02	3.824121332410430202e-02	4.342291872017085830e-02
1.000000000000000021e-03	2.535945615704632283e-02	3.606723064644486165e-02	4.304150803945958753e-02
1.000000000000000021e-03	2.535283312780122617e-02	3.270548482605924179e-02	3.339544860646128516e-02
1.000000000000000021e-03	2.531887372384642246e-02	2.935872916424773701e-02	3.638380970805883685e-02
1.000000000000000021e-03	2.531311501071091194e-02	2.928192826738844345e-02	3.477906291373074332e-02
1.000000000000000021e-03	2.430387877346108089e-02	2.675709286363336936e-02	2.734908701386302640e-02
1.000000000000000021e-03	2.457299951784672545e-02	4.308137385398929514e-02	4.769732868298888484e-02
1.000000000000000021e-03	2.527246093881327718e-02	2.896409309152221320e-02	3.213366121053695679e-02
1.000000000000000021e-03	2.430322817448199446e-02	2.905787888387734857e-02	3.399092457257211347e-02
1.000000000000000021e-03	2.428854974620629423e-02	2.707045219097461985e-02	3.312401343137025972e-02
1.000000000000000021e-03	2.462311441467781442e-02	3.023314695434732580e-02	3.557468936778605123e-02
1.000000000000000021e-03	2.534177265205291019e-02	2.739072784157323484e-02	3.364561777561903000e-02
1.000000000000000021e-03	2.419646920981952803e-02	3.334926666584626248e-02	3.589890995062887391e-02
1.000000000000000021e-03	2.479375694748913589e-02	2.770946664901460105e-02	3.364864685572684089e-02
1.000000000000000021e-03	2.375180547306050827e-02	2.649266082617936918e-02	3.172799753956496993e-02
1.000000000000000021e-03	2.325886589869934767e-02	2.779137858077493708e-02	3.321666729170828780e-02
1.000000000000000021e-03	2.449385475349970601e-02	2.864953659045758536e-02	3.374458805192261796e-02
1.000000000000000021e-03	2.395941610456189114e-02	3.546766776845092922e-02	4.003249099478125433e-02
1.000000000000000021e-03	2.365049638001463783e-02	2.619853614785596502e-02	3.195133460685610494e-02
1.000000000000000021e-03	2.342982542196666781e-02	2.799382337724975328e-02	3.330761790275573592e-02
1.000000000000000021e-03	2.371433023428365719e-02	3.895402169196393594e-02	4.409578549675643305e-02
1.000000000000000021e-03	2.402774420734267447e-02	3.102572123807762275e-02	3.510465687140822133e-02
1.000000000000000021e-03	2.302350886079410769e-02	3.364466192171523817e-02	3.702269350178540031e-02
1.000000000000000021e-03	2.425915282382182930e-02	2.892263193678169461e-02	3.371024574153125286e-02
1.000000000000000021e-03	2.276271948815172114e-02	2.619928485318940431e-02	3.093811133876443048e-02
1.000000000000000021e-03	2.315555739640721630e-02	3.496416100344732630e-02	3.917012778110802451e-02
1.000000000000000021e-03	2.361448309554947667e-02	3.036281059822799194e-02	3.259432348422706266e-02
1.000000000000000021e-03	2.216796488016236841e-02	2.772755782407615791e-02	3.125226330012083331e-02
1.000000000000000021e-03	2.360784593284771457e-02	2.648277755300099817e-02	2.982335968408733606e-02
1.000000000000000021e-03	2.294122696859050153e-02	2.980462132090049357e-02	3.578052832745015621e-02
1.000000000000000021e-03	2.309138795557047832e-02	2.810532665026437699e-02	3.106595468707382818e-02
1.000000000000000021e-03	2.295663922054258510e-02	3.076620076183249342e-02	3.634400144219398360e-02
1.000000000000000021e-03	2.270382167495149997e-02	2.827647936905865883e-02	3.445683605968952179e-02
1.000000000000000021e-03	2.289283430824677265e-02	2.849081253233068378e-02	3.411133890040218830e-02
1.000000000000000021e-03	2.202499258630476187e-02	2.940963078972868780e-02	3.363506635650992393e-02
1.000000000000000021e-03	2.253524393250666211e-02	2.762432098973795908e-02	3.371484335511922698e-02
1.000000000000000021e-03	2.249352056143015532e-02	3.078547363896020489e-02	3.318348852917551994e-02
1.000000000000000021e-03	2.271611940650970426e-02	2.748222280469240358e-02	3.275552708655595641e-02
1.000000000000000021e-03	2.202756213671145866e-02	2.811313985178920047e-02	3.365961662493646006e-02
1.000000000000000021e-03	2.234678332752929042e-02	2.894521513417441100e-02	3.427518676035105905e-02
5.000000000000000104e-04	1.755692617541884312e-02	2.393509242781169735e-02	2.936970272567123244e-02
5.000000000000000104e-04	1.699011977826997769e-02	2.329120047741535526e-02	2.936386580113321473e-02
5.000000000000000104e-04	1.671010029403066990e-02	2.283808926890813773e-02	2.883977591991424699e-02
5.000000000000000104e-04	1.637293477588749879e-02	2.638802116649001037e-02	3.175388565286994119e-02
5.000000000000000104e-04	1.616850642865570384e-02	2.452875687911404423e-02	2.934734816662967066e-02
5.000000000000000104e-04	1.610656355146303578e-02	2.631808609179957237e-02	3.280716813169419488e-02
5.000000000000000104e-04	1.618377307680212915e-02	2.236840962700506821e-02	2.799969452898949315e-02
5.000000000000000104e-04	1.576105411445647211e-02	2.443707870875353599e-02	2.956048529595136504e-02
5.000000000000000104e-04	1.569639501303278506e-02	2.340264484305812354e-02	2.839354865718633075e-02
5.000000000000000104e-04	1.551292526171070899e-02	2.202377425438446432e-02	2.856370359659194877e-02
5.000000000000000104e-04	1.558999105022354330e-02	2.386815677743151648e-02	2.975081920158118010e-02
5.000000000000000104e-04	1.557848289925355817e-02	2.609785898778763102e-02	3.140490404330194274e-02
5.000000000000000104e-04	1.573735161577722447e-02	2.200225567571935728e-02	2.727909889072179656e-02
5.000000000000000104e-04	1.588288098768726037e-02	2.190671654427862880e-02	2.803273592144250870e-02
5.000000000000000104e-04	1.550919413479904217e-02	2.220736640988220031e-02	2.718822103925049374e-02
5.000000000000000104e-04	1.537523019426069448e-02	2.311969591860527778e-02	2.827609450323507329e-02
5.000000000000000104e-04	1.521234378465703176e-02	2.280892374686389543e-02	2.798471190035343309e-02
5.000000000000000104e-04	1.527204521763213772e-02	2.258626689539530025e-02	2.820301693864166875e-02
5.000000000000000104e-04	1.538541728989321379e-02	2.272143149602163376e-02	2.815900580026209354e-02
5.000000000000000104e-04	1.520530509460693569e-02	2.478024418616950331e-02	2.984951464459300111e-02
5.000000000000000104e-04	1.496705394931713978e-02	2.233823721848077204e-02	2.788012158125639101e-02
5.000000000000000104e-04	1.490749636369173917e-02	2.332252984213111294e-02	2.886574070435017278e-02
5.000000000000000104e-04	1.508620149310225395e-02	2.309642609754938153e-02	2.857162456493824582e-02
5.000000000000000104e-04	1.533034669182254187e-02	2.473934213216392314e-02	2.978837646078318427e-02
5.000000000000000104e-04	1.516862704303200207e-02	2.310671445216340089e-02	2.878086366690695355e-02
5.000000000000000104e-04	1.507759063356729941e-02	2.418210849419470329e-02	2.968902522698044916e-02
5.000000000000000104e-04	1.533858428279576136e-02	2.341926407985662345e-02	2.931275907903909544e-02
5.000000000000000104e-04	1.492960933203645903e-02	2.294809896869497157e-02	2.856927367392927269e-02
5.000000000000000104e-04	1.507718058507791919e-02	2.249117207796317783e-02	2.822751842904835939e-02
5.000000000000000104e-04	1.478625272160668039e-02	2.602307049859880692e-02	3.180662323720753054e-02
5.000000000000000104e-04	1.482680608280579487e-02	2.246675420923070765e-02	2.829460492357611587e-02
5.000000000000000104e-04	1.484184836781323076e-02	2.462587214479739633e-02	3.045143620111048083e-02
5.000000000000000104e-04	1.460249196638316836e-02	2.515139978827606385e-02	3.003335692919790675e-02
5.000000000000000104e-04	1.485880609892131082e-02	2.444321661699972933e-02	3.003568821586668353e-02
5.000000000000000104e-04	1.458453979351844419e-02	2.361881328717420347e-02	3.079429622739553521e-02
2.500000000000000052e-04	1.232141033714337017e-02	2.092926588923675266e-02	2.715341311413794687e-02
2.500000000000000052e-04	1.206483558489962124e-02	2.021208716585685961e-02	2.595692567992955585e-02
2.500000000000000052e-04	1.200258380740473578e-02	2.199010174058338776e-02	2.779992802534252475e-02
2.500000000000000052e-04	1.177095641220045862e-02	2.273960392044476961e-02	2.835079748183488846e-02
2.500000000000000052e-04	1.212625864567045547e-02	2.035877638111251858e-02	2.640002775005996158e-02
2.500000000000000052e-04	1.183467552660725543e-02	2.149375460807877516e-02	2.691922239027917316e-02
2.500000000000000052e-04	1.174471210775037723e-02	2.189159941864419340e-02	2.748363518621772458e-02
2.500000000000000052e-04	1.173557742884021732e-02	2.183667663484811783e-02	2.786894307937472920e-02
2.500000000000000052e-04	1.161212709430581302e-02	2.486871743662507142e-02	3.086053770966827939e-02
2.500000000000000052e-04	1.173767818862907208e-02	2.057491760720445151e-02	2.614731576759368042e-02
2.500000000000000052e-04	1.160706888148566561e-02	2.068719148869914079e-02	2.689167456701397826e-02
2.500000000000000052e-04	1.152997134755072428e-02	2.049997480615427248e-02	2.861366746947169304e-02
2.500000000000000052e-04	1.170833491779313396e-02	2.037536888749031522e-02	2.621362789068371058e-02
2.500000000000000052e-04	1.164147956621870532e-02	2.097903473390490617e-02	2.658997704274952342e-02
2.500000000000000052e-04	1.141449470623434777e-02	2.067188554838377684e-02	2.686541040893643956e-02
2.500000000000000052e-04	1.152602500114817408e-02	2.049851629649001097e-02	2.621129569597542217e-02
2.500000000000000052e-04	1.136810977067180713e-02	2.184059303643971772e-02	2.741702508646994690e-02
2.500000000000000052e-04	1.133085629096067248e-02	2.071989046809560864e-02	2.595025387126952479e-02
2.500000000000000052e-04	1.148045927837681827e-02	2.021610211210413122e-02	2.635508349630981753e-02
2.500000000000000052e-04	1.129492623281815218e-02	2.103408740550591696e-02	2.678633912000805140e-02
2.500000000000000052e-04	1.149463799980931199e-02	2.050410331524323351e-02	2.643959904089570115e-02
2.500000000000000052e-04	1.134493634719109002e-02	2.111260583673004246e-02	2.711691418662667136e-02
2.500000000000000052e-04	1.137303321667279890e-02	2.133869708891158318e-02	2.691481227520853281e-02
1.250000000000000026e-04	1.023019619942699618e-02	1.982590461549646466e-02	2.591282266657799621e-02
1.250000000000000026e-04	1.001260616697930046e-02	1.969088257061249458e-02	2.540887543000280857e-02
1.250000000000000026e-04	9.998521365554718238e-03	2.029458672315350223e-02	2.668098364956677029e-02
1.250000000000000026e-04	9.969090629767772549e-03	2.067395657574007048e-02	2.640001913532614639e-02
1.250000000000000026e-04	9.973886769824054713e-03	2.023532327401076150e-02	2.739104940555989881e-02
1.250000000000000026e-04	9.974623195677476128e-03	1.979758885947509664e-02	2.540827856864780188e-02
1.250000000000000026e-04	9.943000705985307122e-03	2.029304594503647530e-02	2.665499078575521777e-02
1.250000000000000026e-04	9.894516817475558501e-03	1.962443176871506850e-02	2.575519504025578638e-02
1.250000000000000026e-04	9.895878600432315292e-03	2.001803413677121987e-02	2.579564200714230468e-02
1.250000000000000026e-04	9.870243399637497472e-03	2.020879958254036615e-02	2.553523604292422602e-02
1.250000000000000026e-04	9.859065047924154418e-03	1.966809111778960659e-02	2.556946573313325505e-02
1.250000000000000026e-04	9.827502166398341399e-03	1.982924912651484045e-02	2.540760380215942998e-02
1.250000000000000026e-04	9.628312605356775106e-03	1.985187612044873526e-02	2.658324691001325707e-02
1.250000000000000026e-04	9.773247542077541372e-03	2.020480530092697360e-02	2.611715767998248200e-02
1.250000000000000026e-04	9.770714124169476572e-03	1.991171163082590748e-02	2.550961563829332729e-02
1.250000000000000026e-04	9.663553804174334835e-03	2.016851216730179003e-02	2.595185120590031216e-02
1.250000000000000026e-04	9.757303149526622144e-03	1.983082780604743245e-02	2.549884235486388206e-02
1.250000000000000026e-04	9.608013354135658615e-03	2.085743398351974989e-02	2.674308638088405271e-02
1.250000000000000026e-04	9.696962232763785619e-03	2.042597543487217893e-02	2.650262820534408231e-02
1.250000000000000026e-04	9.631920254552533978e-03	1.972600043366092709e-02	2.559378782752901385e-02
1.250000000000000026e-04	9.619808390654228242e-03	2.037745330443713199e-02	2.635775781236588886e-02
1.250000000000000026e-04	9.654894599028976399e-03	2.016190737388364948e-02	2.582762332167476416e-02
1.250000000000000026e-04	9.672795129271355430e-03	1.965706443891943392e-02	2.535769266542047332e-02
1.250000000000000026e-04	9.537048838055275576e-03	2.181119575160336138e-02	2.738469613250344922e-02
1.250000000000000026e-04	9.560314577599470301e-03	1.953438793294404868e-02	2.528309680055827041e-02
1.250000000000000026e-04	9.629681932893237664e-03	1.971818301924236141e-02	2.527092245873063803e-02
1.250000000000000026e-04	9.552208977898256695e-03	1.969664581412576207e-02	2.556704101152718067e-02
1.250000000000000026e-04	9.615811769086098776e-03	2.024633594403404263e-02	2.603013343177735736e-02
1.250000000000000026e-04	9.566679662998294961e-03	1.973670284161392965e-02	2.558522312901913981e-02
1.250000000000000026e-04	9.516787030986051041e-03	2.018378929025371749e-02	2.713645508047193150e-02
1.250000000000000026e-04	9.491551002956722521e-03	2.000268434140226731e-02	2.602693298831582069e-02
1.250000000000000026e-04	9.537174514050034135e-03	2.285501088810528922e-02	2.907967637293040752e-02
1.250000000000000026e-04	9.578639834549292423e-03	1.982923225543573725e-02	2.635197106283158203e-02
1.250000000000000026e-04	9.515733513905255334e-03	2.007818173773157772e-02	2.619320729281753371e-02
1.250000000000000026e-04	9.523973553460426608e-03	2.054703926072695003e-02	2.621570986229926348e-02
1.250000000000000026e-04	9.556146565859421557e-03	2.001470014335909528e-02	2.613947449717670540e-02
1.250000000000000026e-04	9.641717388519476309e-03	1.987794543865151545e-02	2.564799580723047326e-02
1.250000000000000026e-04	9.382402097157280241e-03	2.002471198293707261e-02	2.587212543003260951e-02
1.250000000000000026e-04	9.509324624651198377e-03	1.977858263316579004e-02	2.564740534871816705e-02
1.250000000000000026e-04	9.436039643339409755e-03	1.964612796181003374e-02	2.583641614764928957e-02
1.250000000000000026e-04	9.465208725430560369e-03	1.960669427681031515e-02	2.519924391526728868e-02
1.250000000000000026e-04	9.402775885336807707e-03	2.054541445390872453e-02	2.604333218187093735e-02
1.250000000000000026e-04	9.397153219792162004e-03	2.042602425372881322e-02	2.638347609899938107e-02
1.250000000000000026e-04	9.546516034611266660e-03	2.011690660823546237e-02	2.559529989957809448e-02
1.250000000000000026e-04	9.447822159556038338e-03	2.043157653073677735e-02	2.697821441106498103e-02
1.250000000000000026e-04	9.376309613776872415e-03	1.972271790191609114e-02	2.658972465433180263e-02
6.250000000000000130e-05	8.773080405409146298e-03	1.919141874516977833e-02	2.490961097646504641e-02
6.250000000000000130e-05	8.761327520582810544e-03	1.966310029664120745e-02	2.532183974981307845e-02
6.250000000000000130e-05	8.776362412980279540e-03	2.020974255396121300e-02	2.739749571774154763e-02
6.250000000000000130e-05	8.723178080111360089e-03	1.938229887526853046e-02	2.621333361603319506e-02
6.250000000000000130e-05	8.669629212200139282e-03	1.927635422298265219e-02	2.472981698811054299e-02
6.250000000000000130e-05	8.725454297226622330e-03	2.020390029918616923e-02	2.556872128043323825e-02
6.250000000000000130e-05	8.611596544577137732e-03	1.982907069778723150e-02	2.563350168056786199e-02
6.250000000000000130e-05	8.631245958293209605e-03	1.948170954390814058e-02	2.554224259220063548e-02
6.250000000000000130e-05	8.610052476220434597e-03	1.989381965152256168e-02	2.598882811143994262e-02
6.250000000000000130e-05	8.694364672766184340e-03	1.945269664174131136e-02	2.531868347432464361e-02
6.250000000000000130e-05	8.647674153959287319e-03	1.951309973715331658e-02	2.518933608662337134e-02
6.250000000000000130e-05	8.594356877366303785e-03	1.973571820447894351e-02	2.554585852194577594e-02
6.250000000000000130e-05	8.653885377446376287e-03	1.963015768130880329e-02	2.609862543176859687e-02
6.250000000000000130e-05	8.507234417931450535e-03	1.904655215744884694e-02	2.475767845753580262e-02
6.250000000000000130e-05	8.637652515990138641e-03	1.926155505867684775e-02	2.512522321194410324e-02
6.250000000000000130e-05	8.585825012297893660e-03	1.953355535981854754e-02	2.532217181287705829e-02
6.250000000000000130e-05	8.566163439106428204e-03	1.984929063732867455e-02	2.556421891786158154e-02
6.250000000000000130e-05	8.534975033231759559e-03	1.959400534317755696e-02	2.535017384216189246e-02
6.250000000000000130e-05	8.571760842729404806e-03	1.926521851110676864e-02	2.503886437043547492e-02
6.250000000000000130e-05	8.556802393548914448e-03	2.043620349244453654e-02	2.626342207659036060e-02
6.250000000000000130e-05	8.565222836625634162e-03	1.977753766973293359e-02	2.551721576601266930e-02
6.250000000000000130e-05	8.577078335700148368e-03	1.912236245865909373e-02	2.503958411980420490e-02
6.250000000000000130e-05	8.525186626282869884e-03	1.915065781335243897e-02	2.488353124354034801e-02
6.250000000000000130e-05	8.574876693197119870e-03	1.938277671688982268e-02	2.507779495790600846e-02
6.250000000000000130e-05	8.532746512672542347e-03	1.979225210318858591e-02	2.548360803630202870e-02
6.250000000000000130e-05	8.563989106459524506e-03	1.935692246106126418e-02	2.533715579193085432e-02
6.250000000000000130e-05	8.587167566883800035e-03	1.973747598563189293e-02	2.552649511490017245e-02
6.250000000000000130e-05	8.463709980602645774e-03	1.992165353344216988e-02	2.562620081007480760e-02
6.250000000000000130e-05	8.471709194443058019e-03	1.965322410834085404e-02	2.531744006555527310e-02
6.250000000000000130e-05	8.546249330674425895e-03	2.066208070621908602e-02	2.657224193681031327e-02
6.250000000000000130e-05	8.519079440575116902e-03	1.944585587751334818e-02	2.500194536987692187e-02
6.250000000000000130e-05	8.420321836833553550e-03	1.958914870562041693e-02	2.529809059342369437e-02
6.250000000000000130e-05	8.494701908024730394e-03	1.977903695279703208e-02	2.536713450681418042e-02
6.250000000000000130e-05	8.499975559215531412e-03	1.946114465906357768e-02	2.628514666575938394e-02
6.250000000000000130e-05	8.435739563217839812e-03	1.941700345051538407e-02	2.494217508938163450e-02
3.125000000000000065e-05	8.179615786729283605e-03	1.943296423737759376e-02	2.531800956930965046e-02
3.125000000000000065e-05	8.147028979421129871e-03	1.931859345141193757e-02	2.500302323605865101e-02
3.125000000000000065e-05	8.106944829533271543e-03	1.980119705180691247e-02	6.760246676858513992e-02
3.125000000000000065e-05	8.122165017740160670e-03	1.964518109931371465e-02	2.599568171426653793e-02
3.125000000000000065e-05	8.119511836029073490e-03	1.954842033596095041e-02	2.518715721089392900e-02
3.125000000000000065e-05	8.116066238586641668e-03	1.889653095283121489e-02	2.475505312904715399e-02
3.125000000000000065e-05	8.093881905414792438e-03	1.940822584739842344e-02	2.514455902855843375e-02
3.125000000000000065e-05	8.051800656708314047e-03	1.952546070871084838e-02	2.512232265435159276e-02
3.125000000000000065e-05	8.078915421613137512e-03	1.983948103615438760e-02	2.563504185527563234e-02
3.125000000000000065e-05	8.078713842286767630e-03	1.961955745553314867e-02	2.523780495394021411e-02
3.125000000000000065e-05	8.109214359438215308e-03	1.954078701622198946e-02	2.682252498343586783e-02
3.125000000000000065e-05	8.084261595689241561e-03	1.956381947679825331e-02	2.592648500576615403e-02
3.125000000000000065e-05	8.068340480784870483e-03	1.959749457002154041e-02	2.570635890588164260e-02
3.125000000000000065e-05	8.089468102802485974e-03	1.938148222727145362e-02	2.525181581731885533e-02
3.125000000000000065e-05	8.093513630454088337e-03	1.924529912545106664e-02	2.498948273714631657e-02
3.125000000000000065e-05	8.071889527631818939e-03	1.968749676933463297e-02	2.555645261891186307e-02
3.125000000000000065e-05	8.062095873528109247e-03	1.967158190984064428e-02	2.544424789957702021e-02
3.125000000000000065e-05	8.117649728327191311e-03	1.964222267270088196e-02	2.522700156550854514e-02
3.125000000000000065e-05	8.046141224509670981e-03	1.931534299909756433e-02	8.505243659019470770e-02
3.125000000000000065e-05	8.070566141820788991e-03	1.936265857431901036e-02	6.693714624270796776e-02
3.125000000000000065e-05	8.129774242825914959e-03	1.914678422821909989e-02	2.484031280037015538e-02
3.125000000000000065e-05	8.009512556869581579e-03	1.894328543789567873e-02	2.476679503452032874e-02
3.125000000000000065e-05	8.096007968842498098e-03	1.934768717384931225e-02	2.506740015232935409e-02
3.125000000000000065e-05	8.049151565448324497e-03	1.997602221931462502e-02	2.594416018109768629e-02
3.125000000000000065e-05	8.108738144787073707e-03	1.922746928145436032e-02	2.532218622509390185e-02
3.125000000000000065e-05	8.002530002978442900e-03	1.948825634664889950e-02	2.506342704873532057e-02
3.125000000000000065e-05	8.062594169301131458e-03	1.932703447162480853e-02	2.539213963318616082e-02
1.562500000000000033e-05	7.813519439830673291e-03	1.926333944347360244e-02	2.497663625981658836e-02
1.562500000000000033e-05	7.873289539560528530e-03	1.939635225010948039e-02	2.530380033422261615e-02
1.562500000000000033e-05	7.852699377895303035e-03	1.960085165633268858e-02	2.531025225762277911e-02
1.562500000000000033e-05	7.866193101551208905e-03	1.928369810131832021e-02	2.495514480397105148e-02
1.562500000000000033e-05	7.823043196489725543e-03	1.958868434623430022e-02	2.543146049138158421e-02
1.562500000000000033e-05	7.867140710622574570e-03	1.945131851838053164e-02	2.522081991191953490e-02
1.562500000000000033e-05	7.867880360618311961e-03	1.919092731404054702e-02	2.498110861051827669e-02
1.562500000000000033e-05	7.793107321957227010e-03	1.901600994072191395e-02	2.503180825151503017e-02
1.562500000000000033e-05	7.808542368828452936e-03	1.945875889831344407e-02	2.514879063237458398e-02
1.562500000000000033e-05	7.856301336758891168e-03	1.960486065381796678e-02	2.542360664810985188e-02
1.562500000000000033e-05	7.801023152358331492e-03	1.919010337149597636e-02	2.536517416592687368e-02
1.562500000000000033e-05	7.828318062083988033e-03	1.933020366970157264e-02	2.527366920839995215e-02
1.562500000000000033e-05	7.848286549948098670e-03	1.947845179217023992e-02	2.526599024422466686e-02
1.562500000000000033e-05	7.846809418708380196e-03	1.932118017304474203e-02	2.500574737787246773e-02
1.562500000000000033e-05	7.785034232131959192e-03	1.974755724531193635e-02	2.537490250542760034e-02
1.562500000000000033e-05	7.834830860173358849e-03	1.936852639414253160e-02	2.523504986893385788e-02
1.562500000000000033e-05	7.794735952940893414e-03	1.912007149777019202e-02	2.581569985486566882e-02
1.562500000000000033e-05	7.857927672213908463e-03	1.920118020038017945e-02	2.495219630654901127e-02
1.562500000000000033e-05	7.767420470684229146e-03	1.954218278107530682e-02	2.554226522333919933e-02
1.562500000000000033e-05	7.820376608934666990e-03	1.903961089815144753e-02	2.482011637184768776e-02
1.562500000000000033e-05	7.841569477168885624e-03	1.900041492470583987e-02	2.465975694358348708e-02
7.812500000000000163e-06	7.756903108508434765e-03	1.923130053285684871e-02	2.506236748304218123e-02
7.812500000000000163e-06	7.722755528362321327e-03	1.948299725583866465e-02	2.542753075249493122e-02
7.812500000000000163e-06	7.703382672212146995e-03	1.933971793434694636e-02	2.520821366924792459e-02
7.812500000000000163e-06	7.700544397047069840e-03	1.940907324854460048e-02	2.666354423854500055e-02
7.812500000000000163e-06	7.750872431844126227e-03	1.950819827421173408e-02	2.568441836629063030e-02
7.812500000000000163e-06	7.719545200122536997e-03	1.934355352054403787e-02	2.518685252871364494e-02
7.812500000000000163e-06	7.701233058621746383e-03	1.936768900837105775e-02	2.512960890308022638e-02
7.812500000000000163e-06	7.743820736055772105e-03	1.968654236848909819e-02	2.569238292053342004e-02
7.812500000000000163e-06	7.684523782867844731e-03	1.927699942473341810e-02	2.518778862431645532e-02
7.812500000000000163e-06	7.674407449872203135e-03	1.910615160437154417e-02	2.469729050062596798e-02
7.812500000000000163e-06	7.775831214244920825e-03	1.922959933808336686e-02	2.510937168262898991e-02
7.812500000000000163e-06	7.697411341491898484e-03	1.941162082049703239e-02	2.606470892205834528e-02
7.812500000000000163e-06	7.671397730086157267e-03	2.016646096102542307e-02	2.595742044504732032e-02
7.812500000000000163e-06	7.788051761428913672e-03	1.907994662026304272e-02	2.497803627047687908e-02
7.812500000000000163e-06	7.676898381537895603e-03	1.923562539009991690e-02	2.510989315342158218e-02
7.812500000000000163e-06	7.739417904250024856e-03	1.923033442465266543e-02	2.500908754300325970e-02
7.812500000000000163e-06	7.689852917370770119e-03	1.952668324756528725e-02	2.517660893499851227e-02
7.812500000000000163e-06	7.693451753676093345e-03	1.936595704582037142e-02	2.519327753689139943e-02
7.812500000000000163e-06	7.660642971402254267e-03	1.955892940914911657e-02	2.534042461775243282e-02
7.812500000000000163e-06	7.687697592860498821e-03	1.902273177359428691e-02	2.472077673301100592e-02
7.812500000000000163e-06	7.688161697609262671e-03	1.944095161572800823e-02	2.534423412289470504e-02
3.906250000000000081e-06	7.649357014819503121e-03	1.964175159413933044e-02	2.558367522433400293e-02
3.906250000000000081e-06	7.629686717589782841e-03	1.943708446208407270e-02	2.520037235226482014e-02
3.906250000000000081e-06	7.619431122883920347e-03	1.905274681298364456e-02	2.509050045628100772e-02
3.906250000000000081e-06	7.660690047618363627e-03	1.921523902662761532e-02	2.494868054054677486e-02
3.906250000000000081e-06	7.686026848921982506e-03	1.929412669068231515e-02	2.508085877634584973e-02
3.906250000000000081e-06	7.642299128634559569e-03	1.964043143219972726e-02	2.574632717296481202e-02
3.906250000000000081e-06	7.640128572205424906e-03	1.885927194505149923e-02	2.462597168050706387e-02
3.906250000000000081e-06	7.623289197893545407e-03	1.944878091304245993e-02	2.528615717310458283e-02
3.906250000000000081e-06	7.649010423312983115e-03	1.914309540578208041e-02	2.613145783543586662e-02
3.906250000000000081e-06	7.631094668736684676e-03	1.949890503045463921e-02	2.530226975213736157e-02
3.906250000000000081e-06	7.634960526709920134e-03	1.922291859555306723e-02	2.551299596671014955e-02
3.906250000000000081e-06	7.647857266906790165e-03	1.911469551378675719e-02	2.514993397053331275e-02
3.906250000000000081e-06	7.621275756503777428e-03	1.935428881734921683e-02	2.518643243238329749e-02
3.906250000000000081e-06	7.628890462794003791e-03	1.985976904513636274e-02	2.568110995925963064e-02
3.906250000000000081e-06	7.605845464037004101e-03	1.919579710226252539e-02	2.493653069250285556e-02
3.906250000000000081e-06	7.642013941300407863e-03	1.960622512428236361e-02	2.517543914727866580e-02
3.906250000000000081e-06	7.635926931268638938e-03	1.922344951768508239e-02	2.508890843018889497e-02
3.906250000000000081e-06	7.616974106746540740e-03	1.917096756457190368e-02	2.508600580040365458e-02
3.906250000000000081e-06	7.594040272905859187e-03	1.906102749943265270e-02	2.516362143214791874e-02
3.906250000000000081e-06	7.585699663786277247e-03	1.967614220640578199e-02	2.535853481385856936e-02
3.906250000000000081e-06	7.650857873113610548e-03	1.958290716213861513e-02	2.550166193395853043e-02
3.906250000000000081e-06	7.620344082583793352e-03	1.949902438114918882e-02	2.598552948329597642e-02
3.906250000000000081e-06	7.658214259019350233e-03	1.906732029978829360e-02	2.503628078848123620e-02
3.906250000000000081e-06	7.602573866799361077e-03	1.917961646963632638e-02	2.485620907973497967e-02
3.906250000000000081e-06	7.633157613795031951e-03	1.907788547662852413e-02	2.496367422863841196e-02
3.906250000000000081e-06	7.630588096166121721e-03	1.950266422382044076e-02	2.534826665651053121e-02
3.906250000000000081e-06	7.663644914996959982e-03	1.935884657837645684e-02	2.507473430596291950e-02
3.906250000000000081e-06	7.662146361441789580e-03	1.926197098441305086e-02	2.508309849072247813e-02
1.953125000000000041e-06	7.654378187656836127e-03	1.987402973920886912e-02	2.594460709951817989e-02
1.953125000000000041e-06	7.654217768020585115e-03	1.950469601860377322e-02	2.520285842474550078e-02
1.953125000000000041e-06	7.628413142095720294e-03	1.909212876813418114e-02	2.484125210903585096e-02
1.953125000000000041e-06	7.647306174516608178e-03	1.943194492676183355e-02	2.571800742298364570e-02
1.953125000000000041e-06	7.647757959964404662e-03	1.999204905206308433e-02	2.576980963349342207e-02
1.953125000000000041e-06	7.610181708987574963e-03	1.959103880771947623e-02	2.524150251410901477e-02
1.953125000000000041e-06	7.625584220519118946e-03	1.980045346143358143e-02	2.562890294939279556e-02
1.953125000000000041e-06	7.621272158532155401e-03	1.896536331721313320e-02	2.480624902527779271e-02
1.953125000000000041e-06	7.581395693036655295e-03	1.986897771407640512e-02	2.572562291752546887e-02
1.953125000000000041e-06	7.622348088034282265e-03	1.962714558418508434e-02	2.534216910135000944e-02
1.953125000000000041e-06	7.651506064686145955e-03	1.898467605592224494e-02	2.479941931087523838e-02
1.953125000000000041e-06	7.576117743350621776e-03	1.946001429188782064e-02	2.519301534630358219e-02
1.953125000000000041e-06	7.618381212172360868e-03	1.931729725518151891e-02	2.545424839481711526e-02
1.953125000000000041e-06	7.655387318467178452e-03	1.903665974170593717e-02	2.469605829101055930e-02
1.953125000000000041e-06	7.634911014372834821e-03	1.927603149289236137e-02	2.496394958579912712e-02
1.953125000000000041e-06	7.606689861816868549e-03	1.906571013082540567e-02	2.497032501269131829e-02
1.953125000000000041e-06	7.623138276772349620e-03	1.901603089791786133e-02	2.483200498390942743e-02
1.953125000000000041e-06	7.577396116320774325e-03	1.925656749959547484e-02	2.509773746132850508e-02
1.953125000000000041e-06	7.650313518861218479e-03	1.965838374755301404e-02	2.649176628328859737e-02
1.953125000000000041e-06	7.605425133345482952e-03	2.012911790016434083e-02	2.587081075180321793e-02
1.953125000000000041e-06	7.622982483409201926e-03	1.937073029831285972e-02	2.504098601639270782e-02
9.765625000000000203e-07	7.610675647211168245e-03	1.939375080772875320e-02	2.499495875090360780e-02
9.765625000000000203e-07	7.575608988212873679e-03	1.938414244049506754e-02	2.508885748684406419e-02
9.765625000000000203e-07	7.604716705681713665e-03	1.916591028795036275e-02	2.653729757294058869e-02
9.765625000000000203e-07	7.585047247129914766e-03	1.936617120125218999e-02	2.554730081465095282e-02
9.765625000000000203e-07	7.589235343526639158e-03	1.890463560468551296e-02	2.471215035766363005e-02
9.765625000000000203e-07	7.615522829054000367e-03	1.916596671829673068e-02	2.486821301281452040e-02
9.765625000000000203e-07	7.614617175008145736e-03	1.937487705839865959e-02	2.523501671385020018e-02
9.765625000000000203e-07	7.580569365569469337e-03	1.935298448301734850e-02	2.560350284911692281e-02
9.765625000000000203e-07	7.584954096180987308e-03	1.946612266599351965e-02	2.543994041625410180e-02
9.765625000000000203e-07	7.616330400583891727e-03	1.935703282522437466e-02	2.534072485286742449e-02
9.765625000000000203e-07	7.653320424091840553e-03	1.913042111000465631e-02	2.545072261709719827e-02
9.765625000000000203e-07	7.573025796287207768e-03	1.912062608329725619e-02	2.485782415606081416e-02
9.765625000000000203e-07	7.630202031264719971e-03	1.917493351154926640e-02	2.504871285054832697e-02
9.765625000000000203e-07	7.541668868703315515e-03	1.925756919309886891e-02	2.499762778170406749e-02
9.765625000000000203e-07	7.570881400866311291e-03	1.922146701473372021e-02	2.497578328475356241e-02
9.765625000000000203e-07	7.557487865360567811e-03	1.921126199154797598e-02	2.513315558899193933e-02
9.765625000000000203e-07	7.546061266608072166e-03	1.955372729480110705e-02	2.556434902362525463e-02
9.765625000000000203e-07	7.539636089502811146e-03	1.903002696960228238e-02	2.504816658329218557e-02
9.765625000000000203e-07	7.593201438139489043e-03	1.940599832371735570e-02	2.531220109667629142e-02
9.765625000000000203e-07	7.631411988595896388e-03	1.933541109405106928e-02	2.511350768618285725e-02
9.765625000000000203e-07	7.576231470081246609e-03	1.928069296717175793e-02	2.512223997619002919e-02
4.882812500000000102e-07	7.595684730684587604e-03	1.893953431436684598e-02	2.492437425535172155e-02
4.882812500000000102e-07	7.572004317190583061e-03	1.911677936023754507e-02	2.507808234076946974e-02
4.882812500000000102e-07	7.589400937989865953e-03	1.899271509098133040e-02	2.475616887677460978e-02
4.882812500000000102e-07	7.572920167566195640e-03	1.941262787763829017e-02	2.527070126961916685e-02
4.882812500000000102e-07	7.596306553746531853e-03	1.905329593247612197e-02	2.501372254919260671e-02
4.882812500000000102e-07	7.608135107854828612e-03	1.915744230326713732e-02	2.545876416843384504e-02
4.882812500000000102e-07	7.595562991816734791e-03	1.933448872387565076e-02	2.510454261209815741e-02
4.882812500000000102e-07	7.621359904667816647e-03	1.906208010848748149e-02	2.494674732442945381e-02
4.882812500000000102e-07	7.582359133237336415e-03	1.933339915447990220e-02	2.534089470282196999e-02
4.882812500000000102e-07	7.555300285611702728e-03	1.893859130393772336e-02	2.514384549576789002e-02
4.882812500000000102e-07	7.595172557175818365e-03	1.918228235368797316e-02	2.497590850107371876e-02
4.882812500000000102e-07	7.568866171597255117e-03	1.950138102222175387e-02	2.557581479195505242e-02
4.882812500000000102e-07	7.608269236726148202e-03	1.917330184902664089e-02	2.497793433722108464e-02
4.882812500000000102e-07	7.602320701466822213e-03	1.913688566867281782e-02	2.502159895375371049e-02
4.882812500000000102e-07	7.583638111106648372e-03	1.933077613077082563e-02	2.505981291178614040e-02
4.882812500000000102e-07	7.573365313480453706e-03	1.947520448002203544e-02	2.515043320599943261e-02
4.882812500000000102e-07	7.583108591918095130e-03	1.932114336873692537e-02	2.508922214619815211e-02
4.882812500000000102e-07	7.586930908258395119e-03	1.960966261152509785e-02	2.583948518149554660e-02
4.882812500000000102e-07	7.596670002787611967e-03	1.939749146241168121e-02	2.507332549430429935e-02
4.882812500000000102e-07	7.593199856678991763e-03	1.902957255245035090e-02	2.466901743318885426e-02
4.882812500000000102e-07	7.581027140141989758e-03	1.920225147001874272e-02	2.577212238684296539e-02
2.441406250000000051e-07	7.563242790359112760e-03	1.940668571291793640e-02	2.514179632999002934e-02
2.441406250000000051e-07	7.608451859656029971e-03	1.917528437635817457e-02	2.497746495064347844e-02
2.441406250000000051e-07	7.578161416424697601e-03	1.902824441331843475e-02	2.488077958114445071e-02
2.441406250000000051e-07	7.596098182916883809e-03	1.947539096395850891e-02	2.529381262138485909e-02
2.441406250000000051e-07	7.565482075576989221e-03	1.906123901692984707e-02	2.485335976816713949e-02
2.441406250000000051e-07	7.577365183029291344e-03	1.917421033713205894e-02	2.534664918202906778e-02
2.441406250000000051e-07	7.574563630633901305e-03	1.893697143166633151e-02	2.494908578228205442e-02
2.441406250000000051e-07	7.636132579645734525e-03	1.903644235346329747e-02	2.523129736073315144e-02
2.441406250000000051e-07	7.565174602327511683e-03	1.907149174236034278e-02	2.481554041150957346e-02
2.441406250000000051e-07	7.574861724560277669e-03	1.961610562299714519e-02	2.534612314775586128e-02
2.441406250000000051e-07	7.554867683837776168e-03	1.953571390711668354e-02	2.514907522127032141e-02
2.441406250000000051e-07	7.589172962522042036e-03	1.911397769813137984e-02	2.490303500089794536e-02
2.441406250000000051e-07	7.534684642603260360e-03	1.916352421513402640e-02	8.395343616139143428e-02
2.441406250000000051e-07	7.632723041561417614e-03	1.999866596730279569e-02	2.623974995221942802e-02
2.441406250000000051e-07	7.601157730145118724e-03	1.916454089756723309e-02	2.493265399243682623e-02
2.441406250000000051e-07	7.600043876472602732e-03	1.889429766567745847e-02	2.455249514896422694e-02
2.441406250000000051e-07	7.625565384939927971e-03	1.897361737563816111e-02	2.521890772040933509e-02
2.441406250000000051e-07	7.530612527290408281e-03	1.913692121496375284e-02	2.484612043481320212e-02
2.441406250000000051e-07	7.593351925022731076e-03	1.926710717965170877e-02	2.518305622506886859e-02
2.441406250000000051e-07	7.627790390420109180e-03	1.934553462894955320e-02	2.522150506265461584e-02
2.441406250000000051e-07	7.598256484246170353e-03	1.892130204637325341e-02	2.483159319963306258e-02
1.220703125000000025e-07	7.558693964123171065e-03	1.910585075792373827e-02	2.497533506248146226e-02
1.220703125000000025e-07	7.600640635092272696e-03	1.955212422534433406e-02	2.596518744248896976e-02
1.220703125000000025e-07	7.595122634439169761e-03	1.948986591585955691e-02	2.529288146179169486e-02
1.220703125000000025e-07	7.608286064733610528e-03	1.933266288303423994e-02	2.487553323153406451e-02
1.220703125000000025e-07	7.579099666489772825e-03	1.914074873619990916e-02	2.479986683465540409e-02
1.220703125000000025e-07	7.559900085911492804e-03	1.914611494861035920e-02	2.501705707982182503e-02
1.220703125000000025e-07	7.572812402871214633e-03	1.906840803579510149e-02	2.481909464113414218e-02
1.220703125000000025e-07	7.548496355489546679e-03	1.926237458353423360e-02	2.485382738523185184e-02
1.220703125000000025e-07	7.567543572724003999e-03	1.943157122260769087e-02	2.530590896494686742e-02
1.220703125000000025e-07	7.580010188443325053e-03	1.938372856269332187e-02	2.527015372179448535e-02
1.220703125000000025e-07	7.561798341281889685e-03	1.928610577496714731e-02	2.523634743411094089e-02
1.220703125000000025e-07	7.564754319583662408e-03	1.901723650230474974e-02	2.472907812334597041e-02
1.220703125000000025e-07	7.586888196363984066e-03	1.926035342825800981e-02	2.488541470374911954e-02
1.220703125000000025e-07	7.573354715690528566e-03	1.900209096889377350e-02	2.494144025258719991e-02
1.220703125000000025e-07	7.617455739484598094e-03	1.921229151257981826e-02	2.488107332028448651e-02
1.220703125000000025e-07	7.514774561504800228e-03	1.900682766088016354e-02	2.483875777106732061e-02
1.220703125000000025e-07	7.580388826331629394e-03	1.918129700952799638e-02	2.522568411659449270e-02
1.220703125000000025e-07	7.572982430191512425e-03	1.917287775105674941e-02	2.473089157138019800e-02
1.220703125000000025e-07	7.571082260706713842e-03	1.943687380276893500e-02	2.527786402497440507e-02
1.220703125000000025e-07	7.593616609986591701e-03	1.927023764738705625e-02	2.498947838321328302e-02
1.220703125000000025e-07	7.584119156011666536e-03	1.918693093085632392e-02	2.494951477274298668e-02
6.103515625000000127e-08	7.604263142919370777e-03	1.938551433715988981e-02	2.522946996614337106e-02
6.103515625000000127e-08	7.595093975546854045e-03	1.919462690763760679e-02	2.503927347715944121e-02
