1.000000000000000021e-03	7.145572376402118397e-01	8.875689432024955750e-01	9.045609608292579651e-01
1.000000000000000021e-03	4.468165658697297316e-01	2.036667615175247192e+00	2.064467102289199829e+00
1.000000000000000021e-03	3.932198237014722375e-01	4.224283695220947266e-01	4.158124551177024841e-01
1.000000000000000021e-03	3.566323473483701267e-01	3.371185883879661560e-01	3.036686740815639496e-01
1.000000000000000021e-03	3.215752234564551726e-01	3.696634843945503235e-01	3.817726746201515198e-01
1.000000000000000021e-03	2.991251028791258593e-01	3.635743707418441772e-01	3.316899351775646210e-01
1.000000000000000021e-03	2.928922942167596077e-01	3.311336077749729156e-01	3.060488849878311157e-01
1.000000000000000021e-03	2.858988110777698211e-01	6.185826063156127930e-01	6.020708754658699036e-01
1.000000000000000021e-03	2.885857160332836457e-01	3.197091259062290192e-01	2.842876613140106201e-01
1.000000000000000021e-03	2.640698035306568436e-01	2.734851427376270294e-01	2.283722404390573502e-01
1.000000000000000021e-03	2.512453234271158076e-01	2.183178830891847610e-01	1.801044028252363205e-01
1.000000000000000021e-03	2.448304899131195367e-01	2.181607186794281006e-01	1.715780682861804962e-01
1.000000000000000021e-03	2.376757084946089227e-01	2.306694518774747849e-01	1.936035566031932831e-01
1.000000000000000021e-03	2.282140615242946036e-01	2.125563248991966248e-01	1.771315969526767731e-01
1.000000000000000021e-03	2.390869538995284149e-01	2.638065945357084274e-01	2.352616731077432632e-01
1.000000000000000021e-03	2.242292950424966957e-01	2.542496155947446823e-01	2.207788433879613876e-01
1.000000000000000021e-03	2.115250084596344282e-01	2.553586717694997787e-01	2.191729098558425903e-01
1.000000000000000021e-03	2.053374080341073549e-01	3.197092823684215546e-01	2.904019169509410858e-01
1.000000000000000021e-03	2.191223715302310360e-01	2.623485662043094635e-01	2.302047163248062134e-01
1.000000000000000021e-03	2.073395259772674859e-01	1.950426846742630005e-01	1.647144835442304611e-01
1.000000000000000021e-03	1.899466490066504254e-01	2.003391906619071960e-01	1.637334637343883514e-01
1.000000000000000021e-03	1.967011510948591668e-01	2.905616797506809235e-01	2.636995296925306320e-01
1.000000000000000021e-03	2.063209029692637808e-01	1.943391952663660049e-01	1.692132372409105301e-01
1.000000000000000021e-03	2.252332483288607967e-01	1.788919484242796898e-01	1.510286256670951843e-01
1.000000000000000021e-03	1.883911182042918575e-01	1.738682482391595840e-01	1.560565754771232605e-01
1.000000000000000021e-03	1.913877896304372050e-01	2.029544226825237274e-01	1.759859453886747360e-01
1.000000000000000021e-03	1.911115732185448279e-01	2.595410943031311035e-01	2.386636305600404739e-01
1.000000000000000021e-03	1.973295879514911644e-01	2.570775412023067474e-01	2.279290463775396347e-01
1.000000000000000021e-03	1.953097214049930863e-01	2.462759353220462799e-01	2.174979895353317261e-01
1.000000000000000021e-03	1.834995229787464432e-01	2.468700017780065536e-01	2.329828999936580658e-01
1.000000000000000021e-03	1.734903815992270837e-01	1.634200215339660645e-01	1.349240923300385475e-01
1.000000000000000021e-03	1.684253785429121464e-01	1.750488653779029846e-01	1.477320389822125435e-01
1.000000000000000021e-03	1.682875264860406728e-01	1.684238240122795105e-01	1.448896825313568115e-01
1.000000000000000021e-03	1.668739934699444705e-01	1.935002058744430542e-01	1.700981762260198593e-01
1.000000000000000021e-03	1.605733463281317497e-01	1.610119286924600601e-01	1.290468974038958549e-01
1.000000000000000021e-03	1.730321962622147491e-01	2.114166654646396637e-01	1.846106443554162979e-01
1.000000000000000021e-03	1.574213407650778551e-01	1.586758363991975784e-01	1.322045596316456795e-01
1.000000000000000021e-03	1.873584149193160131e-01	2.257610354572534561e-01	1.832199264317750931e-01
1.000000000000000021e-03	1.655970271441001007e-01	1.933101173490285873e-01	1.594685800373554230e-01
1.000000000000000021e-03	1.579395928714848740e-01	1.605582982301712036e-01	1.311959717422723770e-01
1.000000000000000021e-03	1.523325838431527357e-01	1.645897459238767624e-01	1.482986304908990860e-01
1.000000000000000021e-03	1.646314795258679020e-01	1.803176887333393097e-01	1.552796177566051483e-01
1.000000000000000021e-03	1.615965603084503766e-01	1.753199324011802673e-01	1.523571684956550598e-01
1.000000000000000021e-03	1.523645679596104252e-01	1.619999352842569351e-01	1.448105741292238235e-01
1.000000000000000021e-03	1.410001438063911150e-01	1.467495169490575790e-01	1.285492610186338425e-01
1.000000000000000021e-03	1.635017763776115129e-01	1.567789372056722641e-01	1.315917186439037323e-01
1.000000000000000021e-03	1.557497596250304595e-01	1.700886916369199753e-01	1.442680303007364273e-01
1.000000000000000021e-03	1.502929735410062639e-01	2.100551035255193710e-01	1.918077673763036728e-01
1.000000000000000021e-03	1.386351613681527650e-01	1.971159987151622772e-01	1.765635963529348373e-01
1.000000000000000021e-03	1.485261634180817525e-01	1.527370437979698181e-01	1.313389847055077553e-01
1.000000000000000021e-03	1.495213780222059696e-01	1.783023551106452942e-01	1.587154474109411240e-01
1.000000000000000021e-03	1.316337841975538103e-01	1.575555987656116486e-01	1.390819633379578590e-01
1.000000000000000021e-03	1.466109707385678806e-01	1.829029601067304611e-01	1.508791521191596985e-01
1.000000000000000021e-03	1.461805390972125418e-01	2.586228102445602417e-01	2.414179090410470963e-01
1.000000000000000021e-03	1.429780058657066644e-01	1.944476198405027390e-01	1.750421375036239624e-01
1.000000000000000021e-03	1.391860720100282223e-01	2.192036081105470657e-01	2.101697046309709549e-01
1.000000000000000021e-03	1.597240031520022752e-01	1.599812377244234085e-01	1.437048092484474182e-01
1.000000000000000021e-03	1.515152230858802795e-01	1.511231772601604462e-01	1.354270596057176590e-01
1.000000000000000021e-03	1.603791093147253766e-01	2.044457457959651947e-01	1.878626178950071335e-01
1.000000000000000021e-03	1.378809740837616260e-01	1.617620121687650681e-01	1.407638788223266602e-01
1.000000000000000021e-03	1.455636593171312776e-01	1.498882845044136047e-01	1.345472857356071472e-01
1.000000000000000021e-03	1.307164425902728744e-01	1.637377832084894180e-01	1.460133418440818787e-01
1.000000000000000021e-03	1.326501600538627923e-01	1.305304626002907753e-01	1.105413520708680153e-01
1.000000000000000021e-03	1.256386384933809719e-01	1.837446969002485275e-01	1.696364376693964005e-01
1.000000000000000021e-03	1.237935851080508159e-01	1.702798027545213699e-01	1.454366734251379967e-01
1.000000000000000021e-03	1.269775911977019389e-01	1.657636705785989761e-01	1.498392540961503983e-01
1.000000000000000021e-03	1.419032865875883842e-01	1.535581443458795547e-01	1.387239787727594376e-01
1.000000000000000021e-03	1.241613881120198909e-01	1.510845459997653961e-01	1.317592561244964600e-01
1.000000000000000021e-03	1.244048529976530953e-01	1.303918641060590744e-01	1.089686006307601929e-01
1.000000000000000021e-03	1.560327674769148021e-01	1.799001023173332214e-01	1.474806284531950951e-01
1.000000000000000021e-03	1.396773449982268989e-01	1.757575273513793945e-01	1.705777328461408615e-01
1.000000000000000021e-03	1.191755484176587471e-01	1.317579625174403191e-01	1.128722392022609711e-01
1.000000000000000021e-03	1.178894997397555572e-01	1.596413962543010712e-01	1.432900540530681610e-01
1.000000000000000021e-03	1.189502153215529073e-01	1.430814769119024277e-01	1.249826848506927490e-01
1.000000000000000021e-03	1.244027979577643911e-01	1.358124241232872009e-01	1.222479734569787979e-01
1.000000000000000021e-03	1.210932990040960167e-01	1.299249716103076935e-01	1.091301552951335907e-01
1.000000000000000021e-03	1.224546688078324980e-01	1.371085336431860924e-01	1.168247964233160019e-01
1.000000000000000021e-03	1.165264182830158673e-01	1.435424163937568665e-01	1.338231880217790604e-01
1.000000000000000021e-03	1.129456002123748193e-01	1.352996677160263062e-01	1.108494121581315994e-01
1.000000000000000021e-03	1.218373030895673753e-01	1.843535229563713074e-01	1.607166826725006104e-01
1.000000000000000021e-03	1.162236268761791813e-01	1.296902913600206375e-01	1.115208659321069717e-01
1.000000000000000021e-03	1.221910081332242964e-01	1.467726305127143860e-01	1.328182751312851906e-01
1.000000000000000021e-03	1.264016421723969386e-01	1.458356948569417000e-01	1.168947042897343636e-01
1.000000000000000021e-03	1.143702624153487279e-01	1.129626454785466194e-01	9.927180409431457520e-02
1.000000000000000021e-03	1.147435690406002629e-01	1.300959931686520576e-01	1.099146408960223198e-01
1.000000000000000021e-03	1.150740324696408051e-01	1.524433866143226624e-01	1.292328489944338799e-01
1.000000000000000021e-03	1.107442262051980680e-01	1.283805649727582932e-01	1.049892203882336617e-01
1.000000000000000021e-03	1.229262320867067632e-01	1.573098879307508469e-01	1.367782130837440491e-01
1.000000000000000021e-03	1.084020991302743764e-01	1.245209230110049248e-01	1.044685970991849899e-01
1.000000000000000021e-03	1.183571771164483727e-01	1.194442035630345345e-01	1.049942774698138237e-01
1.000000000000000021e-03	1.080824947809871234e-01	1.274632532149553299e-01	1.084592035040259361e-01
1.000000000000000021e-03	1.095627465202838602e-01	1.499730907380580902e-01	1.344338525086641312e-01
1.000000000000000021e-03	1.023031926796406088e-01	1.196078239008784294e-01	1.050602700561285019e-01
1.000000000000000021e-03	1.137661206759983945e-01	1.375493910163640976e-01	1.169035695493221283e-01
1.000000000000000021e-03	1.122760554846329029e-01	1.521826460957527161e-01	1.341094439849257469e-01
1.000000000000000021e-03	1.135991665570041803e-01	1.184176877140998840e-01	1.001116307452321053e-01
1.000000000000000021e-03	1.014847456465793607e-01	1.217942256480455399e-01	9.886206500232219696e-02
1.000000000000000021e-03	9.651426150451732078e-02	1.102014202624559402e-01	8.965313807129859924e-02
1.000000000000000021e-03	9.689539986886555600e-02	1.318985791876912117e-01	1.083747427910566330e-01
1.000000000000000021e-03	1.040862641662736454e-01	1.400077082216739655e-01	1.178933195769786835e-01
1.000000000000000021e-03	1.070942098769960549e-01	1.230902597308158875e-01	9.942234400659799576e-02
1.000000000000000021e-03	1.196252519759950783e-01	1.929033137857913971e-01	1.668707989156246185e-01
1.000000000000000021e-03	1.106279027895836903e-01	1.150771677494049072e-01	9.447780996561050415e-02
1.000000000000000021e-03	1.069848765678043656e-01	1.142929233610630035e-01	9.354968648403882980e-02
1.000000000000000021e-03	1.069323841152311910e-01	1.245769131928682327e-01	1.063913172110915184e-01
1.000000000000000021e-03	1.186778866980649216e-01	1.136559797450900078e-01	1.026608198881149292e-01
1.000000000000000021e-03	1.192403302256819508e-01	1.330535486340522766e-01	1.113314647227525711e-01
1.000000000000000021e-03	1.197994927156575129e-01	1.618043398484587669e-01	1.373720457777380943e-01
1.000000000000000021e-03	9.752613235312172779e-02	1.438791863620281219e-01	1.234151795506477356e-01
1.000000000000000021e-03	1.101618474231490646e-01	1.034728735685348511e-01	9.659246541559696198e-02
1.000000000000000021e-03	9.560711031095890655e-02	1.078287577256560326e-01	9.148292057216167450e-02
1.000000000000000021e-03	1.050097789096681444e-01	1.225010221824049950e-01	1.150149609893560410e-01
1.000000000000000021e-03	1.037342123970200758e-01	1.120207412168383598e-01	9.179800935089588165e-02
1.000000000000000021e-03	1.115567289009878893e-01	1.367233768105506897e-01	1.171685671433806419e-01
1.000000000000000021e-03	9.519463320133052242e-02	1.121172541752457619e-01	9.405949991196393967e-02
1.000000000000000021e-03	8.907841141276721941e-02	1.234026784077286720e-01	1.016442719846963882e-01
1.000000000000000021e-03	1.098491958802259444e-01	1.562682995572686195e-01	1.474209483712911606e-01
1.000000000000000021e-03	9.244594411759436692e-02	1.117904661223292351e-01	9.609530679881572723e-02
1.000000000000000021e-03	1.050137709590453078e-01	1.438749283552169800e-01	1.180486539378762245e-01
1.000000000000000021e-03	9.378309510176695285e-02	1.632821187376976013e-01	1.512299291789531708e-01
1.000000000000000021e-03	9.522790461778640747e-02	1.304651591926813126e-01	1.064335554838180542e-01
1.000000000000000021e-03	1.037967695937126456e-01	1.325724599882960320e-01	1.175491875037550926e-01
1.000000000000000021e-03	9.395323302361029139e-02	1.596885193139314651e-01	1.543713044375181198e-01
1.000000000000000021e-03	9.782154136632062458e-02	1.532236943021416664e-01	1.287299767136573792e-01
1.000000000000000021e-03	9.243234907147250545e-02	1.190083986148238182e-01	9.764375258237123489e-02
1.000000000000000021e-03	8.275810949787308635e-02	1.441667620092630386e-01	1.309643900021910667e-01
1.000000000000000021e-03	9.447464903321446672e-02	1.091164890676736832e-01	8.322377316653728485e-02
1.000000000000000021e-03	8.388417968644371059e-02	1.450831890106201172e-01	1.300858389586210251e-01
1.000000000000000021e-03	9.321481050758421982e-02	1.590025359764695168e-01	1.355862077325582504e-01
1.000000000000000021e-03	9.706327267274071635e-02	1.079381108283996582e-01	9.173962380737066269e-02
1.000000000000000021e-03	1.026190217065660326e-01	1.427428731694817543e-01	1.202002847567200661e-01
5.000000000000000104e-04	7.809262732161750820e-02	1.039426857605576515e-01	8.957024849951267242e-02
5.000000000000000104e-04	7.093831939221936778e-02	1.115506719797849655e-01	9.539229329675436020e-02
5.000000000000000104e-04	7.472388861300069407e-02	9.858830273151397705e-02	8.033298794180154800e-02
5.000000000000000104e-04	6.980336047237432895e-02	1.034794514998793602e-01	8.847872726619243622e-02
5.000000000000000104e-04	7.039643654340430046e-02	1.192733431234955788e-01	1.027166377753019333e-01
5.000000000000000104e-04	6.738039167432845200e-02	1.021537929773330688e-01	8.409383241087198257e-02
5.000000000000000104e-04	6.293759608193288946e-02	9.615841135382652283e-02	7.865612674504518509e-02
5.000000000000000104e-04	7.396332014210615924e-02	1.035719495266675949e-01	9.069590456783771515e-02
5.000000000000000104e-04	6.558421084397955680e-02	8.945686230435967445e-02	7.232081796973943710e-02
5.000000000000000104e-04	6.302824578707731662e-02	9.540595952421426773e-02	8.174923807382583618e-02
5.000000000000000104e-04	6.283551176326183929e-02	9.962030872702598572e-02	8.236736897379159927e-02
5.000000000000000104e-04	6.350613385438919067e-02	9.961647167801856995e-02	8.140819333493709564e-02
5.000000000000000104e-04	6.443246944418436206e-02	9.498416353017091751e-02	7.823944743722677231e-02
5.000000000000000104e-04	6.137235283474378605e-02	9.188200999051332474e-02	7.490922790020704269e-02
5.000000000000000104e-04	6.717466350786294171e-02	9.256604406982660294e-02	7.538648881018161774e-02
5.000000000000000104e-04	6.180109932452817340e-02	9.078630991280078888e-02	7.202204037457704544e-02
5.000000000000000104e-04	6.403019774375082185e-02	9.542037732899188995e-02	8.069588057696819305e-02
5.000000000000000104e-04	7.163011023326765203e-02	9.039227757602930069e-02	7.197586540132761002e-02
5.000000000000000104e-04	6.515529402826406025e-02	1.080461135134100914e-01	9.375185612589120865e-02
5.000000000000000104e-04	6.455546287418920115e-02	9.404892427846789360e-02	7.323606032878160477e-02
5.000000000000000104e-04	6.506017208853855094e-02	9.112725500017404556e-02	7.791520282626152039e-02
5.000000000000000104e-04	6.233876622930357991e-02	9.385041333734989166e-02	7.639289507642388344e-02
5.000000000000000104e-04	6.436609556969208334e-02	1.013844003900885582e-01	8.664884697645902634e-02
5.000000000000000104e-04	6.540428964963442005e-02	1.189654143527150154e-01	1.053405581042170525e-01
5.000000000000000104e-04	6.575514267705663551e-02	8.981356769800186157e-02	7.326241116970777512e-02
5.000000000000000104e-04	6.028525229496291965e-02	9.035448916256427765e-02	7.987014390528202057e-02
5.000000000000000104e-04	6.140102790314939940e-02	8.672416862100362778e-02	7.370877964422106743e-02
5.000000000000000104e-04	5.765588614570943404e-02	1.026807008311152458e-01	8.051998168230056763e-02
5.000000000000000104e-04	6.292900622268265964e-02	9.186827950179576874e-02	7.393549382686614990e-02
5.000000000000000104e-04	5.486763084802446372e-02	1.186784319579601288e-01	9.755760338157415390e-02
5.000000000000000104e-04	6.617530979970588645e-02	1.034062849357724190e-01	9.103657864034175873e-02
5.000000000000000104e-04	6.464010868457299719e-02	9.581220149993896484e-02	7.781575247645378113e-02
5.000000000000000104e-04	6.184247466205041593e-02	9.324319101870059967e-02	7.789158867672085762e-02
5.000000000000000104e-04	6.330540309412570343e-02	1.084001483395695686e-01	9.097980428487062454e-02
5.000000000000000104e-04	6.331406986411614035e-02	1.075858864933252335e-01	9.023487940430641174e-02
5.000000000000000104e-04	6.107546761631965637e-02	9.823608864098787308e-02	8.028128370642662048e-02
5.000000000000000104e-04	5.943860429563099790e-02	8.974223025143146515e-02	7.316436152905225754e-02
5.000000000000000104e-04	6.229155166428300416e-02	1.119163157418370247e-01	9.443109668791294098e-02
5.000000000000000104e-04	5.956537337808669175e-02	8.840622752904891968e-02	7.535204943269491196e-02
5.000000000000000104e-04	5.649451727542696006e-02	9.805593919008970261e-02	7.868336606770753860e-02
5.000000000000000104e-04	6.052941932708402056e-02	9.255721978843212128e-02	7.401783298701047897e-02
5.000000000000000104e-04	6.172376684844493866e-02	1.018051654100418091e-01	8.068264834582805634e-02
5.000000000000000104e-04	6.066160906059078067e-02	1.061334181576967239e-01	8.767879474908113480e-02
5.000000000000000104e-04	6.230572448406793140e-02	9.979259967803955078e-02	8.434780221432447433e-02
5.000000000000000104e-04	5.566672825171977562e-02	9.260103758424520493e-02	7.637708727270364761e-02
5.000000000000000104e-04	5.582636297692226274e-02	9.607062768191099167e-02	8.225979935377836227e-02
5.000000000000000104e-04	5.513790056486673336e-02	9.755068877711892128e-02	7.483971305191516876e-02
5.000000000000000104e-04	5.296280532132221358e-02	8.851194288581609726e-02	7.367697078734636307e-02
2.500000000000000052e-04	5.033855333547048588e-02	8.992649009451270103e-02	7.269720733165740967e-02
2.500000000000000052e-04	4.624493561590774238e-02	1.002315254881978035e-01	8.215922769159078598e-02
2.500000000000000052e-04	5.190945180911052392e-02	9.022028604522347450e-02	7.220593886449933052e-02
2.500000000000000052e-04	4.823953641837910866e-02	8.776602149009704590e-02	7.201952068135142326e-02
2.500000000000000052e-04	4.614455248170261370e-02	8.947977423667907715e-02	6.967858457937836647e-02
2.500000000000000052e-04	4.518314087881317859e-02	9.060051105916500092e-02	6.953535135835409164e-02
2.500000000000000052e-04	4.790854135740407055e-02	9.991119708865880966e-02	7.796437852084636688e-02
2.500000000000000052e-04	5.414785279691973485e-02	9.149591159075498581e-02	7.224447792395949364e-02
2.500000000000000052e-04	4.786308095613612396e-02	8.947674557566642761e-02	6.873445771634578705e-02
2.500000000000000052e-04	4.754859242069570113e-02	8.890305226668715477e-02	7.055028760805726051e-02
2.500000000000000052e-04	4.631893169370632918e-02	9.326846804469823837e-02	7.314775697886943817e-02
2.500000000000000052e-04	4.779274169874342393e-02	8.880641683936119080e-02	7.039558887481689453e-02
2.500000000000000052e-04	4.667197358853454603e-02	9.588526748120784760e-02	7.922822143882513046e-02
2.500000000000000052e-04	4.535841958337946678e-02	8.695755712687969208e-02	7.125440053641796112e-02
2.500000000000000052e-04	4.068749574826487775e-02	8.825892023742198944e-02	6.674294406548142433e-02
2.500000000000000052e-04	4.570624854745743842e-02	9.006348438560962677e-02	7.267788657918572426e-02
2.500000000000000052e-04	4.313547713564166303e-02	8.793989941477775574e-02	6.822499958798289299e-02
2.500000000000000052e-04	3.799461332868925983e-02	8.554671984165906906e-02	6.620881427079439163e-02
2.500000000000000052e-04	4.225221467263336195e-02	8.848253497853875160e-02	7.154147839173674583e-02
2.500000000000000052e-04	4.565010531039177810e-02	8.700895356014370918e-02	6.764608342200517654e-02
2.500000000000000052e-04	4.309225674199906875e-02	8.594939671456813812e-02	6.732925586402416229e-02
2.500000000000000052e-04	4.253717794825759291e-02	8.320785453543066978e-02	6.535770278424024582e-02
2.500000000000000052e-04	4.330740744082987870e-02	9.948359150439500809e-02	7.941351644694805145e-02
2.500000000000000052e-04	4.425924686314184481e-02	8.923110552132129669e-02	7.187715824693441391e-02
2.500000000000000052e-04	4.244841059929208016e-02	9.454054199159145355e-02	7.809095177799463272e-02
2.500000000000000052e-04	4.392028927708728492e-02	8.837273810058832169e-02	6.797414319589734077e-02
2.500000000000000052e-04	4.612131122075303902e-02	9.340103622525930405e-02	7.486703107133507729e-02
2.500000000000000052e-04	4.192717243693297458e-02	9.322974923998117447e-02	7.216948503628373146e-02
2.500000000000000052e-04	4.477277942756308776e-02	8.586194179952144623e-02	6.682220101356506348e-02
2.500000000000000052e-04	4.403030693153791447e-02	9.120459295809268951e-02	6.602715887129306793e-02
2.500000000000000052e-04	4.606792967342122902e-02	9.614144917577505112e-02	7.735806051641702652e-02
2.500000000000000052e-04	4.643215901583810229e-02	1.018905509263277054e-01	8.168361335992813110e-02
2.500000000000000052e-04	4.256131066174446975e-02	8.675921522080898285e-02	6.708451500162482262e-02
2.500000000000000052e-04	4.275244875233384645e-02	9.376146178692579269e-02	7.484281435608863831e-02
2.500000000000000052e-04	4.256057222904283815e-02	9.058987908065319061e-02	7.019494846463203430e-02
2.500000000000000052e-04	3.971666071705425710e-02	9.082535747438669205e-02	6.569631863385438919e-02
2.500000000000000052e-04	4.177911730506752436e-02	9.179694578051567078e-02	7.343900576233863831e-02
2.500000000000000052e-04	3.823382065548926873e-02	9.132235869765281677e-02	6.968671455979347229e-02
2.500000000000000052e-04	3.926558981213388450e-02	8.930006111040711403e-02	7.091984851285815239e-02
2.500000000000000052e-04	4.464798951167849028e-02	8.649735245853662491e-02	6.572269368916749954e-02
2.500000000000000052e-04	4.255110567694977974e-02	9.132604394108057022e-02	6.658571818843483925e-02
2.500000000000000052e-04	4.108129121080229817e-02	8.860319619998335838e-02	6.853333674371242523e-02
2.500000000000000052e-04	4.069075676836544919e-02	8.605560474097728729e-02	6.729532964527606964e-02
1.250000000000000026e-04	3.969176120678834935e-02	8.920867508277297020e-02	6.872298056259751320e-02
1.250000000000000026e-04	3.714064185660850836e-02	8.725070394575595856e-02	6.614152528345584869e-02
1.250000000000000026e-04	3.501584425662891686e-02	8.800261467695236206e-02	6.767920916900038719e-02
1.250000000000000026e-04	3.546894615209555263e-02	8.915480319410562515e-02	6.840628711506724358e-02
1.250000000000000026e-04	3.761536389872242869e-02	8.437474863603711128e-02	6.467727897688746452e-02
1.250000000000000026e-04	3.930576996807055856e-02	8.718994818627834320e-02	6.661624368280172348e-02
1.250000000000000026e-04	3.884519511668742264e-02	9.973052423447370529e-02	8.032630663365125656e-02
1.250000000000000026e-04	3.876678973342044532e-02	8.403176954016089439e-02	6.493582809343934059e-02
1.250000000000000026e-04	3.537379495233674426e-02	9.389634244143962860e-02	7.336421729996800423e-02
1.250000000000000026e-04	3.626194572712801434e-02	8.554122783243656158e-02	6.502103665843605995e-02
1.250000000000000026e-04	3.563621602480924327e-02	8.629298163577914238e-02	6.559992954134941101e-02
1.250000000000000026e-04	3.662444863326941996e-02	9.200058598071336746e-02	6.843202002346515656e-02
1.250000000000000026e-04	3.547868872933750140e-02	8.808323414996266365e-02	6.850768253207206726e-02
1.250000000000000026e-04	3.697275811264032208e-02	8.639145130291581154e-02	6.668299343436956406e-02
1.250000000000000026e-04	3.326412900999377309e-02	8.591798087581992149e-02	6.624568672850728035e-02
1.250000000000000026e-04	3.600054276706297213e-02	8.515653852373361588e-02	6.589270057156682014e-02
1.250000000000000026e-04	3.684097115846374226e-02	8.805236965417861938e-02	6.751783285290002823e-02
1.250000000000000026e-04	3.580554640745815115e-02	8.504695119336247444e-02	6.377816991880536079e-02
1.250000000000000026e-04	3.234339049203863864e-02	8.509148983284831047e-02	6.581926066428422928e-02
1.250000000000000026e-04	3.637525908460345625e-02	8.583929203450679779e-02	6.422052532434463501e-02
1.250000000000000026e-04	3.396821040895920546e-02	8.602725155651569366e-02	6.527545116841793060e-02
6.250000000000000130e-05	3.222464629790828400e-02	8.488685917109251022e-02	6.420729914680123329e-02
6.250000000000000130e-05	3.259449943758641749e-02	8.576956810429692268e-02	6.586732016876339912e-02
6.250000000000000130e-05	3.330877725082107693e-02	8.452665619552135468e-02	6.417559273540973663e-02
6.250000000000000130e-05	3.134529909142588083e-02	8.517027320340275764e-02	6.397263053804636002e-02
6.250000000000000130e-05	3.073026753867728889e-02	8.367592468857765198e-02	6.285244040191173553e-02
6.250000000000000130e-05	3.007031063537431506e-02	8.449948066845536232e-02	6.408148026093840599e-02
6.250000000000000130e-05	3.067966582418619678e-02	8.483994659036397934e-02	6.500352453440427780e-02
6.250000000000000130e-05	3.380688015795961510e-02	8.635100442916154861e-02	6.701665464788675308e-02
6.250000000000000130e-05	3.321249154691077732e-02	8.375308196991682053e-02	6.410475727170705795e-02
6.250000000000000130e-05	3.409104672838238204e-02	8.779042493551969528e-02	6.526698824018239975e-02
6.250000000000000130e-05	3.192189325213055234e-02	8.489848533645272255e-02	6.468025082722306252e-02
6.250000000000000130e-05	3.045748454766182903e-02	8.401279663667082787e-02	6.347077945247292519e-02
6.250000000000000130e-05	3.398872196344258217e-02	8.809807617217302322e-02	6.860878877341747284e-02
6.250000000000000130e-05	3.020134958426786212e-02	8.724210271611809731e-02	6.539741763845086098e-02
6.250000000000000130e-05	3.012199848418748924e-02	8.492626622319221497e-02	6.279247580096125603e-02
6.250000000000000130e-05	3.274895472428466375e-02	8.930661669000983238e-02	6.567340530455112457e-02
6.250000000000000130e-05	3.132176009018586976e-02	8.420873852446675301e-02	6.347117619588971138e-02
6.250000000000000130e-05	3.161005991735035825e-02	9.300534240901470184e-02	6.805682601407170296e-02
6.250000000000000130e-05	3.149679685129395251e-02	8.491790713742375374e-02	6.428070459514856339e-02
6.250000000000000130e-05	3.100098063579842869e-02	8.414791058748960495e-02	6.356668984517455101e-02
6.250000000000000130e-05	2.934094575009768557e-02	8.387863868847489357e-02	6.389032350853085518e-02
3.125000000000000065e-05	2.837155804132358849e-02	8.421185286715626717e-02	6.394019769504666328e-02
3.125000000000000065e-05	3.020663887168033301e-02	8.465934218838810921e-02	6.341591523960232735e-02
3.125000000000000065e-05	2.867827603381268436e-02	8.827589964494109154e-02	6.385839311406016350e-02
3.125000000000000065e-05	3.019767121376493169e-02	8.521230891346931458e-02	6.394282402470707893e-02
3.125000000000000065e-05	3.134781670391182523e-02	8.841844368726015091e-02	6.691590556874871254e-02
3.125000000000000065e-05	2.974089955368751370e-02	8.530966145917773247e-02	6.340498337522149086e-02
3.125000000000000065e-05	2.820628991091175819e-02	8.603764884173870087e-02	6.394458189606666565e-02
3.125000000000000065e-05	2.731309315967786130e-02	8.565340610221028328e-02	6.491940375417470932e-02
3.125000000000000065e-05	2.680951571445676362e-02	8.843282703310251236e-02	6.398943345993757248e-02
3.125000000000000065e-05	2.953654494655283055e-02	8.438001619651913643e-02	6.397605407983064651e-02
3.125000000000000065e-05	2.906027205194099128e-02	8.389463461935520172e-02	6.302411574870347977e-02
3.125000000000000065e-05	2.848372000116336164e-02	8.583842776715755463e-02	6.557387951761484146e-02
3.125000000000000065e-05	2.940691155204667312e-02	8.388420147821307182e-02	6.250547105446457863e-02
3.125000000000000065e-05	3.130694759325890891e-02	8.363211899995803833e-02	6.279451958835124969e-02
3.125000000000000065e-05	2.880025653852314946e-02	8.485151734203100204e-02	6.388713838532567024e-02
3.125000000000000065e-05	2.852798479644558238e-02	8.515284769237041473e-02	6.380198523402214050e-02
3.125000000000000065e-05	2.840273296814176118e-02	8.507160935550928116e-02	6.317150266841053963e-02
3.125000000000000065e-05	2.727696517647444294e-02	8.417618647217750549e-02	6.290657538920640945e-02
3.125000000000000065e-05	2.787433312380615744e-02	8.491238066926598549e-02	6.320610502734780312e-02
3.125000000000000065e-05	2.865910914408255350e-02	8.506794227287173271e-02	6.390050146728754044e-02
3.125000000000000065e-05	2.838432139280853278e-02	8.851311728358268738e-02	6.423862557858228683e-02
1.562500000000000033e-05	2.735293353613041725e-02	8.487143320962786674e-02	6.366904871538281441e-02
1.562500000000000033e-05	2.940586638412898135e-02	8.386141154915094376e-02	6.332549732178449631e-02
1.562500000000000033e-05	3.216358281294755955e-02	8.952861279249191284e-02	6.858038576319813728e-02
1.562500000000000033e-05	2.942059038183357164e-02	8.970993477851152420e-02	6.882124673575162888e-02
1.562500000000000033e-05	3.046562561553112919e-02	8.382652979344129562e-02	6.252239923924207687e-02
1.562500000000000033e-05	2.659269714657264486e-02	8.432083949446678162e-02	6.332775112241506577e-02
1.562500000000000033e-05	2.877445122863673058e-02	8.366564102470874786e-02	6.359786540269851685e-02
1.562500000000000033e-05	3.222965648327069665e-02	8.807982783764600754e-02	6.919206632301211357e-02
1.562500000000000033e-05	2.812702984466582817e-02	8.533850358799099922e-02	6.467001372948288918e-02
1.562500000000000033e-05	2.754662508923041639e-02	8.431004732847213745e-02	6.413577171042561531e-02
1.562500000000000033e-05	2.870094961239190098e-02	8.778167609125375748e-02	6.392574636265635490e-02
1.562500000000000033e-05	3.048198360100954490e-02	8.463417459279298782e-02	6.344938511028885841e-02
1.562500000000000033e-05	2.708720215419425231e-02	8.770606853067874908e-02	6.336169643327593803e-02
1.562500000000000033e-05	2.748294872573659245e-02	8.576257620006799698e-02	6.476321956142783165e-02
1.562500000000000033e-05	2.883983435274302051e-02	8.611265383660793304e-02	6.553813256323337555e-02
1.562500000000000033e-05	2.715665432094018644e-02	8.365740766748785973e-02	6.255136523395776749e-02
1.562500000000000033e-05	2.845927448118034872e-02	8.717276575043797493e-02	6.604258855804800987e-02
1.562500000000000033e-05	2.701702970964244693e-02	8.707755198702216148e-02	6.272714538499712944e-02
1.562500000000000033e-05	2.703483675052470794e-02	8.529891585931181908e-02	6.371601531282067299e-02
1.562500000000000033e-05	2.766520855358884159e-02	8.319132030010223389e-02	6.292816111817955971e-02
1.562500000000000033e-05	2.651509532964305138e-02	8.408416528254747391e-02	6.260552909225225449e-02
1.562500000000000033e-05	2.745150555443914495e-02	8.560444600880146027e-02	6.482573179528117180e-02
1.562500000000000033e-05	2.646500195223319349e-02	8.323611225932836533e-02	6.284257816150784492e-02
1.562500000000000033e-05	2.883684766019069604e-02	8.460134174674749374e-02	6.327151879668235779e-02
1.562500000000000033e-05	2.597031639770993813e-02	8.431484689936041832e-02	6.270546838641166687e-02
1.562500000000000033e-05	2.717973630215170938e-02	8.529618289321660995e-02	6.444985233247280121e-02
1.562500000000000033e-05	2.790008834268473473e-02	8.515237504616379738e-02	6.424459721893072128e-02
1.562500000000000033e-05	2.618448916068182725e-02	8.522037975490093231e-02	6.474324548617005348e-02
1.562500000000000033e-05	2.969640771610827443e-02	8.515285607427358627e-02	6.487867189571261406e-02
1.562500000000000033e-05	2.795656474566535210e-02	8.646134100854396820e-02	6.464242190122604370e-02
1.562500000000000033e-05	2.697368891603207225e-02	8.570894412696361542e-02	6.524681719020009041e-02
1.562500000000000033e-05	2.855673801342520704e-02	8.406336931511759758e-02	6.336992653086781502e-02
1.562500000000000033e-05	3.005640746294697616e-02	8.841325435787439346e-02	6.831750459969043732e-02
1.562500000000000033e-05	2.598398861392766518e-02	8.823124179616570473e-02	6.395922787487506866e-02
1.562500000000000033e-05	2.657325636548332065e-02	8.717522118240594864e-02	6.280836090445518494e-02
1.562500000000000033e-05	2.662855949064221392e-02	8.523592352867126465e-02	6.470365077257156372e-02
1.562500000000000033e-05	2.918975760193565083e-02	8.447637222707271576e-02	6.416483316570520401e-02
1.562500000000000033e-05	2.728903860655389202e-02	8.489008340984582901e-02	6.390080694109201431e-02
1.562500000000000033e-05	2.583538991976765120e-02	8.393482305109500885e-02	6.319620460271835327e-02
1.562500000000000033e-05	2.978793077783871424e-02	8.784540835767984390e-02	6.677492940798401833e-02
1.562500000000000033e-05	3.070741506364149317e-02	8.417997322976589203e-02	6.426085205748677254e-02
7.812500000000000163e-06	2.768213167503664682e-02	8.523325901478528976e-02	6.444326043128967285e-02
7.812500000000000163e-06	2.801537472471783349e-02	8.726057270541787148e-02	6.752288388088345528e-02
7.812500000000000163e-06	2.724426641730190793e-02	8.449053391814231873e-02	6.340692145749926567e-02
7.812500000000000163e-06	2.725747478772190535e-02	8.391236886382102966e-02	6.296572787687182426e-02
7.812500000000000163e-06	2.484115585684776306e-02	8.388006687164306641e-02	6.300102174282073975e-02
7.812500000000000163e-06	2.565720432166811865e-02	8.444851776584982872e-02	6.344469496980309486e-02
7.812500000000000163e-06	2.691128671970925701e-02	8.433618163689970970e-02	6.356021529063582420e-02
7.812500000000000163e-06	2.700210717518495770e-02	8.427285682410001755e-02	6.368314614519476891e-02
7.812500000000000163e-06	3.030734716714183000e-02	9.065803606063127518e-02	7.075038598850369453e-02
7.812500000000000163e-06	2.628610596720930975e-02	8.468308020383119583e-02	6.401417823508381844e-02
7.812500000000000163e-06	2.766414078636260029e-02	8.481096290051937103e-02	6.488206516951322556e-02
7.812500000000000163e-06	2.580466409084163082e-02	8.453724812716245651e-02	6.334203388541936874e-02
7.812500000000000163e-06	2.563637386583074787e-02	8.459699666127562523e-02	6.357805896550416946e-02
7.812500000000000163e-06	2.578564767454621237e-02	8.482895791530609131e-02	6.335404608398675919e-02
7.812500000000000163e-06	2.694699570206524411e-02	8.434190368279814720e-02	6.321039563044905663e-02
7.812500000000000163e-06	2.958331446906056414e-02	8.651841711252927780e-02	6.635652482509613037e-02
7.812500000000000163e-06	2.825303458243231397e-02	8.549192175269126892e-02	6.539518246427178383e-02
7.812500000000000163e-06	2.625860794907129356e-02	8.391796285286545753e-02	6.313005508854985237e-02
7.812500000000000163e-06	2.806732172877350953e-02	8.400067361071705818e-02	6.308803940191864967e-02
7.812500000000000163e-06	2.488121982145158687e-02	8.388045337051153183e-02	6.332505447790026665e-02
7.812500000000000163e-06	2.627517199261656181e-02	8.399310894310474396e-02	6.374501483514904976e-02
3.906250000000000081e-06	2.670576966874584415e-02	8.381512574851512909e-02	6.337289419025182724e-02
3.906250000000000081e-06	2.688116056821014330e-02	8.595694322139024734e-02	6.480718869715929031e-02
3.906250000000000081e-06	2.720259602735691437e-02	8.831870509311556816e-02	6.434283824637532234e-02
3.906250000000000081e-06	2.498075999083775381e-02	8.330813702195882797e-02	6.261536292731761932e-02
3.906250000000000081e-06	2.826624829322099686e-02	8.522375999018549919e-02	6.470339745283126831e-02
3.906250000000000081e-06	2.740378565850514272e-02	8.474438590928912163e-02	6.406356068328022957e-02
3.906250000000000081e-06	3.188247207693661184e-02	9.393319301307201385e-02	7.322484161704778671e-02
3.906250000000000081e-06	2.717458874081508935e-02	8.425420057028532028e-02	6.408636271953582764e-02
3.906250000000000081e-06	2.647174808750801453e-02	8.483718009665608406e-02	6.373689463362097740e-02
3.906250000000000081e-06	2.736412961318900397e-02	8.430973673239350319e-02	6.392732821404933929e-02
3.906250000000000081e-06	2.936111805559713656e-02	8.767715748399496078e-02	6.615504482761025429e-02
3.906250000000000081e-06	2.653905077354062891e-02	8.483631303533911705e-02	6.425992539152503014e-02
3.906250000000000081e-06	2.625923019044006795e-02	8.535461546853184700e-02	6.593175791203975677e-02
3.906250000000000081e-06	2.734148362062022511e-02	8.370248135179281235e-02	6.302657909691333771e-02
3.906250000000000081e-06	2.564043539894532431e-02	8.452167687937617302e-02	6.334394915029406548e-02
3.906250000000000081e-06	2.860499674430753633e-02	8.539780229330062866e-02	6.510015996173024178e-02
3.906250000000000081e-06	2.626269473399542656e-02	8.491834904998540878e-02	6.389574240893125534e-02
3.906250000000000081e-06	2.671355457056926938e-02	8.378754230216145515e-02	6.279653077945113182e-02
3.906250000000000081e-06	2.641726777994934591e-02	8.510657586157321930e-02	6.347375456243753433e-02
3.906250000000000081e-06	2.508107915850757083e-02	8.326817676424980164e-02	6.351457396522164345e-02
3.906250000000000081e-06	2.794258020629611025e-02	8.372794464230537415e-02	6.367535190656781197e-02
1.953125000000000041e-06	2.442475997760325951e-02	8.490675687789916992e-02	6.410488020628690720e-02
1.953125000000000041e-06	2.573000689190399828e-02	8.541212556883692741e-02	6.392999878153204918e-02
1.953125000000000041e-06	2.607253665411019689e-02	8.457549382001161575e-02	6.361469859257340431e-02
1.953125000000000041e-06	2.642389068592198437e-02	8.466592337936162949e-02	6.392166670411825180e-02
1.953125000000000041e-06	2.506486144907112482e-02	8.432696945965290070e-02	6.339040724560618401e-02
1.953125000000000041e-06	2.527057515056450182e-02	8.884703274816274643e-02	6.459577614441514015e-02
1.953125000000000041e-06	2.571971747505514064e-02	8.375303680077195168e-02	6.298652663826942444e-02
1.953125000000000041e-06	2.821791985461229169e-02	8.426866307854652405e-02	6.438437569886445999e-02
1.953125000000000041e-06	2.631743658994194907e-02	8.526013698428869247e-02	6.461614463478326797e-02
1.953125000000000041e-06	2.669746183519122046e-02	8.462647860869765282e-02	6.401758594438433647e-02
1.953125000000000041e-06	2.590099276526819372e-02	8.427648805081844330e-02	6.405018968507647514e-02
1.953125000000000041e-06	2.676168931766024009e-02	8.381929015740752220e-02	6.322003016248345375e-02
1.953125000000000041e-06	2.543290995674420130e-02	8.451857371255755424e-02	6.399577809497714043e-02
1.953125000000000041e-06	2.551597029065029443e-02	8.560118684545159340e-02	6.437191087752580643e-02
1.953125000000000041e-06	2.660131880046823216e-02	8.378254016861319542e-02	6.328326836228370667e-02
1.953125000000000041e-06	2.752211002656553343e-02	8.572399849072098732e-02	6.533389165997505188e-02
1.953125000000000041e-06	2.687785131974687949e-02	8.526212535798549652e-02	6.375136738643050194e-02
1.953125000000000041e-06	3.339298364199415337e-02	9.609837085008621216e-02	7.757531199604272842e-02
1.953125000000000041e-06	2.640820263967483955e-02	8.472611010074615479e-02	6.332017527893185616e-02
1.953125000000000041e-06	2.574668928414960284e-02	8.498306898400187492e-02	6.396048748865723610e-02
1.953125000000000041e-06	2.554537497366531074e-02	8.722443273290991783e-02	6.319629680365324020e-02
9.765625000000000203e-07	2.634741661810799385e-02	8.748267730697989464e-02	6.335045816376805305e-02
9.765625000000000203e-07	2.644460531588219490e-02	8.502494171261787415e-02	6.447376543655991554e-02
9.765625000000000203e-07	2.563658196337615519e-02	8.447276102378964424e-02	6.354675814509391785e-02
9.765625000000000203e-07	2.512382490772612637e-02	8.356413803994655609e-02	6.322293169796466827e-02
9.765625000000000203e-07	2.702486012838309359e-02	8.412611717358231544e-02	6.308874022215604782e-02
9.765625000000000203e-07	2.488214449509035253e-02	8.348232228308916092e-02	6.245133653283119202e-02
9.765625000000000203e-07	2.533494329810897019e-02	8.337021479383111000e-02	6.325497012585401535e-02
9.765625000000000203e-07	2.697615753387725898e-02	8.502311492338776588e-02	6.590148014947772026e-02
9.765625000000000203e-07	2.721706676426567661e-02	8.509262744337320328e-02	6.431772327050566673e-02
9.765625000000000203e-07	2.518823804168761685e-02	8.484245464205741882e-02	6.391927599906921387e-02
9.765625000000000203e-07	2.550839500713952129e-02	8.529504481703042984e-02	6.469148537144064903e-02
