1.000000000000000021e-03	2.953321755608547261e-01	1.928365908524128647e-01	1.798914441838860567e-01
1.000000000000000021e-03	1.852488356787080626e-01	1.322048240541163489e-01	1.208309475332498550e-01
1.000000000000000021e-03	1.590576110241924968e-01	5.741373742126045787e-01	5.915006406605243239e-01
1.000000000000000021e-03	1.430512403309726621e-01	1.108912235389205164e-01	1.026874752715229988e-01
1.000000000000000021e-03	1.363792749118534486e-01	1.014831398872180768e-01	9.356324840337038040e-02
1.000000000000000021e-03	1.252921336461042812e-01	9.990468590047346664e-02	9.119320744648576338e-02
1.000000000000000021e-03	1.127444977149878735e-01	8.005566346941818401e-02	7.276703696697950363e-02
1.000000000000000021e-03	1.054092346798409657e-01	7.683521836840045971e-02	7.144598858430981081e-02
1.000000000000000021e-03	9.712266143348551040e-02	9.323105375960234753e-02	8.934561125934123438e-02
1.000000000000000021e-03	8.739391969838691820e-02	7.794335708802282991e-02	6.996511807665228844e-02
1.000000000000000021e-03	8.473840844343401291e-02	7.377790989285988588e-02	6.773278145119547566e-02
1.000000000000000021e-03	8.155549435490019872e-02	7.713064512345178814e-02	7.725888397544622421e-02
1.000000000000000021e-03	7.578259452509977789e-02	7.475328663880911884e-02	7.014243630692362785e-02
1.000000000000000021e-03	7.398560573848060595e-02	7.045812192933721685e-02	6.909111421555280685e-02
1.000000000000000021e-03	7.380868266312239079e-02	5.761271586436875897e-02	5.222088284790515900e-02
1.000000000000000021e-03	7.077521541919244707e-02	6.263035081365969647e-02	5.624206243082881251e-02
1.000000000000000021e-03	6.889388573298002583e-02	8.218902913141624966e-02	8.551031136885285655e-02
1.000000000000000021e-03	6.548074928045688470e-02	6.174684514862080476e-02	6.742504434660076540e-02
1.000000000000000021e-03	6.604092352746737671e-02	5.792287622056706275e-02	6.051767487078905244e-02
1.000000000000000021e-03	6.405785883093656485e-02	7.820961622433512950e-02	8.065275996923446100e-02
1.000000000000000021e-03	6.244823944480215605e-02	5.112583985971530520e-02	5.448821876198053221e-02
1.000000000000000021e-03	6.071801880973761584e-02	4.858673404882715707e-02	4.820026545785367766e-02
1.000000000000000021e-03	5.859575181367301933e-02	4.957318852085093597e-02	4.995507709681987901e-02
1.000000000000000021e-03	5.696248418720327444e-02	5.895628009713133055e-02	5.614394452422857146e-02
1.000000000000000021e-03	6.039338401578899646e-02	5.630405387641247705e-02	6.116119800135493001e-02
1.000000000000000021e-03	5.538793124037471455e-02	5.464313186080980295e-02	5.635574255138635358e-02
1.000000000000000021e-03	5.339235210831322354e-02	5.855491989492121740e-02	6.356232669204472940e-02
1.000000000000000021e-03	5.351611867616383467e-02	4.537107961262083766e-02	4.402643013745546202e-02
1.000000000000000021e-03	5.207636219152986939e-02	5.841578958624320250e-02	6.211264859884977479e-02
1.000000000000000021e-03	5.184820213871441791e-02	5.182536322799028566e-02	5.373460566624999046e-02
1.000000000000000021e-03	5.041416206545022705e-02	5.281029534355508037e-02	4.793922640383243422e-02
1.000000000000000021e-03	5.110759587677812105e-02	4.714436519949535831e-02	5.168541949242353578e-02
1.000000000000000021e-03	4.951480893854869059e-02	4.729369287598507443e-02	4.695884091779589653e-02
1.000000000000000021e-03	4.832152268237641796e-02	7.442695290552384102e-02	1.246969051659107264e-01
1.000000000000000021e-03	4.766926012712207478e-02	4.601331262883403411e-02	4.768546288833021979e-02
1.000000000000000021e-03	4.595105101556504895e-02	5.464228359660552869e-02	5.097799580544233600e-02
1.000000000000000021e-03	4.637879107002258056e-02	5.885963725091899329e-02	6.170777631923556050e-02
1.000000000000000021e-03	4.585230939627699120e-02	4.856019026321890808e-02	5.177705371752381464e-02
1.000000000000000021e-03	4.539223239389250653e-02	7.266041068896572641e-02	6.412367681041360179e-02
1.000000000000000021e-03	4.470048298373376083e-02	4.865004077397715870e-02	4.887763462029397210e-02
1.000000000000000021e-03	4.377270800480321383e-02	4.590861452499609557e-02	4.646276999264955382e-02
1.000000000000000021e-03	4.269102354679709527e-02	4.703891030585890393e-02	5.019025178626179695e-02
1.000000000000000021e-03	4.295579952563290810e-02	4.596804433468124756e-02	4.460396803915500641e-02
1.000000000000000021e-03	4.279983456291523020e-02	4.650134908240190906e-02	4.147950159385800639e-02
1.000000000000000021e-03	4.307493498118690478e-02	4.976097482661302057e-02	4.219870902597903928e-02
1.000000000000000021e-03	4.344070531371514721e-02	5.165873495228003737e-02	4.695833651348948340e-02
1.000000000000000021e-03	4.197838619338384314e-02	3.861992389782872848e-02	3.977638902142643929e-02
1.000000000000000021e-03	4.157590572226525782e-02	4.335813972299323860e-02	4.831777024082839489e-02
1.000000000000000021e-03	3.966247850466669139e-02	5.850778680041198582e-02	5.676112622022629062e-02
1.000000000000000021e-03	4.093907942855649212e-02	3.674472790425984542e-02	4.145684055984020372e-02
1.000000000000000021e-03	4.040218818956609753e-02	4.876541124939606786e-02	4.251867337152361731e-02
1.000000000000000021e-03	3.997923793306941420e-02	4.313700512558690109e-02	4.071884909644722661e-02
1.000000000000000021e-03	3.853374258780319778e-02	3.861328759547615758e-02	4.392612725496292114e-02
1.000000000000000021e-03	4.021092047974458850e-02	4.016494616398012113e-02	4.419693141244351864e-02
1.000000000000000021e-03	3.836849282987073173e-02	4.174515901435732479e-02	4.413380338810383996e-02
1.000000000000000021e-03	3.972570331785622161e-02	3.843938617806159919e-02	3.555366676300764084e-02
1.000000000000000021e-03	3.768976326487902262e-02	3.846380302770287252e-02	4.231461449526250501e-02
1.000000000000000021e-03	3.656836907060220104e-02	4.584709805538829397e-02	4.936093259602784833e-02
1.000000000000000021e-03	3.656375422150572735e-02	4.275167784141620242e-02	5.004134885966778079e-02
1.000000000000000021e-03	3.754056039536637218e-02	3.618772174792452001e-02	4.287472506985068321e-02
1.000000000000000021e-03	3.648611477892054616e-02	3.948934079776883488e-02	4.183595995418727675e-02
1.000000000000000021e-03	3.521960460564090012e-02	4.190549449458796233e-02	4.513066671788692336e-02
1.000000000000000021e-03	3.590698608583561824e-02	4.103948121295549617e-02	4.635057756677270213e-02
1.000000000000000021e-03	3.534052028944320578e-02	4.640160506854506400e-02	5.312528563663363596e-02
1.000000000000000021e-03	3.559771667973048170e-02	4.525764281642062625e-02	4.681593384593725482e-02
1.000000000000000021e-03	3.588778000496167797e-02	4.047799268396112815e-02	3.722615852020681043e-02
1.000000000000000021e-03	3.533308648673894742e-02	4.060803717538636476e-02	4.155779844149946889e-02
1.000000000000000021e-03	3.492211621447556535e-02	4.640307119457509621e-02	5.008960692211985449e-02
1.000000000000000021e-03	3.358208134644700277e-02	3.395679777400344157e-02	3.692600228823721131e-02
1.000000000000000021e-03	3.381960035029228651e-02	3.632899024645695751e-02	3.283271915279328823e-02
1.000000000000000021e-03	3.318595036391847053e-02	3.405377493088782015e-02	3.897817288525402823e-02
1.000000000000000021e-03	3.389632909809558309e-02	3.627981430807038915e-02	3.998826495371758660e-02
1.000000000000000021e-03	3.323746493834960763e-02	4.168491856394949957e-02	4.660367625765502592e-02
1.000000000000000021e-03	3.316293530807618711e-02	3.580780782741713880e-02	3.965305411256849627e-02
1.000000000000000021e-03	3.262889488270249300e-02	3.248390895728977407e-02	3.801663480699062070e-02
1.000000000000000021e-03	3.274589836046992719e-02	3.191788738388665753e-02	3.670355714857578139e-02
1.000000000000000021e-03	3.338834696458549411e-02	3.383480343011973507e-02	3.034876021556556086e-02
1.000000000000000021e-03	3.141481336043663170e-02	3.249832702049722244e-02	3.747568316757678847e-02
1.000000000000000021e-03	3.171805020826996141e-02	3.786726993220950604e-02	4.105640682391822199e-02
1.000000000000000021e-03	3.211806949993043642e-02	4.327442450205069152e-02	4.697370463982224187e-02
1.000000000000000021e-03	3.191833576234084924e-02	3.870003114586101356e-02	3.739265790209174434e-02
1.000000000000000021e-03	3.085045986865723663e-02	3.189710757807287522e-02	3.239833279512822906e-02
1.000000000000000021e-03	3.016159244081078120e-02	3.767294750709808404e-02	4.570477148517966548e-02
1.000000000000000021e-03	3.005987774838604978e-02	3.229120770635093146e-02	3.909084969200193882e-02
1.000000000000000021e-03	3.007249270932594101e-02	3.519298571176553841e-02	3.430904899723827978e-02
1.000000000000000021e-03	2.950309164640062959e-02	3.116006244227524299e-02	3.780432837083935738e-02
1.000000000000000021e-03	2.877668964331444104e-02	3.121171401160237682e-02	3.333709994331002235e-02
1.000000000000000021e-03	2.917314132804472646e-02	3.194878952509445924e-02	3.818678613752126555e-02
1.000000000000000021e-03	2.944775886829333403e-02	3.393350743459469521e-02	3.787564495578408380e-02
1.000000000000000021e-03	2.936491781304990945e-02	3.228829409049443350e-02	3.031925256364047597e-02
1.000000000000000021e-03	2.821446276026593272e-02	3.581760781792758114e-02	3.865053248591721058e-02
1.000000000000000021e-03	2.871523832186077124e-02	3.843771794040477807e-02	4.201925336383283138e-02
1.000000000000000021e-03	2.867970483430670389e-02	4.084970370052060790e-02	4.465484227985143384e-02
1.000000000000000021e-03	2.819460833584971210e-02	3.495055987104695588e-02	3.312309938482940058e-02
1.000000000000000021e-03	2.792715416043355450e-02	3.428360168378390832e-02	3.372352239675820151e-02
1.000000000000000021e-03	2.718599871940880625e-02	3.057731130204275477e-02	3.549242364242673198e-02
1.000000000000000021e-03	2.697487813683357646e-02	3.562230799171624968e-02	3.995520402677357058e-02
1.000000000000000021e-03	2.680095563869687100e-02	3.085267757363032229e-02	3.589670765213668485e-02
1.000000000000000021e-03	2.742157770031461786e-02	3.004916138088828056e-02	3.485239525325596610e-02
1.000000000000000021e-03	2.715868240578827100e-02	3.066640301407631830e-02	3.554702703841030459e-02
1.000000000000000021e-03	2.651794466453887694e-02	3.115689032832989411e-02	3.711589192971587181e-02
1.000000000000000021e-03	2.644935129573346491e-02	3.357785244847779488e-02	3.886795584112405499e-02
1.000000000000000021e-03	2.782014758911779267e-02	3.433304994869294802e-02	4.161151191219687739e-02
1.000000000000000021e-03	2.717904901807047593e-02	3.002661080416584374e-02	3.708899207413196564e-02
1.000000000000000021e-03	2.633120995036577344e-02	3.135154882923783110e-02	3.548237914219498634e-02
1.000000000000000021e-03	2.609521350560578892e-02	3.531852109035896192e-02	4.004080374725162844e-02
1.000000000000000021e-03	2.624443232408524979e-02	3.503328643700215350e-02	3.996348879300058027e-02
1.000000000000000021e-03	2.591630571628549679e-02	2.989393415134302540e-02	3.412114484235644063e-02
1.000000000000000021e-03	2.551036477717394738e-02	3.096161308791000807e-02	3.551408583298325261e-02
1.000000000000000021e-03	2.521197009157690599e-02	3.208588553270744215e-02	3.579963361844420294e-02
1.000000000000000021e-03	2.531192779168269999e-02	3.114352656128518970e-02	3.558361432515085021e-02
1.000000000000000021e-03	2.465437110968545301e-02	3.542504061735113341e-02	3.572594732977450033e-02
1.000000000000000021e-03	2.451800721751145815e-02	3.047101840337845813e-02	3.455987032502889911e-02
1.000000000000000021e-03	2.502407373263434986e-02	2.827463722275814009e-02	3.373574917204678197e-02
1.000000000000000021e-03	2.537082951004471232e-02	3.176801310393823075e-02	3.584849913604557653e-02
1.000000000000000021e-03	2.581082129609349116e-02	3.000425956948265388e-02	3.535131695680319985e-02
1.000000000000000021e-03	2.517625717191570786e-02	2.829504664987325668e-02	3.327518524602055688e-02
1.000000000000000021e-03	2.447516840913480790e-02	3.064676888131034199e-02	3.678228929638862471e-02
1.000000000000000021e-03	2.414301136826068131e-02	2.969879445410211760e-02	3.534838589839637418e-02
1.000000000000000021e-03	2.442818683089386170e-02	3.082485837345035756e-02	2.833456331863999297e-02
1.000000000000000021e-03	2.432417877315348059e-02	2.890948291029293502e-02	3.198807109147309979e-02
1.000000000000000021e-03	2.397823028283766963e-02	3.747317930244650763e-02	4.225960122421383580e-02
1.000000000000000021e-03	2.417144490651886024e-02	3.071200420485117183e-02	3.695125882513820847e-02
1.000000000000000021e-03	2.378855852237910656e-02	3.200902687434438454e-02	3.409202042967081348e-02
1.000000000000000021e-03	2.370359432959951926e-02	3.102760451860452767e-02	3.528428529389202734e-02
1.000000000000000021e-03	2.363723986568129834e-02	2.742301713168153118e-02	3.258412848226725778e-02
1.000000000000000021e-03	2.347394367035233326e-02	2.870644757728926105e-02	3.423211155459284644e-02
1.000000000000000021e-03	2.314466744100045562e-02	2.838035931332885328e-02	3.330369973555206975e-02
1.000000000000000021e-03	2.346516312590305603e-02	2.903361570733692040e-02	3.431888665072620193e-02
1.000000000000000021e-03	2.360074099970286762e-02	2.955571217803742989e-02	3.194043054245412211e-02
1.000000000000000021e-03	2.318200502444953820e-02	2.774282332743805909e-02	3.089499373454600642e-02
1.000000000000000021e-03	2.271745924378998360e-02	2.919693426741043138e-02	3.297838959842920581e-02
1.000000000000000021e-03	2.247684804637065104e-02	3.159929518417226024e-02	8.431839775294065753e-02
1.000000000000000021e-03	2.253468084046665945e-02	2.797376829155608785e-02	3.077767454087734084e-02
1.000000000000000021e-03	2.292099091321351395e-02	3.130361164739618729e-02	3.594627333804965158e-02
1.000000000000000021e-03	2.284806619337074671e-02	2.861743955751052185e-02	3.227841546759009639e-02
1.000000000000000021e-03	2.298628258691702911e-02	2.806422524446748265e-02	3.278095279820263108e-02
1.000000000000000021e-03	2.240150227412416803e-02	3.212424928410202718e-02	3.818065370433032513e-02
1.000000000000000021e-03	2.216478381110891654e-02	2.706776630055373820e-02	3.223073384724557677e-02
1.000000000000000021e-03	2.234691212201895053e-02	2.707034972598727426e-02	3.205305461306125203e-02
1.000000000000000021e-03	2.196459127552135432e-02	2.723307565283713053e-02	3.159948089160025120e-02
1.000000000000000021e-03	2.254241650491744728e-02	2.936626552404221491e-02	3.457668861374259273e-02
1.000000000000000021e-03	2.247271989919180299e-02	3.209282797200517512e-02	3.884046436287462434e-02
1.000000000000000021e-03	2.208413906588309675e-02	2.944922651022828519e-02	3.308357326313852986e-02
1.000000000000000021e-03	2.173695931457082786e-02	2.860815981061670676e-02	3.376518134027719359e-02
1.000000000000000021e-03	2.235974865700613920e-02	2.817668114832714427e-02	3.385256784968078414e-02
1.000000000000000021e-03	2.145416946369783917e-02	2.940924502226538798e-02	3.467291300185024877e-02
1.000000000000000021e-03	2.190676981766359957e-02	3.022205144049921674e-02	3.536784579046070576e-02
1.000000000000000021e-03	2.166772676591716476e-02	2.702976252727639500e-02	3.161230678670108596e-02
1.000000000000000021e-03	2.121492955289724577e-02	2.908110503516896095e-02	3.360196510329842290e-02
1.000000000000000021e-03	2.112353140885934663e-02	2.706230600505911410e-02	3.162809552159160514e-02
1.000000000000000021e-03	2.178037004331868920e-02	3.084479174844881669e-02	3.194267912767827233e-02
1.000000000000000021e-03	2.160235835805994833e-02	2.824864655499058699e-02	3.095196827780455351e-02
1.000000000000000021e-03	2.140599503785961186e-02	2.951636408206992010e-02	3.270277758128940782e-02
1.000000000000000021e-03	2.099414382004214166e-02	3.053014394851567143e-02	3.562435512430965623e-02
1.000000000000000021e-03	2.138602772782870545e-02	2.970627540264142094e-02	3.416315852664410929e-02
1.000000000000000021e-03	2.115644065586285566e-02	3.035442373125341042e-02	3.488240377046167989e-02
1.000000000000000021e-03	2.161216835473480508e-02	2.999807115039588440e-02	2.935086712241172929e-02
1.000000000000000021e-03	2.086299686861149000e-02	2.855151243683399370e-02	3.253507819026708880e-02
1.000000000000000021e-03	2.075189230459731013e-02	2.647619634496135854e-02	3.052044196520000557e-02
1.000000000000000021e-03	2.074520766719907192e-02	2.908060521238449436e-02	3.288916349411010603e-02
1.000000000000000021e-03	2.066412186353028951e-02	2.554459776729345322e-02	2.986691461410373449e-02
1.000000000000000021e-03	2.078179128136466158e-02	2.917601672337629543e-02	2.716819113120436807e-02
1.000000000000000021e-03	2.068646138056098524e-02	3.151771722663759823e-02	3.463318725116550784e-02
1.000000000000000021e-03	1.973761275297961429e-02	2.801000994888587850e-02	2.965956158004701138e-02
1.000000000000000021e-03	2.072932215601448400e-02	2.753481805734141197e-02	2.922722194343805452e-02
1.000000000000000021e-03	2.051356560352879735e-02	3.328195698949366899e-02	3.659534757025539875e-02
1.000000000000000021e-03	2.027136002466247214e-02	2.775418437061665661e-02	2.986310427077114651e-02
1.000000000000000021e-03	2.059806290517684005e-02	2.779074407216765991e-02	3.172753783874213834e-02
1.000000000000000021e-03	2.025100107696459900e-02	3.331834384050044728e-02	3.787994976155460020e-02
1.000000000000000021e-03	1.990162722285297378e-02	2.561155223429047167e-02	3.051050517242401977e-02
1.000000000000000021e-03	2.005727540424235428e-02	2.924953339650680773e-02	3.153700544498860836e-02
1.000000000000000021e-03	2.027630561192310388e-02	2.684216693784866048e-02	3.142139585688710074e-02
1.000000000000000021e-03	1.991663785589562960e-02	3.152641009402836619e-02	3.654528763145208081e-02
1.000000000000000021e-03	1.982660455615143161e-02	2.681403191691917806e-02	3.249353347346186499e-02
1.000000000000000021e-03	1.970961566314474028e-02	2.651161128528299257e-02	3.180904788896441598e-02
1.000000000000000021e-03	2.000605943707566003e-02	2.877388428409062213e-02	3.294466473162174086e-02
1.000000000000000021e-03	1.991607945351717840e-02	3.179777585243055010e-02	3.532312274910509586e-02
1.000000000000000021e-03	1.986862467943217858e-02	2.726126621179867857e-02	3.372893705964088301e-02
1.000000000000000021e-03	2.004210191002465599e-02	3.002459993732225357e-02	3.398110535927116593e-02
1.000000000000000021e-03	1.973497398997320698e-02	2.933487300980465451e-02	3.359946263954043111e-02
1.000000000000000021e-03	2.034920777035460066e-02	2.821019827753929593e-02	2.659930917434394360e-02
1.000000000000000021e-03	2.020421848210347468e-02	2.831846022617598435e-02	2.784412899054587026e-02
5.000000000000000104e-04	1.570114431065171984e-02	2.474451450270195862e-02	2.713970094919204712e-02
5.000000000000000104e-04	1.509566166789778549e-02	2.351377331968689324e-02	2.642367321532219579e-02
5.000000000000000104e-04	1.465876946098985424e-02	2.649324067931680890e-02	3.056652306113392253e-02
5.000000000000000104e-04	1.466031420386465153e-02	2.722414164116401455e-02	2.954256664961576323e-02
5.000000000000000104e-04	1.449276448063305245e-02	2.559846617203420313e-02	2.740947483107447624e-02
5.000000000000000104e-04	1.456620975507508936e-02	2.382552460889229493e-02	2.669698749668896268e-02
5.000000000000000104e-04	1.431283654256086148e-02	2.649133106820402220e-02	2.814869796857237885e-02
5.000000000000000104e-04	1.433398293406031379e-02	2.350872132381063434e-02	2.718351767398417135e-02
5.000000000000000104e-04	1.402895950017157833e-02	2.428919205159260977e-02	2.636750775855034590e-02
5.000000000000000104e-04	1.389327834437776264e-02	2.430363129141755243e-02	2.670822346117347409e-02
5.000000000000000104e-04	1.410007737674482189e-02	2.313142804263149804e-02	2.741737090982496877e-02
5.000000000000000104e-04	1.392144750242423241e-02	2.426940665936282854e-02	2.749587423168122630e-02
5.000000000000000104e-04	1.400130192807172956e-02	2.630995039423410925e-02	3.052853001281619072e-02
5.000000000000000104e-04	1.404980111243057071e-02	2.491477496083338225e-02	2.879164572805166175e-02
5.000000000000000104e-04	1.391033892297099776e-02	2.391535575691786097e-02	2.722669620998203685e-02
5.000000000000000104e-04	1.378819344098256537e-02	2.307553180244736532e-02	2.697483212687075069e-02
5.000000000000000104e-04	1.364430493213032551e-02	2.377997644011574721e-02	2.897145331371575594e-02
5.000000000000000104e-04	1.383384869614352752e-02	2.349644481979739491e-02	2.831729205790907075e-02
5.000000000000000104e-04	1.363532110743133526e-02	2.342251548299770572e-02	2.691375007852912088e-02
5.000000000000000104e-04	1.348222554577357436e-02	2.652663199708879885e-02	3.040305864997207980e-02
5.000000000000000104e-04	1.351243388362840039e-02	2.255153100137935115e-02	2.548625969793647666e-02
5.000000000000000104e-04	1.328005797515226065e-02	2.393123487020350215e-02	2.847052505239844322e-02
5.000000000000000104e-04	1.347338922870079322e-02	2.424842251357451836e-02	2.572541562840342452e-02
5.000000000000000104e-04	1.363118327482277896e-02	2.228731551349007189e-02	2.703170632012188296e-02
5.000000000000000104e-04	1.324856927951038182e-02	2.329032187452491007e-02	2.672945319209247758e-02
5.000000000000000104e-04	1.344226666744050697e-02	2.629687655132010443e-02	2.905905991792678833e-02
5.000000000000000104e-04	1.330772168943013777e-02	2.280904408251739970e-02	2.557731219567358633e-02
5.000000000000000104e-04	1.337539968083527493e-02	2.506722145621221101e-02	2.845336960162967582e-02
5.000000000000000104e-04	1.342838125193947761e-02	2.313251090747991609e-02	2.619554779957979779e-02
5.000000000000000104e-04	1.327333617803747381e-02	2.236708321398933608e-02	2.607004093006253312e-02
5.000000000000000104e-04	1.300322890732439479e-02	2.663866525603682603e-02	3.028393550775945048e-02
5.000000000000000104e-04	1.326431547480658689e-02	2.336921367833283414e-02	2.563842807430773835e-02
5.000000000000000104e-04	1.316841758154831121e-02	2.342707301972736175e-02	2.766550674568861792e-02
5.000000000000000104e-04	1.301357846754782471e-02	2.324895502716614951e-02	2.741639618761837482e-02
5.000000000000000104e-04	1.308099603049626102e-02	2.251315551824594613e-02	2.697859080508351395e-02
5.000000000000000104e-04	1.298820539342413968e-02	2.269313209421971664e-02	2.645253546070307563e-02
5.000000000000000104e-04	1.281311596868914097e-02	2.600320608535518219e-02	2.939540236257016589e-02
5.000000000000000104e-04	1.274230202346814805e-02	2.250421295888448830e-02	2.787970090284943442e-02
5.000000000000000104e-04	1.312821371986846661e-02	2.691758106126210942e-02	3.164884890429675579e-02
5.000000000000000104e-04	1.266628648075879271e-02	2.527472770807006469e-02	2.994900303892791132e-02
5.000000000000000104e-04	1.282107650853342440e-02	2.204345454856831282e-02	2.734387947712093453e-02
5.000000000000000104e-04	1.282138968295070368e-02	2.327915413685494039e-02	2.809443417936563492e-02
5.000000000000000104e-04	1.280826143324461860e-02	2.706336552833075310e-02	3.216446167789399624e-02
5.000000000000000104e-04	1.267055121974812633e-02	2.341207490834110172e-02	2.897704814095049958e-02
5.000000000000000104e-04	1.284038828693464564e-02	2.129138408336027702e-02	2.559668889734894107e-02
5.000000000000000104e-04	1.278486385521082971e-02	2.388827873793727963e-02	2.720150300301611354e-02
5.000000000000000104e-04	1.261447073643622886e-02	2.176367171128226752e-02	2.658301827032118897e-02
5.000000000000000104e-04	1.253159445184410213e-02	2.151969268781508612e-02	2.589779226109385421e-02
5.000000000000000104e-04	1.281980265700163532e-02	2.139844485017329545e-02	2.727736134547740360e-02
5.000000000000000104e-04	1.257899230093613430e-02	2.147430754924943910e-02	2.631457704119384219e-02
5.000000000000000104e-04	1.250830962777207088e-02	2.150486846556838236e-02	2.673191877547651668e-02
5.000000000000000104e-04	1.279466232168962291e-02	2.158191794266251309e-02	2.637543217279016833e-02
5.000000000000000104e-04	1.254086007774222848e-02	2.402206797503832203e-02	2.764496530871838470e-02
5.000000000000000104e-04	1.263655914744625519e-02	2.309156714387589071e-02	2.737416243180632730e-02
5.000000000000000104e-04	1.246732654924428106e-02	2.270465406116234722e-02	2.920335852541029384e-02
5.000000000000000104e-04	1.249547721140862461e-02	2.236242567466971767e-02	2.642496663611382246e-02
5.000000000000000104e-04	1.262716493239369499e-02	2.218366265101894691e-02	2.687806403264403343e-02
5.000000000000000104e-04	1.221313602857209378e-02	2.156610696220585127e-02	2.675806907936930518e-02
5.000000000000000104e-04	1.236370576186936708e-02	2.177361183902199945e-02	2.704753542784601311e-02
5.000000000000000104e-04	1.243822573705285345e-02	2.270438863910461541e-02	2.911488008685409953e-02
5.000000000000000104e-04	1.255447067127472664e-02	2.083550179035875694e-02	2.635344509035348823e-02
5.000000000000000104e-04	1.237142546516325700e-02	2.185087328220849251e-02	2.690381086431443622e-02
5.000000000000000104e-04	1.225674953642168566e-02	2.141454150285864236e-02	2.642922240775078674e-02
5.000000000000000104e-04	1.228148721802141061e-02	2.361594928009191560e-02	2.903166529722511768e-02
5.000000000000000104e-04	1.236253840834717135e-02	2.120471661374050826e-02	2.640193318948149542e-02
5.000000000000000104e-04	1.214675770052873853e-02	2.164770565751491377e-02	2.652804516255855699e-02
5.000000000000000104e-04	1.253941500046923743e-02	2.150548681499758405e-02	2.708478677086532255e-02
5.000000000000000104e-04	1.231317067981511741e-02	2.006967573460795989e-02	2.595840941648930311e-02
5.000000000000000104e-04	1.217777286360929856e-02	2.303804623948029970e-02	2.801126800477504730e-02
5.000000000000000104e-04	1.235154845387203063e-02	2.209515713584360788e-02	2.814874160103499751e-02
5.000000000000000104e-04	1.222077328191637814e-02	2.186699432481802041e-02	2.638825797475874424e-02
5.000000000000000104e-04	1.230321955309618409e-02	2.426953060815783755e-02	2.937415717169642587e-02
5.000000000000000104e-04	1.238541816100651588e-02	2.099117559639259237e-02	2.522585552651435137e-02
5.000000000000000104e-04	1.194612326131891909e-02	2.187313680678450167e-02	2.632942844647914032e-02
5.000000000000000104e-04	1.243101754683595926e-02	2.148296826894526695e-02	2.579717526677995781e-02
5.000000000000000104e-04	1.224539368188549450e-02	2.153750667494785248e-02	2.752858856692910056e-02
5.000000000000000104e-04	1.205182758091129236e-02	2.219303484752540093e-02	2.711762599647045066e-02
5.000000000000000104e-04	1.211746854202658263e-02	2.163541198986050976e-02	2.807335217949002981e-02
5.000000000000000104e-04	1.210715031520034901e-02	2.154498764299129371e-02	2.665855044033378293e-02
5.000000000000000104e-04	1.187373769625050569e-02	2.122035168150332440e-02	2.731459655333310504e-02
5.000000000000000104e-04	1.214744335711175766e-02	2.272382517057563653e-02	2.807180220261216302e-02
5.000000000000000104e-04	1.230737483594837416e-02	2.095644608998173744e-02	2.686811436433345079e-02
5.000000000000000104e-04	1.204493689773915299e-02	2.270076481908247720e-02	2.617576450575143099e-02
5.000000000000000104e-04	1.193792599271235183e-02	2.095256772145863075e-02	2.706181653775274754e-02
5.000000000000000104e-04	1.224592239923727455e-02	2.197724650492062851e-02	2.860834246966987779e-02
5.000000000000000104e-04	1.205666937500697936e-02	2.455712582291888837e-02	3.034986515995114972e-02
5.000000000000000104e-04	1.192938982914871007e-02	2.234269608865389542e-02	2.705778540112078329e-02
5.000000000000000104e-04	1.194742063484076008e-02	2.185312770697146745e-02	2.688162033446133206e-02
5.000000000000000104e-04	1.191159641102537171e-02	2.044687759014168424e-02	2.604176432359963517e-02
2.500000000000000052e-04	1.019961859488024286e-02	2.123174460907100922e-02	2.631742039229720970e-02
2.500000000000000052e-04	9.716205049681066880e-03	2.082262205262302643e-02	2.695345624815672497e-02
2.500000000000000052e-04	9.644663940634038909e-03	2.134880905785641741e-02	2.596235472010448644e-02
2.500000000000000052e-04	9.693094071135176931e-03	2.059143877719865276e-02	2.489209754858166118e-02
2.500000000000000052e-04	9.592549618845019194e-03	2.090994498804601628e-02	2.646207367070019245e-02
2.500000000000000052e-04	9.571179729973580685e-03	2.018905447610697818e-02	2.513660879340022872e-02
2.500000000000000052e-04	9.554680741601744715e-03	2.011903100866453686e-02	2.572367712855339050e-02
2.500000000000000052e-04	9.428700557603799867e-03	1.971105945476998855e-02	2.440475660841912031e-02
2.500000000000000052e-04	9.406562698186918259e-03	1.989178275640722179e-02	2.448454084806144307e-02
2.500000000000000052e-04	9.515674412575588284e-03	2.043404277531108218e-02	2.472956809215247700e-02
2.500000000000000052e-04	9.494050751034432967e-03	2.039898428773380748e-02	2.506789693143218756e-02
2.500000000000000052e-04	9.487884630053074198e-03	1.992393671705616764e-02	2.507764731999486546e-02
2.500000000000000052e-04	9.326232254013220452e-03	2.055597359909436955e-02	2.564533771947026183e-02
2.500000000000000052e-04	9.368827098134283396e-03	1.952982539827911174e-02	2.450925016310066124e-02
2.500000000000000052e-04	9.185001544747556021e-03	2.105352244978643886e-02	2.607502008322626352e-02
2.500000000000000052e-04	9.237539868340234259e-03	2.136006619274148297e-02	2.597311721183359623e-02
2.500000000000000052e-04	9.360174276259765683e-03	2.019870053021071560e-02	2.489978987723589013e-02
2.500000000000000052e-04	9.265677741208070556e-03	2.042385173171602786e-02	2.504844213835894992e-02
2.500000000000000052e-04	9.174417479233540687e-03	2.016863392675734279e-02	2.566269382368773291e-02
2.500000000000000052e-04	9.329944186415382867e-03	2.123527918791115465e-02	2.606752146966755460e-02
2.500000000000000052e-04	9.290137280801602851e-03	2.030100721709859196e-02	2.441058524418622186e-02
2.500000000000000052e-04	9.278371557918415127e-03	2.112705333168125865e-02	2.630538053344935040e-02
2.500000000000000052e-04	9.215395450386163617e-03	2.053286832957211538e-02	2.514657273422926664e-02
2.500000000000000052e-04	9.382053648694318321e-03	2.283925499220949146e-02	2.751237938646227191e-02
2.500000000000000052e-04	9.211366114148642273e-03	2.036789479465540842e-02	2.579824761487543514e-02
2.500000000000000052e-04	9.207944787438436529e-03	2.073898705707482790e-02	2.526345748919993708e-02
2.500000000000000052e-04	9.213583747064775509e-03	1.973909839344118247e-02	2.403637904208153625e-02
2.500000000000000052e-04	9.305151783519356387e-03	2.121667742378112453e-02	2.623770460486412118e-02
2.500000000000000052e-04	9.075951955371676372e-03	2.092225801843311181e-02	2.623176253400743077e-02
2.500000000000000052e-04	9.195040668988813809e-03	2.088122011810853232e-02	2.540295033250004192e-02
2.500000000000000052e-04	9.224288614435362590e-03	1.950981325582059819e-02	2.468033039476722618e-02
2.500000000000000052e-04	9.135290801822012335e-03	1.969016593983348093e-02	2.451817609835416079e-02
2.500000000000000052e-04	9.153981474480132538e-03	2.004929783593141501e-02	2.426467929035425186e-02
2.500000000000000052e-04	9.038061505468554177e-03	2.073784370014336575e-02	2.601799550466239383e-02
2.500000000000000052e-04	8.996425604489981243e-03	2.015945142261800840e-02	2.461991133168339729e-02
2.500000000000000052e-04	9.212269865728399051e-03	2.078715319311275414e-02	2.595096123404800822e-02
2.500000000000000052e-04	9.169779252531814334e-03	1.972288386262368090e-02	2.520077992230653624e-02
2.500000000000000052e-04	8.965219811760127833e-03	2.043647046020517777e-02	2.533597133588045766e-02
2.500000000000000052e-04	9.076270090883090114e-03	2.067518818401853364e-02	2.542588796932250192e-02
2.500000000000000052e-04	9.087241362290561508e-03	2.232033902223353600e-02	2.730447170324623585e-02
2.500000000000000052e-04	9.021473690377652954e-03	2.220868091562187494e-02	2.695105124730616877e-02
2.500000000000000052e-04	9.079167877506505793e-03	2.016805182576803662e-02	2.469132386613637209e-02
2.500000000000000052e-04	9.115377147944775382e-03	2.013005120728496647e-02	2.467256495729088644e-02
2.500000000000000052e-04	9.052834500910289864e-03	2.023808551825466082e-02	2.516360008157789846e-02
2.500000000000000052e-04	8.997537039649424265e-03	2.006697472360433748e-02	2.413206254132092138e-02
2.500000000000000052e-04	9.087986929895852314e-03	1.975117907591203079e-02	2.494706648867577384e-02
2.500000000000000052e-04	9.059037440827569579e-03	2.185577676870436095e-02	2.559257452376186709e-02
2.500000000000000052e-04	8.954552499335768218e-03	1.952386312966883364e-02	2.504282600712031195e-02
2.500000000000000052e-04	9.021486334747582519e-03	2.150541114381938554e-02	2.690579218324273825e-02
2.500000000000000052e-04	8.983279475720123280e-03	2.191160007804164242e-02	2.684535037260502716e-02
2.500000000000000052e-04	8.874034087285789102e-03	1.959912828535465695e-02	2.412137882784009049e-02
2.500000000000000052e-04	9.026938328793605165e-03	2.016380877863050217e-02	2.533023760188370804e-02
1.250000000000000026e-04	7.927317192334814439e-03	1.926077609023576706e-02	2.530927114421501617e-02
1.250000000000000026e-04	7.824131867611577862e-03	1.932006412190604566e-02	2.430177808273583512e-02
1.250000000000000026e-04	7.825227082100734768e-03	2.081328187215858785e-02	2.574598831124603679e-02
1.250000000000000026e-04	7.831163533192308374e-03	1.967239338924123282e-02	2.437505021225661039e-02
1.250000000000000026e-04	7.831085832771119207e-03	1.895401029023512443e-02	2.368532423861324787e-02
1.250000000000000026e-04	7.801277189417468380e-03	1.941250257330571008e-02	2.372941735666245222e-02
1.250000000000000026e-04	7.707016936429126643e-03	1.905634336134526263e-02	2.358832210302352905e-02
1.250000000000000026e-04	7.750958918879342907e-03	1.974847249647709857e-02	2.434587925672531197e-02
1.250000000000000026e-04	7.701589673087910932e-03	1.917908381163605999e-02	8.291220385581254959e-02
1.250000000000000026e-04	7.787246667466290843e-03	1.967669021903844379e-02	2.442265406716614962e-02
1.250000000000000026e-04	7.701374490709066677e-03	1.926269469031800796e-02	2.351376587757840822e-02
1.250000000000000026e-04	7.755826441099766475e-03	1.962552344943372523e-02	2.417680050712078810e-02
1.250000000000000026e-04	7.634403106039731358e-03	2.032738437885857341e-02	2.438414921052754064e-02
1.250000000000000026e-04	7.673227802783667145e-03	2.029870234000745108e-02	2.501483077649026970e-02
1.250000000000000026e-04	7.679330550216532762e-03	2.017008681922995150e-02	2.445553867146372726e-02
1.250000000000000026e-04	7.654174534661382576e-03	1.958206548545685100e-02	2.445704757701605558e-02
1.250000000000000026e-04	7.642163455956563732e-03	1.963210072738962031e-02	2.404355715261772414e-02
1.250000000000000026e-04	7.582075975687958998e-03	2.006276033779713641e-02	2.506350215990096192e-02
1.250000000000000026e-04	7.678669168429103943e-03	1.989610755026184619e-02	2.459139719139784644e-02
1.250000000000000026e-04	7.589437326751193903e-03	1.969970531605613057e-02	2.379749380052089552e-02
1.250000000000000026e-04	7.642980168967433534e-03	2.000597569876940568e-02	2.506295377388596465e-02
1.250000000000000026e-04	7.655053398419668122e-03	1.941686687766725622e-02	2.416330580599606107e-02
1.250000000000000026e-04	7.599953162728214154e-03	1.948510949543789256e-02	2.411034710239618947e-02
1.250000000000000026e-04	7.615740220276438766e-03	1.964775083284259552e-02	2.436982779763639112e-02
1.250000000000000026e-04	7.583120685025243612e-03	1.933783335191885042e-02	2.492889729328453402e-02
1.250000000000000026e-04	7.564835700869057891e-03	1.955567328113067688e-02	2.487593288533389638e-02
6.250000000000000130e-05	7.075450893755896170e-03	2.120494741595384258e-02	2.555081618484109779e-02
6.250000000000000130e-05	7.094806225980139491e-03	1.944263109752020907e-02	2.421966791152953963e-02
6.250000000000000130e-05	7.007534305525508697e-03	1.905361577107800297e-02	2.359725483693182399e-02
6.250000000000000130e-05	7.116337488836122979e-03	1.963549057577605034e-02	2.405390490312129398e-02
6.250000000000000130e-05	7.006195584857113912e-03	1.942076623264251539e-02	2.409223387949168543e-02
6.250000000000000130e-05	7.012108582494007425e-03	1.920009603850660398e-02	2.403362568002194097e-02
6.250000000000000130e-05	6.998348791789374239e-03	1.931437704205045056e-02	2.429995702113956282e-02
6.250000000000000130e-05	7.030959775830646942e-03	1.914380800895666007e-02	2.442825401667505364e-02
6.250000000000000130e-05	6.957018242714414248e-03	1.930215795821856387e-02	2.384908634703606506e-02
6.250000000000000130e-05	6.931902533272468921e-03	1.912025927873181944e-02	2.397320601157843997e-02
6.250000000000000130e-05	6.959494044316186234e-03	1.991177978803506179e-02	2.488846878986805677e-02
6.250000000000000130e-05	6.993501065185141197e-03	1.935393790377996220e-02	2.396022907923906972e-02
6.250000000000000130e-05	6.943854507667821148e-03	1.913449065320934825e-02	2.365116404835134606e-02
6.250000000000000130e-05	6.940161498071687439e-03	1.926272139635853628e-02	2.382880612276494503e-02
6.250000000000000130e-05	6.912906634404067385e-03	1.897396599259519936e-02	2.383369666058570216e-02
6.250000000000000130e-05	6.919022686638636073e-03	1.911262771436525107e-02	2.362345238216221471e-02
6.250000000000000130e-05	6.967357937094862189e-03	1.923913989918238365e-02	2.416663758922368149e-02
6.250000000000000130e-05	6.994188504771412310e-03	1.910703289883299016e-02	2.383524279575794866e-02
6.250000000000000130e-05	6.956209681891316506e-03	1.891856396775595112e-02	2.353996117599308630e-02
6.250000000000000130e-05	6.969687262622595129e-03	1.930018336907107085e-02	2.381059224717319012e-02
6.250000000000000130e-05	6.903088367433049197e-03	1.913825611227937956e-02	2.372749457135796616e-02
6.250000000000000130e-05	6.916366630234365744e-03	1.916757559023446467e-02	2.393643176183104376e-02
6.250000000000000130e-05	6.913562855179951859e-03	1.926340951208824898e-02	2.392276523169130018e-02
6.250000000000000130e-05	6.948292997913297145e-03	1.925627372827361239e-02	2.379881979431957076e-02
6.250000000000000130e-05	6.930343759337731849e-03	1.937308460864096971e-02	2.445868505164981027e-02
6.250000000000000130e-05	6.877254327101424251e-03	1.914580817290469777e-02	2.369191762991249700e-02
6.250000000000000130e-05	6.877705821070717943e-03	1.910942330644392964e-02	2.384783197194337984e-02
6.250000000000000130e-05	6.850928999483585358e-03	1.922013547700581262e-02	2.373922762926667859e-02
6.250000000000000130e-05	6.849287600874675447e-03	1.930259493867140033e-02	2.414737713988870244e-02
6.250000000000000130e-05	6.931441903240012289e-03	1.932797780874824164e-02	2.485131938010454178e-02
6.250000000000000130e-05	6.889904920204632625e-03	1.905626052239646484e-02	2.446730225346982479e-02
6.250000000000000130e-05	6.877204796614654926e-03	1.923735225231859580e-02	2.515729987062513898e-02
6.250000000000000130e-05	6.898754462437219591e-03	1.893124973196633892e-02	2.375349600333720446e-02
6.250000000000000130e-05	6.886123682016321093e-03	1.918542038902874489e-02	2.411316444631666014e-02
6.250000000000000130e-05	6.895867695651597060e-03	1.918385501619408740e-02	2.469889321364462237e-02
6.250000000000000130e-05	6.880744828757520345e-03	1.912862800198231530e-02	2.405551311094313721e-02
6.250000000000000130e-05	6.896603564011749045e-03	1.966557944807862876e-02	2.435298266354948143e-02
6.250000000000000130e-05	6.828429483780946302e-03	1.936559212828025886e-02	2.398362823296338459e-02
6.250000000000000130e-05	6.888043125110735951e-03	1.898912760716770301e-02	2.394841504283249517e-02
6.250000000000000130e-05	6.846257012744865617e-03	1.927295529542013067e-02	2.418672877829521756e-02
3.125000000000000065e-05	6.622207304977483118e-03	1.862067506399922232e-02	2.354311845265328815e-02
3.125000000000000065e-05	6.572957868498726861e-03	1.897794467089844103e-02	2.400352223776280880e-02
3.125000000000000065e-05	6.553565052572535646e-03	1.908214511203516067e-02	2.545025118160992861e-02
3.125000000000000065e-05	6.536024593904727134e-03	1.884760150286071689e-02	2.378324284218251775e-02
3.125000000000000065e-05	6.563771226231513919e-03	1.925930308168315175e-02	2.360402306076139073e-02
3.125000000000000065e-05	6.601815837651595249e-03	1.903467422048927063e-02	2.371470897924154997e-02
3.125000000000000065e-05	6.505150567640513928e-03	1.907191305123854749e-02	2.358902289997786422e-02
3.125000000000000065e-05	6.636920956642285499e-03	1.893084034499229601e-02	2.415095102041959693e-02
3.125000000000000065e-05	6.501972165913334246e-03	1.905400602449297195e-02	2.399316111113876035e-02
3.125000000000000065e-05	6.561494702738755389e-03	1.968055548078102499e-02	2.416389819700270891e-02
3.125000000000000065e-05	6.557528647675963177e-03	1.921650203169172205e-02	2.393303757999092410e-02
3.125000000000000065e-05	6.510369217163033441e-03	1.900903916191212101e-02	2.387601993978023460e-02
3.125000000000000065e-05	6.551510716152960691e-03	1.868842694791355771e-02	2.369794575497508049e-02
3.125000000000000065e-05	6.585786653841873596e-03	1.931306306292249197e-02	2.457052010577171972e-02
3.125000000000000065e-05	6.568373156545673740e-03	1.923620067439310230e-02	2.393256763461977174e-02
3.125000000000000065e-05	6.521975609661881911e-03	1.905757719797145783e-02	2.381899014580994914e-02
3.125000000000000065e-05	6.481343707196531891e-03	1.906748520727245128e-02	2.372458514291793039e-02
3.125000000000000065e-05	6.526631257351035199e-03	1.953730470847084982e-02	2.409192717168480088e-02
3.125000000000000065e-05	6.531039351752377861e-03	1.878698824061305131e-02	2.365435450337827206e-02
3.125000000000000065e-05	6.510629264747267927e-03	1.901846738405408785e-02	2.387360339052975108e-02
3.125000000000000065e-05	6.503669989315349377e-03	2.045286838355332704e-02	2.512584961950779100e-02
3.125000000000000065e-05	6.519733417514817636e-03	1.885509444156866291e-02	2.407550013158470462e-02
1.562500000000000033e-05	6.341789710406406898e-03	1.901488697536640737e-02	2.376263213809579750e-02
1.562500000000000033e-05	6.370160744675565714e-03	1.953301493917148149e-02	2.494382001459598611e-02
1.562500000000000033e-05	6.370012761500554004e-03	1.920409533755941534e-02	2.386522198794409702e-02
1.562500000000000033e-05	6.382237025441784770e-03	1.895542544707733840e-02	2.498018171172589064e-02
1.562500000000000033e-05	6.334692406900976729e-03	1.876987211152677040e-02	2.359892262611538311e-02
1.562500000000000033e-05	6.335360060352236179e-03	1.912109012086509949e-02	2.369515325408428838e-02
1.562500000000000033e-05	6.337297366798755847e-03	1.949531189044108673e-02	2.399762491695582936e-02
1.562500000000000033e-05	6.367250041978746514e-03	1.908471441647301148e-02	2.373982183635234972e-02
1.562500000000000033e-05	6.326514657195646957e-03	1.923174905975919696e-02	2.414810219779610703e-02
1.562500000000000033e-05	6.413170744661174892e-03	1.934441494028917713e-02	2.505142306908965041e-02
1.562500000000000033e-05	6.310674915314500900e-03	1.916626659928972326e-02	2.383519050199538539e-02
1.562500000000000033e-05	6.299938894959991251e-03	1.908671457554501558e-02	2.399714777711779018e-02
1.562500000000000033e-05	6.341322440840411849e-03	1.923275910590955748e-02	2.390218167565762858e-02
1.562500000000000033e-05	6.334299646933422463e-03	1.930359686134841546e-02	2.454932646360248258e-02
1.562500000000000033e-05	6.322282765612197153e-03	1.898749315067735713e-02	2.385556488297879696e-02
1.562500000000000033e-05	6.348487958171171626e-03	1.920328651559758543e-02	2.433231791947037051e-02
1.562500000000000033e-05	6.341614207841235300e-03	1.931032992860409747e-02	2.403264234308153530e-02
1.562500000000000033e-05	6.390021761219434777e-03	1.911678912205845918e-02	2.382132492493838072e-02
1.562500000000000033e-05	6.324016866981202988e-03	1.880263205598162179e-02	2.343342963140458007e-02
1.562500000000000033e-05	6.328452476573899303e-03	1.900801068922768067e-02	2.387560466304421494e-02
1.562500000000000033e-05	6.343393889567346122e-03	1.900921362642374324e-02	2.374336037319153478e-02
7.812500000000000163e-06	6.294882193575069076e-03	1.890566033257551695e-02	2.371181235648691515e-02
7.812500000000000163e-06	6.251422897763572219e-03	1.893931291314788004e-02	2.378767573973163824e-02
7.812500000000000163e-06	6.254391078341485846e-03	1.951723270293773821e-02	2.385536860674619675e-02
7.812500000000000163e-06	6.188374351051274813e-03	1.928070916535810572e-02	2.393344547599553923e-02
7.812500000000000163e-06	6.251952072243580766e-03	1.880986931007257862e-02	2.356639658100902895e-02
7.812500000000000163e-06	6.236074362578625414e-03	1.933393858041594637e-02	2.370824657846242259e-02
7.812500000000000163e-06	6.209195287028081676e-03	1.907439184672545321e-02	2.390410634689033031e-02
7.812500000000000163e-06	6.270552955436725813e-03	1.888777024517352549e-02	2.342364159412681918e-02
7.812500000000000163e-06	6.269597098146797998e-03	1.902137900073646790e-02	2.380130290985107283e-02
7.812500000000000163e-06	6.248800380620292763e-03	1.913674996863485092e-02	2.353123007342219214e-02
7.812500000000000163e-06	6.240592804347848410e-03	1.904537009455614660e-02	2.421331007499247928e-02
7.812500000000000163e-06	6.242375931127724063e-03	1.905092490710201189e-02	2.397653660736977915e-02
7.812500000000000163e-06	6.250425525239347233e-03	1.901650635028228828e-02	2.381122997030615807e-02
7.812500000000000163e-06	6.211176128064375621e-03	1.899928446488542699e-02	2.384141932707279851e-02
7.812500000000000163e-06	6.276159438913023886e-03	1.916432868279711876e-02	2.390299150720238616e-02
7.812500000000000163e-06	6.278904856368465806e-03	1.885927588001127739e-02	2.358580145519226928e-02
7.812500000000000163e-06	6.261693356247697607e-03	1.902702779884581780e-02	2.385998060926795145e-02
7.812500000000000163e-06	6.272159276666675921e-03	1.900407707035853613e-02	2.379510519094765048e-02
7.812500000000000163e-06	6.235951267089640329e-03	1.967155004007966126e-02	2.406728523783385754e-02
7.812500000000000163e-06	6.239549433211121106e-03	1.925906812996452250e-02	2.393904339987784624e-02
7.812500000000000163e-06	6.247534671524206801e-03	1.936775107541321289e-02	2.423903404269367456e-02
3.906250000000000081e-06	6.228184990623858441e-03	1.876826259595249305e-02	2.358658497687429051e-02
3.906250000000000081e-06	6.193917082409185551e-03	1.903519232352678808e-02	2.349068648181855748e-02
3.906250000000000081e-06	6.214089605902008151e-03	1.886365541710435453e-02	2.370489775203168253e-02
3.906250000000000081e-06	6.200107883167880682e-03	1.899106111084915630e-02	2.363295746035874029e-02
3.906250000000000081e-06	6.194367002773815134e-03	1.974906687532107866e-02	2.458786354400217464e-02
3.906250000000000081e-06	6.226181583300258691e-03	1.892306140736135442e-02	2.359776704106479953e-02
3.906250000000000081e-06	6.179288257760769988e-03	1.940387154865951327e-02	2.427813478279858966e-02
3.906250000000000081e-06	6.203996427433046239e-03	1.913112053813422614e-02	2.374609048711135914e-02
3.906250000000000081e-06	6.194849783276197043e-03	1.887022505919034449e-02	2.380918790586292882e-02
3.906250000000000081e-06	6.191355227739260558e-03	1.895617923323864723e-02	2.343430540058761766e-02
3.906250000000000081e-06	6.213587943768999165e-03	1.913259934185375030e-02	2.367824180983007024e-02
3.906250000000000081e-06	6.199960655371867906e-03	1.970967537777118181e-02	2.412079246714711120e-02
3.906250000000000081e-06	6.155675095346186884e-03	1.888632812873699413e-02	2.346097190165892174e-02
3.906250000000000081e-06	6.190895541761246186e-03	1.921542458899358138e-02	2.407836101483553509e-02
3.906250000000000081e-06	6.194787629142646176e-03	1.885210388676502452e-02	2.349420336540788273e-02
3.906250000000000081e-06	6.190356701084777195e-03	1.890063193182982618e-02	2.365448363125324110e-02
3.906250000000000081e-06	6.233968079055444804e-03	1.949240965524893024e-02	2.407992256339639564e-02
3.906250000000000081e-06	6.181545337253597540e-03	1.885688651587170625e-02	2.362908569630235364e-02
3.906250000000000081e-06	6.186134027644402643e-03	1.871713846726879432e-02	2.339623519219458103e-02
3.906250000000000081e-06	6.181962405065417887e-03	1.921294855821819095e-02	2.394138674717396359e-02
3.906250000000000081e-06	6.192699314212646647e-03	1.895330181218566820e-02	2.356086946092545917e-02
1.953125000000000041e-06	6.168769823670075016e-03	1.881893289260839347e-02	2.382898211944848438e-02
1.953125000000000041e-06	6.158771001614105935e-03	1.866659842412041193e-02	2.343569614458829165e-02
1.953125000000000041e-06	6.162859276240478107e-03	1.911354083957940431e-02	2.394883465021848540e-02
1.953125000000000041e-06	6.165379251463424214e-03	1.899386299725290203e-02	2.365178887266665766e-02
1.953125000000000041e-06	6.161720540976978362e-03	1.905084083451650395e-02	2.366861077025532792e-02
1.953125000000000041e-06	6.147756556849742413e-03	1.891970474038916564e-02	2.343371370807290077e-02
1.953125000000000041e-06	6.213646039281120644e-03	1.899552670994978168e-02	2.360847606323659281e-02
1.953125000000000041e-06	6.198305076442186222e-03	1.903442362645221472e-02	2.389797801151871681e-02
1.953125000000000041e-06	6.188152604717425155e-03	1.876545491194381646e-02	2.343984434846788784e-02
1.953125000000000041e-06	6.153866643391640336e-03	1.882927421558433859e-02	2.367388226557522873e-02
1.953125000000000041e-06	6.113427836900883934e-03	1.896528707553890927e-02	2.365649356506764958e-02
1.953125000000000041e-06	6.213064071976423866e-03	1.890185414398996150e-02	2.374440121930092643e-02
1.953125000000000041e-06	6.196314940736165691e-03	1.974123971858573676e-02	2.527537746354937415e-02
1.953125000000000041e-06	6.135859283298436377e-03	1.903027334586956248e-02	2.400375397410243680e-02
1.953125000000000041e-06	6.205494867214080695e-03	1.900203052557107586e-02	2.362501875031739612e-02
1.953125000000000041e-06	6.161341385416353213e-03	1.891016747061338710e-02	2.372674026992172003e-02
1.953125000000000041e-06	6.151578876169841968e-03	1.890560113751763374e-02	2.353993260767310927e-02
1.953125000000000041e-06	6.213175564128830056e-03	1.897793918535971638e-02	2.375228158198296885e-02
1.953125000000000041e-06	6.154845572180218070e-03	1.893775598072880775e-02	2.463909331709146500e-02
1.953125000000000041e-06	6.169750277438418480e-03	1.920560595740354592e-02	2.399695029016584227e-02
1.953125000000000041e-06	6.176555905368670898e-03	1.927303441395466360e-02	2.417208687402307848e-02
9.765625000000000203e-07	6.133926303790684063e-03	2.041313858185919011e-02	2.483715321868657996e-02
9.765625000000000203e-07	6.149622406230815901e-03	1.881849544893228476e-02	2.354863509535789351e-02
9.765625000000000203e-07	6.163952665467415867e-03	1.888687469318743248e-02	2.362210517749190400e-02
9.765625000000000203e-07	6.150103978695669292e-03	1.891056647163411042e-02	2.369329073699191074e-02
