1.000000000000000021e-03	2.940437026092172501e-01	2.138905554073643189e-01	2.007274463772773798e-01
1.000000000000000021e-03	1.833157912200103212e-01	1.354838174753164037e-01	1.240098554641008433e-01
1.000000000000000021e-03	1.618496323347854426e-01	1.057220255439194068e-01	9.633685816079377850e-02
1.000000000000000021e-03	1.457390418062728676e-01	1.016100270780905396e-01	9.330970942974090021e-02
1.000000000000000021e-03	1.300051980123677897e-01	1.005893430004569239e-01	9.107836093753576834e-02
1.000000000000000021e-03	1.198496401999113170e-01	1.621418325376760283e-01	1.568949341773986927e-01
1.000000000000000021e-03	1.081378920769850982e-01	9.378170534110194523e-02	9.152196850627661306e-02
1.000000000000000021e-03	9.838952222939768844e-02	8.542230618015633770e-02	9.082556739449501593e-02
1.000000000000000021e-03	9.649868144579513973e-02	9.961407284462014955e-02	8.785465769469738562e-02
1.000000000000000021e-03	9.006634506073506186e-02	8.866472901162052167e-02	9.012960810214280805e-02
1.000000000000000021e-03	8.572817309052532808e-02	7.021542420093926373e-02	7.387224361300467890e-02
1.000000000000000021e-03	8.127489495521857121e-02	8.066479001603825416e-02	8.501063771545887271e-02
1.000000000000000021e-03	7.787617322202683434e-02	6.106746229903860235e-02	5.807353379204869409e-02
1.000000000000000021e-03	7.581559531368996241e-02	6.104642800323625829e-02	6.711555905640124997e-02
1.000000000000000021e-03	7.236354527837873807e-02	7.122392677433828090e-02	7.694873008877038678e-02
1.000000000000000021e-03	6.947436656991433368e-02	6.169564657264355045e-02	5.344744017347693305e-02
1.000000000000000021e-03	6.947549431649246987e-02	6.429018400102386177e-02	6.127226464450359622e-02
1.000000000000000021e-03	6.794407969820701054e-02	5.748138381704610139e-02	6.259464733302592954e-02
1.000000000000000021e-03	6.517702307922677851e-02	5.667582659431152914e-02	6.109258169308304925e-02
1.000000000000000021e-03	6.384780975475846942e-02	6.813363348626341742e-02	6.889214152470231334e-02
1.000000000000000021e-03	6.272316780840678230e-02	5.312662637982693004e-02	5.889031160622835298e-02
1.000000000000000021e-03	6.099209595859535898e-02	5.190419117037538277e-02	9.053750690072774610e-02
1.000000000000000021e-03	5.998140994140822857e-02	4.755844319170994539e-02	5.192544478923082074e-02
1.000000000000000021e-03	5.934308775510463430e-02	6.192419915923273038e-02	6.099160360172391215e-02
1.000000000000000021e-03	5.932856109827635421e-02	5.244257683373246270e-02	5.562287578359246393e-02
1.000000000000000021e-03	5.632993520398414666e-02	4.483292296684849437e-02	4.397939490154385844e-02
1.000000000000000021e-03	5.721591130752872595e-02	5.709979864549262485e-02	6.512378603219985684e-02
1.000000000000000021e-03	5.521493411605062768e-02	4.904268231457440536e-02	5.303162280470132689e-02
1.000000000000000021e-03	5.572884658231264804e-02	4.799237063261851260e-02	5.364393284544348439e-02
1.000000000000000021e-03	5.298924181066397288e-02	5.108506304665385439e-02	5.624943561851978441e-02
1.000000000000000021e-03	5.388956384678057765e-02	4.384333312667477306e-02	4.572301809675991674e-02
1.000000000000000021e-03	5.280864983038579402e-02	4.602204436797122100e-02	5.177354253828525543e-02
1.000000000000000021e-03	5.180775043362271376e-02	5.453598643628714687e-02	5.877808136865496358e-02
1.000000000000000021e-03	5.148326793339898927e-02	4.613417077868084415e-02	5.295202964916825156e-02
1.000000000000000021e-03	5.010083767001957678e-02	7.187904949977759472e-02	7.610570238903165141e-02
1.000000000000000021e-03	5.040853967377618289e-02	5.010709970097267096e-02	5.767796835862100402e-02
1.000000000000000021e-03	5.038449756796794382e-02	4.816696765535164598e-02	5.089187584817409654e-02
1.000000000000000021e-03	5.049601588517409895e-02	7.047688299838784920e-02	7.290681675076485235e-02
1.000000000000000021e-03	4.932916497268809847e-02	4.296974287763315886e-02	4.650735035538673678e-02
1.000000000000000021e-03	4.818368155277350656e-02	4.526602513893112495e-02	4.996381718665361682e-02
1.000000000000000021e-03	4.957657773210220192e-02	4.085242023681782964e-02	4.717577393166720590e-02
1.000000000000000021e-03	4.737534435545032174e-02	4.281875100084312630e-02	4.663333031348883967e-02
1.000000000000000021e-03	4.633671848115323427e-02	4.249653611234657097e-02	4.519519875757396082e-02
1.000000000000000021e-03	4.740770620582684947e-02	4.306447786810510547e-02	4.887320376001298705e-02
1.000000000000000021e-03	4.445871224365759850e-02	6.000392679222591591e-02	6.464230865240097601e-02
1.000000000000000021e-03	4.483311521479943496e-02	4.017802787193765213e-02	4.406266515143215934e-02
1.000000000000000021e-03	4.537217568014512842e-02	4.046971801453860124e-02	4.455452808178961277e-02
1.000000000000000021e-03	4.542612346943517704e-02	4.520600856676775664e-02	4.862443413585424562e-02
1.000000000000000021e-03	4.424968359037288745e-02	4.471328112428413215e-02	4.944960307329893112e-02
1.000000000000000021e-03	4.412757329222349867e-02	6.433650679613282797e-02	7.189297210425138474e-02
1.000000000000000021e-03	4.386205235826649840e-02	4.815483374121301563e-02	5.153789008036255975e-02
1.000000000000000021e-03	4.358245426417264173e-02	4.254829201905827030e-02	4.736606930382549624e-02
1.000000000000000021e-03	4.355156103310507676e-02	4.045020280825217807e-02	3.752649915404617648e-02
1.000000000000000021e-03	4.277392210240555520e-02	3.889563179413997596e-02	4.371443800628185133e-02
1.000000000000000021e-03	4.174729265216271801e-02	4.421457784806246544e-02	4.783720416016876836e-02
1.000000000000000021e-03	4.231990982386662353e-02	3.687479454263342671e-02	3.968085967935621600e-02
1.000000000000000021e-03	4.121462328856840412e-02	4.196826070157021193e-02	4.667160511016845564e-02
1.000000000000000021e-03	4.177680718233031665e-02	4.629999550342248082e-02	4.438340533524751802e-02
1.000000000000000021e-03	4.056938931805370574e-02	4.393182687110301632e-02	4.752682307735085765e-02
1.000000000000000021e-03	4.064029392446626837e-02	4.095286848657418016e-02	4.383070562034845075e-02
1.000000000000000021e-03	4.046666707763358489e-02	5.931484709001336175e-02	6.389150125905870836e-02
1.000000000000000021e-03	4.075821988401612944e-02	4.161852082305865508e-02	4.624434132128953795e-02
1.000000000000000021e-03	4.070464569648349351e-02	4.828167976860288368e-02	4.692423483356833458e-02
1.000000000000000021e-03	4.026142879128629531e-02	4.106167397651996898e-02	4.863118133507669111e-02
1.000000000000000021e-03	3.883387590690779573e-02	5.308164667864744696e-02	5.967694511637091498e-02
1.000000000000000021e-03	3.915061534356939488e-02	3.680992080630120233e-02	4.007763871923088889e-02
1.000000000000000021e-03	3.937770219421130036e-02	4.011699098957146464e-02	4.087781165726482591e-02
1.000000000000000021e-03	3.827071993342487377e-02	3.456244093039272797e-02	3.766142348758876046e-02
1.000000000000000021e-03	3.910264611426240294e-02	3.683210033630825164e-02	3.932216963730752329e-02
1.000000000000000021e-03	3.831219276897674525e-02	3.545769251375922165e-02	3.445738162845372876e-02
1.000000000000000021e-03	3.759929070107253385e-02	3.610356916619845286e-02	3.906187745742499551e-02
1.000000000000000021e-03	3.710136054611400114e-02	3.923676682743414829e-02	4.248959640972316265e-02
1.000000000000000021e-03	3.769637468862041541e-02	3.715788619836587342e-02	4.041670178994536539e-02
1.000000000000000021e-03	3.700005339372983149e-02	3.274865610359226770e-02	3.427793644368648529e-02
1.000000000000000021e-03	3.686868730518552684e-02	3.583416716239527094e-02	3.939627576619386673e-02
1.000000000000000021e-03	3.754761264946066684e-02	3.563047256028152587e-02	3.744232477620244165e-02
1.000000000000000021e-03	3.697188852063405806e-02	3.295337487772809215e-02	3.641886743716895442e-02
1.000000000000000021e-03	3.616866169452944563e-02	3.477984241634139023e-02	3.510568230412900587e-02
1.000000000000000021e-03	3.575488028114898881e-02	4.890565911590741277e-02	5.487732803449034413e-02
1.000000000000000021e-03	3.465503781336105871e-02	3.714977578303888667e-02	3.913769754581153393e-02
1.000000000000000021e-03	3.547380598063660379e-02	3.856702861790569509e-02	4.300347235985100408e-02
1.000000000000000021e-03	3.497698480602507570e-02	4.445754799075151559e-02	4.831048604100942473e-02
1.000000000000000021e-03	3.518651783847753095e-02	3.459109213807819855e-02	3.961897669360041341e-02
1.000000000000000021e-03	3.430034972211522953e-02	3.409706048316356319e-02	4.128166190348565856e-02
1.000000000000000021e-03	3.311942177247678698e-02	3.443133239073591090e-02	3.939596470445394516e-02
1.000000000000000021e-03	3.450659777451178800e-02	3.739336253928888382e-02	4.166464856825768948e-02
1.000000000000000021e-03	3.471372026133114075e-02	3.100729629358384143e-02	3.670566664077341834e-02
1.000000000000000021e-03	3.355146234680601858e-02	3.451263977712049763e-02	3.804778526537120481e-02
1.000000000000000021e-03	3.354045590293691648e-02	3.374491012728338818e-02	3.986932719126343866e-02
1.000000000000000021e-03	3.309734963712787637e-02	3.533393436194402076e-02	3.693700870499014993e-02
1.000000000000000021e-03	3.232820925192821798e-02	3.358218363481354357e-02	3.916650018654763837e-02
1.000000000000000021e-03	3.306117265931113325e-02	3.440069014216280696e-02	3.937927428632974347e-02
1.000000000000000021e-03	3.309559430916202832e-02	3.473062964439080358e-02	3.872363357804715911e-02
1.000000000000000021e-03	3.213871128146318645e-02	3.590396627861791590e-02	3.545095771551132202e-02
1.000000000000000021e-03	3.222326596807677940e-02	3.521988256127422251e-02	3.669253597036004066e-02
1.000000000000000021e-03	3.236832087637380589e-02	3.345902699060464974e-02	3.615147029049694399e-02
1.000000000000000021e-03	3.226919356059584215e-02	3.470964323124648560e-02	3.651791582815348824e-02
1.000000000000000021e-03	3.127169142920933204e-02	3.350488058442532835e-02	3.805493060499429842e-02
1.000000000000000021e-03	3.117217355824404568e-02	3.585479211510787800e-02	4.013465959578752656e-02
1.000000000000000021e-03	3.186643436234693622e-02	4.225123156817795628e-02	4.386326889507472654e-02
1.000000000000000021e-03	3.115007463016955178e-02	3.317729772814593386e-02	3.307587141171097755e-02
1.000000000000000021e-03	3.188585689797381745e-02	3.572459292661456925e-02	4.065368771553039273e-02
1.000000000000000021e-03	3.132839963748106082e-02	3.521318644948343013e-02	4.335270090959966044e-02
1.000000000000000021e-03	3.104358869363673529e-02	3.254520336253792501e-02	3.878805856220424175e-02
1.000000000000000021e-03	3.027684773833703991e-02	3.642519893056435365e-02	4.262319020926952362e-02
1.000000000000000021e-03	3.023309602037531699e-02	3.069375455379486084e-02	3.879614411853253564e-02
1.000000000000000021e-03	2.928023400471056401e-02	2.939520556850271082e-02	3.668092261068522930e-02
1.000000000000000021e-03	2.831642771353203025e-02	3.389131413353363431e-02	4.331323672086000165e-02
1.000000000000000021e-03	2.939745631023435446e-02	3.075243444889003835e-02	3.709854842163622102e-02
1.000000000000000021e-03	2.919244262107570376e-02	2.904048383587005955e-02	3.458320382051170011e-02
1.000000000000000021e-03	2.742383503281945259e-02	3.402526846340813566e-02	3.988758530467748781e-02
1.000000000000000021e-03	2.721151053459059180e-02	3.255722952606790455e-02	3.802004451863467971e-02
1.000000000000000021e-03	2.923466309248412900e-02	3.257648620500926823e-02	3.655328168533742567e-02
1.000000000000000021e-03	2.729307239958631698e-02	2.883520231860158337e-02	3.420802335022017637e-02
1.000000000000000021e-03	2.716599118209391331e-02	3.094999566284149795e-02	3.644892764277755937e-02
1.000000000000000021e-03	2.758851332764437544e-02	2.977189477240540019e-02	3.600765112787485123e-02
1.000000000000000021e-03	2.677273469337236589e-02	2.847625801817596849e-02	3.235302392859011611e-02
1.000000000000000021e-03	2.700805947089209014e-02	3.238093965145617814e-02	3.289703149348497530e-02
1.000000000000000021e-03	2.633335948404338586e-02	2.901143125253510119e-02	3.402002668008208275e-02
1.000000000000000021e-03	2.717376010109946380e-02	2.918108241603324660e-02	3.385076797567308088e-02
1.000000000000000021e-03	2.612319191101853885e-02	3.143980354070663452e-02	3.235190641134977341e-02
1.000000000000000021e-03	2.596791072165102743e-02	2.912159591757190052e-02	3.411141154356300831e-02
1.000000000000000021e-03	2.578076347437811139e-02	2.968404317245433577e-02	3.424909659661352912e-02
1.000000000000000021e-03	2.614081836044961776e-02	3.403773178292818918e-02	3.899508039467036724e-02
1.000000000000000021e-03	2.614547097551625163e-02	2.928790689021816898e-02	3.458223398774862289e-02
1.000000000000000021e-03	2.566136375021941390e-02	3.554856266182754992e-02	4.023066754452884336e-02
1.000000000000000021e-03	2.565796973336533643e-02	2.961966992204725924e-02	3.511614268645644327e-02
1.000000000000000021e-03	2.559172210011061155e-02	3.393356843378531051e-02	3.850391330197453638e-02
1.000000000000000021e-03	2.550901151671268810e-02	3.168145254137316041e-02	3.636633926071226874e-02
1.000000000000000021e-03	2.547976728734615073e-02	3.059553659243109333e-02	3.611285439692437510e-02
1.000000000000000021e-03	2.483730710427417207e-02	2.922873930391216638e-02	3.420839360915124694e-02
1.000000000000000021e-03	2.683332958055520412e-02	2.858693913327461922e-02	3.505333224311470847e-02
1.000000000000000021e-03	2.438351365782584837e-02	3.074156418832808824e-02	3.634587051346897801e-02
1.000000000000000021e-03	2.452668539232695163e-02	2.803418063680538849e-02	3.588936575688421449e-02
1.000000000000000021e-03	2.467583931133003616e-02	2.946155350557796634e-02	3.371736197732388973e-02
1.000000000000000021e-03	2.443732971725351422e-02	2.828807135097955588e-02	3.351446087472140928e-02
1.000000000000000021e-03	2.453598640631578925e-02	2.647476492654434604e-02	3.142331005074083805e-02
1.000000000000000021e-03	2.433310919877416933e-02	2.846113337369645530e-02	3.307996597141027451e-02
1.000000000000000021e-03	2.424328297120911802e-02	3.318123006461802527e-02	3.725479580461978774e-02
1.000000000000000021e-03	2.454147215904434881e-02	2.679264335283590079e-02	3.208089163526892801e-02
1.000000000000000021e-03	2.363283063949818755e-02	2.939498722943335862e-02	3.578470237553119798e-02
1.000000000000000021e-03	2.482864712085953995e-02	2.830563620200956046e-02	3.176276599988341054e-02
1.000000000000000021e-03	2.375601654533143064e-02	2.804785259848177614e-02	3.341317824088037292e-02
1.000000000000000021e-03	2.451309321178399628e-02	3.540663458211883857e-02	4.068420808762311658e-02
1.000000000000000021e-03	2.328896483134450246e-02	2.637179337773491727e-02	3.050736933946609358e-02
1.000000000000000021e-03	2.349747000061682203e-02	3.020962307239390132e-02	3.508656998164951663e-02
1.000000000000000021e-03	2.367393094222773609e-02	2.811923287613853767e-02	3.201244892552494725e-02
1.000000000000000021e-03	2.393049541308201605e-02	2.727060201846024171e-02	3.105324911884963651e-02
1.000000000000000021e-03	2.451014857947254183e-02	2.893972331511724533e-02	3.412656362634151896e-02
1.000000000000000021e-03	2.317614386745616567e-02	2.658922384683218287e-02	3.246671878732741018e-02
1.000000000000000021e-03	2.338686711065484161e-02	2.962703931667105828e-02	3.430274608545005183e-02
1.000000000000000021e-03	2.274400879503804887e-02	2.870321525407087265e-02	3.176738750189542909e-02
1.000000000000000021e-03	2.319663873298820692e-02	2.849533528830680562e-02	3.301671629305928668e-02
1.000000000000000021e-03	2.299833895693846955e-02	3.022985051127628428e-02	3.343781256116926809e-02
1.000000000000000021e-03	2.422316087579973187e-02	2.660380563752345537e-02	3.263332759961486140e-02
1.000000000000000021e-03	2.283832333264671985e-02	2.741922074392515868e-02	3.306404254399240156e-02
1.000000000000000021e-03	2.259746754954830572e-02	2.591664317741755943e-02	3.154996531084179601e-02
1.000000000000000021e-03	2.267706097461772916e-02	2.750890793678648083e-02	3.333154926076531410e-02
1.000000000000000021e-03	2.239339365371962806e-02	2.852205567412975651e-02	3.332087923772632937e-02
1.000000000000000021e-03	2.248668781773703607e-02	3.021169496768432230e-02	3.076246571727097104e-02
1.000000000000000021e-03	2.210612830160366485e-02	3.127004072577229538e-02	3.736223569139838357e-02
1.000000000000000021e-03	2.279253603555717045e-02	2.747439366828708859e-02	3.360690115951001783e-02
1.000000000000000021e-03	2.208035437031548656e-02	2.653582774453762394e-02	3.063933311495930026e-02
1.000000000000000021e-03	2.210384832642032019e-02	2.734066330442565945e-02	3.266563210636377196e-02
1.000000000000000021e-03	2.305787986002476656e-02	2.715420320688586089e-02	3.227829379029571732e-02
1.000000000000000021e-03	2.231665271474671600e-02	4.439987919990617121e-02	4.974811188876628737e-02
1.000000000000000021e-03	2.378696296418247175e-02	2.654018852840231424e-02	3.204375884961337129e-02
1.000000000000000021e-03	2.191120981649994498e-02	2.819099918944049238e-02	3.466257704421878139e-02
1.000000000000000021e-03	2.174422375363725332e-02	2.637126276279307124e-02	3.338406668044626574e-02
1.000000000000000021e-03	2.155408911610703915e-02	2.880140704088186149e-02	3.440122506581246714e-02
1.000000000000000021e-03	2.176051615851694668e-02	2.588014609877663588e-02	3.024094675201922586e-02
1.000000000000000021e-03	2.168445279274553925e-02	2.927515098912865724e-02	3.502267114818095883e-02
1.000000000000000021e-03	2.152820435418179024e-02	2.927885768223183194e-02	3.532161382026970109e-02
1.000000000000000021e-03	2.147480492534819055e-02	2.594450964587521197e-02	2.852630228735506673e-02
1.000000000000000021e-03	2.265726916715199435e-02	2.820276075983858821e-02	3.501957259140908718e-02
1.000000000000000021e-03	2.119682403254241967e-02	2.832536283314852216e-02	3.078316836617887159e-02
1.000000000000000021e-03	2.191856743604239655e-02	2.687464287767859714e-02	2.519755237735808034e-02
1.000000000000000021e-03	2.243899617511009581e-02	2.711334236512321499e-02	3.233048967085778991e-02
1.000000000000000021e-03	2.142790506944415585e-02	2.687271083193143797e-02	3.187909433618187766e-02
1.000000000000000021e-03	2.113608132837607734e-02	2.606539495035771828e-02	3.412879998795688430e-02
1.000000000000000021e-03	2.107184273832807611e-02	2.601701232326748478e-02	3.119590869173407416e-02
1.000000000000000021e-03	2.111260756934760577e-02	3.038720411116852330e-02	3.649468799121678014e-02
1.000000000000000021e-03	2.131641896169604589e-02	2.728645841917754639e-02	3.262734166346490522e-02
1.000000000000000021e-03	2.094108336716197019e-02	2.523018308568999307e-02	3.103152294643223355e-02
1.000000000000000021e-03	2.127859959137204035e-02	2.760961738595475723e-02	3.259220842737704793e-02
1.000000000000000021e-03	2.071813379217712914e-02	2.807124071213275285e-02	3.266950575634837428e-02
1.000000000000000021e-03	2.074352220305441391e-02	2.689900889953705798e-02	3.194403485395014286e-02
1.000000000000000021e-03	2.050503851101452557e-02	2.673978630589876962e-02	3.184811570681631704e-02
1.000000000000000021e-03	2.050635920823435168e-02	2.611430081007368176e-02	3.205192866735160490e-02
1.000000000000000021e-03	2.104864998353800018e-02	2.817109222304446658e-02	3.145948853343725343e-02
1.000000000000000021e-03	2.048221777110355649e-02	2.663957941984631053e-02	3.167733312584460059e-02
1.000000000000000021e-03	2.105698652279418617e-02	2.953883195149648727e-02	3.452888121828436713e-02
1.000000000000000021e-03	1.986133378733723198e-02	3.029234363107469186e-02	3.631169912405311784e-02
1.000000000000000021e-03	1.981825623802142833e-02	2.623555143193112560e-02	3.179017617367208004e-02
1.000000000000000021e-03	2.046222750849506153e-02	2.429224046054466804e-02	2.979602816049009562e-02
1.000000000000000021e-03	2.034238377860148744e-02	2.647048097923008006e-02	3.159118322655558864e-02
1.000000000000000021e-03	2.035401843178317322e-02	2.671771867600566952e-02	3.221054538153111935e-02
1.000000000000000021e-03	2.015599794198237246e-02	2.523923621400800746e-02	2.980156140401959280e-02
1.000000000000000021e-03	2.041142194901894927e-02	2.728900034468211347e-02	3.247654316946864406e-02
1.000000000000000021e-03	2.032934261920443103e-02	2.583637930140757558e-02	3.003112650476396153e-02
1.000000000000000021e-03	1.996655219818024851e-02	2.880637344772591160e-02	3.385329376906156401e-02
1.000000000000000021e-03	2.025459230286375326e-02	2.847662849927135725e-02	3.274267911911010742e-02
1.000000000000000021e-03	2.009696676382289118e-02	3.054506824161681844e-02	3.533054115250706950e-02
1.000000000000000021e-03	1.987967181109962650e-02	2.674974328521346686e-02	2.827376578934490819e-02
1.000000000000000021e-03	1.998990834563311655e-02	2.404018352051992199e-02	2.608711917418986628e-02
1.000000000000000021e-03	2.010178531413337605e-02	2.521032380203458087e-02	2.205222011543810437e-02
1.000000000000000021e-03	1.972585113165404788e-02	2.504308265268178485e-02	2.969876204151660273e-02
1.000000000000000021e-03	1.974138843601026816e-02	2.534632426710965031e-02	3.001821977086365292e-02
1.000000000000000021e-03	2.013018257740436384e-02	2.534970988797423733e-02	3.008542621973902056e-02
1.000000000000000021e-03	1.957024244289279694e-02	2.588717392231313502e-02	3.168495465070009232e-02
1.000000000000000021e-03	1.907874526723638692e-02	2.942327166180960102e-02	3.466821843758225580e-02
1.000000000000000021e-03	1.989448784485918845e-02	2.508578406578583150e-02	3.105150102637708326e-02
1.000000000000000021e-03	1.997673493680512252e-02	2.405383408615726498e-02	2.927760086022317479e-02
1.000000000000000021e-03	1.960285120156613631e-02	2.472452283958801941e-02	2.989358094055205584e-02
1.000000000000000021e-03	1.918136936012675153e-02	2.693196084759934272e-02	3.228384552057832202e-02
1.000000000000000021e-03	1.925847492895374491e-02	2.513632203661958497e-02	3.185360932257026712e-02
1.000000000000000021e-03	1.967913599022777515e-02	3.033910103688377408e-02	3.781708772294223309e-02
1.000000000000000021e-03	1.959111172014575339e-02	2.606955731862970610e-02	3.241507932543754439e-02
1.000000000000000021e-03	1.944333416533858619e-02	2.434472135555837760e-02	3.012656180653721164e-02
1.000000000000000021e-03	1.936095552665244995e-02	2.553606277126916485e-02	3.129878502804785828e-02
1.000000000000000021e-03	1.916183809218294232e-02	2.654965917204375053e-02	3.133257208392024179e-02
1.000000000000000021e-03	1.906361814464782242e-02	2.437474874106689351e-02	3.035162943415343692e-02
1.000000000000000021e-03	1.855418772055806090e-02	2.488225124561817964e-02	3.046559421345591476e-02
1.000000000000000021e-03	1.823604779308223012e-02	2.507866014048691292e-02	3.070166748948395183e-02
1.000000000000000021e-03	1.911595491221073848e-02	2.600188210060459110e-02	3.198607619851827344e-02
1.000000000000000021e-03	1.879667375537980370e-02	2.663882275682469269e-02	3.218046114780008515e-02
5.000000000000000104e-04	1.507700342628638841e-02	2.286873627161480418e-02	2.827047973405569931e-02
5.000000000000000104e-04	1.443252874047448210e-02	2.631654985814662479e-02	3.148897103965282718e-02
5.000000000000000104e-04	1.387977964879209131e-02	2.282476004856731286e-02	2.868467664811760048e-02
5.000000000000000104e-04	1.412376845087541868e-02	2.225998447749627171e-02	2.746087152045219998e-02
5.000000000000000104e-04	1.398325156866897338e-02	2.156601053862515494e-02	2.643067636527120928e-02
5.000000000000000104e-04	1.428460348029081915e-02	2.197739520446636424e-02	2.747674055863171677e-02
5.000000000000000104e-04	1.367123697902259544e-02	2.178382845254156486e-02	2.649201448075473239e-02
5.000000000000000104e-04	1.354115940397469797e-02	2.128939973726790696e-02	2.644757963716983656e-02
5.000000000000000104e-04	1.369999698864392441e-02	2.190423236564972148e-02	2.780415276065468719e-02
5.000000000000000104e-04	1.365830410009660767e-02	2.242188713469430578e-02	2.684570788405835767e-02
5.000000000000000104e-04	1.367676209272635814e-02	2.258362529887110795e-02	2.774977919179946045e-02
5.000000000000000104e-04	1.359568112147858249e-02	2.339627177342382472e-02	2.842667405493557592e-02
5.000000000000000104e-04	1.349888906563313090e-02	2.131325606724822699e-02	2.638333803042769432e-02
5.000000000000000104e-04	1.374763609389620042e-02	2.201280487379478693e-02	2.698821430094540050e-02
5.000000000000000104e-04	1.374189610310752770e-02	2.202745334913281186e-02	2.669959773775189976e-02
5.000000000000000104e-04	1.371124748426634163e-02	2.340371004690986606e-02	2.859423619229346444e-02
5.000000000000000104e-04	1.323672337701339331e-02	2.298895573409284049e-02	2.845252230763435294e-02
5.000000000000000104e-04	1.327307459070992471e-02	2.193738426037952077e-02	2.707888472359627416e-02
5.000000000000000104e-04	1.328987339993699390e-02	2.254552378548377312e-02	2.780545733403414627e-02
5.000000000000000104e-04	1.342992787154574479e-02	2.132970917267792976e-02	2.665209581609815498e-02
5.000000000000000104e-04	1.300564448529591133e-02	2.063914907715863611e-02	2.606480938848108192e-02
5.000000000000000104e-04	1.301082367821877750e-02	2.119729380703565258e-02	2.657855621073395083e-02
5.000000000000000104e-04	1.300828222027173089e-02	2.296242584518268931e-02	2.806729110889136930e-02
5.000000000000000104e-04	1.302696671418156552e-02	2.283780407453082570e-02	2.827115729451179504e-02
5.000000000000000104e-04	1.313186718563810924e-02	2.124876075507146564e-02	2.606284900102764229e-02
5.000000000000000104e-04	1.300052818563214758e-02	2.132345630216817001e-02	2.639078779611736536e-02
5.000000000000000104e-04	1.312732791561696186e-02	2.213906091564768822e-02	2.768592196516692777e-02
5.000000000000000104e-04	1.301103207397037893e-02	2.123249873655472589e-02	2.605957824271172216e-02
5.000000000000000104e-04	1.289766405884083290e-02	2.213021856366963885e-02	2.753101605921983580e-02
5.000000000000000104e-04	1.320884139545222893e-02	2.416045794078192782e-02	2.929462580941617419e-02
5.000000000000000104e-04	1.292222279106083199e-02	2.212420531611948224e-02	2.728724293410778046e-02
5.000000000000000104e-04	1.293325319765931992e-02	2.217977979166813399e-02	2.765574092045426299e-02
5.000000000000000104e-04	1.287104974843782633e-02	2.255709295731564423e-02	2.714668472763150792e-02
5.000000000000000104e-04	1.291665163188045889e-02	2.210820590131257896e-02	2.746288920752704144e-02
5.000000000000000104e-04	1.268465639947501285e-02	2.176452632408335669e-02	2.635741005651652882e-02
5.000000000000000104e-04	1.258680321505903366e-02	2.169659380747385527e-02	2.713271263055503507e-02
5.000000000000000104e-04	1.293911797375379806e-02	2.067580356394277050e-02	2.564030024223029613e-02
5.000000000000000104e-04	1.263675775347519216e-02	2.227570313024115206e-02	2.738630664534866949e-02
5.000000000000000104e-04	1.300931320275944443e-02	2.269534278582996042e-02	2.818686163518577953e-02
5.000000000000000104e-04	1.287681986824319551e-02	2.289963546282177895e-02	2.801011202391236882e-02
5.000000000000000104e-04	1.293276710199531276e-02	2.416004526736068372e-02	2.960186211857944796e-02
5.000000000000000104e-04	1.274074101387162768e-02	2.129942029031939646e-02	2.672795348335057358e-02
2.500000000000000052e-04	1.098042105878808961e-02	2.026052861742636338e-02	2.558375101070851226e-02
2.500000000000000052e-04	1.066164799070353116e-02	2.122833729472927908e-02	2.653114742133766413e-02
2.500000000000000052e-04	1.055700554381871874e-02	1.969899428784067236e-02	2.521128547377884249e-02
2.500000000000000052e-04	1.047704657951479407e-02	1.970748413666224483e-02	2.509844840969890217e-02
2.500000000000000052e-04	1.031962875385160350e-02	2.035135861622725320e-02	2.565206873696297338e-02
2.500000000000000052e-04	1.049860051024213183e-02	2.042387976403791869e-02	2.612833760213106871e-02
2.500000000000000052e-04	1.038336551733588103e-02	1.971622914348909392e-02	2.489245121832937141e-02
2.500000000000000052e-04	1.028806747112329979e-02	2.052061332887067727e-02	2.546212689485400846e-02
2.500000000000000052e-04	1.033765074475698209e-02	1.958532319331044227e-02	2.477987651946023107e-02
2.500000000000000052e-04	1.028006475899908082e-02	1.959715490058766552e-02	2.519175272900611023e-02
2.500000000000000052e-04	1.016728990153778489e-02	2.082538932405841176e-02	2.603858213406056235e-02
2.500000000000000052e-04	1.026243512958088799e-02	1.974807452917566944e-02	2.515018589328974624e-02
2.500000000000000052e-04	1.011722088196012094e-02	1.971692939566848171e-02	2.476584787946194480e-02
2.500000000000000052e-04	1.013847434846657306e-02	1.956236237143190587e-02	2.701538607943803141e-02
2.500000000000000052e-04	1.014655026503735041e-02	2.010339796445600666e-02	2.526229328941553831e-02
2.500000000000000052e-04	1.000801325814149392e-02	1.952007258340170137e-02	2.472862026188522508e-02
2.500000000000000052e-04	1.019871323366734576e-02	2.015047927060364258e-02	2.531930354889482329e-02
2.500000000000000052e-04	1.003165916366900376e-02	2.164001168965981256e-02	2.688047944102436165e-02
2.500000000000000052e-04	1.005074566873814454e-02	2.098812721669673920e-02	2.621394058223813772e-02
2.500000000000000052e-04	1.008095559428395620e-02	2.011299112333833281e-02	2.533930796198546886e-02
2.500000000000000052e-04	1.013120203189564819e-02	2.049546495216523004e-02	2.554626397322863271e-02
2.500000000000000052e-04	1.022592049884139126e-02	2.033996194386513551e-02	2.536253600846976111e-02
2.500000000000000052e-04	1.003639173378096348e-02	2.108388791026557380e-02	2.664130986668169360e-02
2.500000000000000052e-04	9.994687671800766421e-03	1.979393518349419068e-02	2.482015418354421854e-02
2.500000000000000052e-04	1.002488173506482262e-02	1.953566554660728441e-02	2.486974492203444104e-02
2.500000000000000052e-04	1.001300607087906615e-02	2.047747151721366482e-02	2.537493547424674034e-02
2.500000000000000052e-04	9.925444846091886070e-03	1.981442428501176481e-02	2.507014253642409971e-02
2.500000000000000052e-04	9.842485683542687505e-03	2.002113198383628431e-02	2.529963902197778294e-02
2.500000000000000052e-04	9.993274922906884503e-03	1.944938307891341464e-02	2.479042892809957266e-02
2.500000000000000052e-04	9.995834551396205053e-03	1.986875853145309706e-02	2.534509389661252637e-02
2.500000000000000052e-04	1.000075817970670633e-02	2.117907588433532926e-02	2.651921671349555254e-02
2.500000000000000052e-04	9.836368570228851832e-03	2.009707567384417734e-02	2.508163768798112730e-02
2.500000000000000052e-04	1.008290295998948843e-02	1.965540544622387462e-02	2.450018452946096589e-02
2.500000000000000052e-04	9.916339422846478027e-03	1.971882343760335624e-02	2.524627032689750333e-02
2.500000000000000052e-04	9.924831148399523850e-03	1.943141097661244335e-02	2.440117010846733908e-02
2.500000000000000052e-04	9.870641673045528475e-03	1.951980683464966601e-02	2.445246335119009157e-02
2.500000000000000052e-04	9.788800160161642908e-03	2.060055479660864372e-02	2.561471082735806634e-02
2.500000000000000052e-04	9.821172363984595477e-03	1.970659035955267882e-02	2.511252900585532119e-02
2.500000000000000052e-04	9.829498699867860595e-03	1.947594619799815005e-02	2.547593843191862245e-02
2.500000000000000052e-04	9.842018397723244216e-03	2.006703837535768128e-02	2.518719297368079285e-02
2.500000000000000052e-04	9.797641386046633191e-03	1.999802324257752076e-02	2.514197537675499916e-02
2.500000000000000052e-04	9.897347815701040483e-03	2.048228145211310885e-02	2.543938818853348424e-02
2.500000000000000052e-04	9.723873599581399352e-03	1.958171000791937913e-02	2.498799932654947181e-02
2.500000000000000052e-04	9.712382919713638887e-03	2.154694029485992174e-02	2.672488577663898607e-02
2.500000000000000052e-04	9.764339678680795942e-03	2.010589846804815978e-02	2.507603783160448213e-02
2.500000000000000052e-04	9.770073903829657597e-03	2.065334619749435024e-02	2.589197000488639017e-02
2.500000000000000052e-04	9.610324836086314715e-03	2.036092389394475455e-02	2.538816600572317908e-02
2.500000000000000052e-04	9.758231256898317746e-03	1.977449680400612461e-02	2.475922422017902066e-02
2.500000000000000052e-04	9.560423671826504335e-03	1.965693720367722372e-02	2.496274416334927013e-02
2.500000000000000052e-04	9.640561612870126793e-03	1.940903267506217597e-02	2.472900252323597531e-02
2.500000000000000052e-04	9.721847932347989218e-03	1.969751982379178146e-02	2.475858668331056694e-02
2.500000000000000052e-04	9.690221326470098082e-03	1.968109493109724412e-02	2.476601018570363452e-02
2.500000000000000052e-04	9.555888663730331342e-03	1.942600320088457705e-02	2.458143029361963341e-02
2.500000000000000052e-04	9.632408692067518166e-03	2.062268051957584850e-02	2.589340547565370867e-02
2.500000000000000052e-04	9.682404856918647509e-03	1.934463532241695316e-02	2.466737637296318938e-02
2.500000000000000052e-04	9.746096380284665836e-03	2.222322653101376985e-02	2.713456379715353112e-02
2.500000000000000052e-04	9.648723456273943649e-03	1.934809746776575828e-02	2.565091981086880038e-02
2.500000000000000052e-04	9.767135057745717636e-03	1.940140902937550690e-02	2.468176847323775430e-02
2.500000000000000052e-04	9.526113338861668875e-03	2.017663906850115929e-02	2.578167375177144865e-02
2.500000000000000052e-04	9.651379212531206037e-03	1.949234795878538803e-02	2.480654129758477072e-02
2.500000000000000052e-04	9.531848005562535558e-03	1.925085473766657840e-02	2.473461788613349338e-02
2.500000000000000052e-04	9.547142295948099142e-03	1.937853213867747962e-02	2.472290555015206268e-02
2.500000000000000052e-04	9.461400105329170751e-03	2.035666229349624573e-02	2.588538692798465421e-02
2.500000000000000052e-04	9.603157330146184015e-03	2.130096384290001282e-02	2.682596419472247501e-02
2.500000000000000052e-04	9.581190508472288425e-03	1.926793672963586848e-02	2.547132426407188246e-02
2.500000000000000052e-04	9.548934500278724938e-03	1.983240083913216309e-02	2.534363749437034199e-02
2.500000000000000052e-04	9.487863450997561371e-03	1.976018543818390191e-02	2.513334280811250349e-02
2.500000000000000052e-04	9.663625990342372685e-03	1.983293464787655447e-02	2.485083737410604884e-02
2.500000000000000052e-04	9.490002120057811769e-03	2.018958907964497895e-02	2.537881257012486458e-02
2.500000000000000052e-04	9.559778532109734425e-03	2.032393764177854029e-02	2.565311931539326906e-02
2.500000000000000052e-04	9.425313249089520978e-03	2.363482418016613421e-02	2.886148602701723437e-02
2.500000000000000052e-04	9.631121342588885512e-03	1.951504049149795431e-02	2.422705048229545355e-02
2.500000000000000052e-04	9.505674789901856145e-03	1.945090933619993481e-02	2.526679479051381280e-02
2.500000000000000052e-04	9.533683963904483402e-03	1.968112566474220643e-02	2.630217843689024518e-02
2.500000000000000052e-04	9.454171343393940816e-03	2.082092171115556764e-02	2.583924925420433283e-02
2.500000000000000052e-04	9.630468068021355577e-03	2.094628011895567979e-02	2.589223922695964644e-02
2.500000000000000052e-04	9.337697262643312318e-03	2.031968681736610188e-02	2.583097540773451189e-02
2.500000000000000052e-04	9.329363250256520607e-03	1.954873041761795091e-02	2.487175993155688047e-02
2.500000000000000052e-04	9.412904917151429171e-03	2.012059901943381510e-02	2.519405896309763124e-02
2.500000000000000052e-04	9.498022576883964271e-03	1.944015306757070766e-02	2.437482886016368797e-02
2.500000000000000052e-04	9.384863880701871039e-03	2.018983670905310362e-02	2.558914215769618819e-02
2.500000000000000052e-04	9.367550197726526653e-03	1.935221852139808879e-02	2.421916164457798074e-02
1.250000000000000026e-04	8.456133514612376376e-03	1.876625885299518931e-02	2.387411626987159113e-02
1.250000000000000026e-04	8.379001650686194666e-03	1.943720379327448095e-02	2.465009777806699207e-02
1.250000000000000026e-04	8.359008859041179573e-03	1.921380083539879144e-02	2.424772847443818977e-02
1.250000000000000026e-04	8.302448100695920818e-03	1.896606764088126437e-02	2.400312731042504241e-02
1.250000000000000026e-04	8.325529979339271053e-03	1.918568450674726714e-02	2.410730642732232878e-02
1.250000000000000026e-04	8.236310348335117854e-03	1.891600870142120389e-02	2.397421204950660537e-02
1.250000000000000026e-04	8.184926439165515072e-03	1.903995867155453339e-02	2.408143777865916560e-02
1.250000000000000026e-04	8.238906852105647161e-03	1.979374804616910663e-02	2.478625050280243089e-02
1.250000000000000026e-04	8.160340287649506946e-03	1.916481678359483604e-02	2.451121842022985220e-02
1.250000000000000026e-04	8.201556946917579541e-03	2.038137217330214870e-02	2.545116138644516399e-02
1.250000000000000026e-04	8.190739919377871409e-03	1.886342869125579719e-02	2.384491448756307502e-02
1.250000000000000026e-04	8.139894012071369894e-03	1.898408727476577976e-02	2.418880204204469989e-02
1.250000000000000026e-04	8.209422980275367029e-03	1.931820088675665140e-02	2.470108584966510673e-02
1.250000000000000026e-04	8.183426322028638719e-03	1.893381920218935657e-02	2.425456333439797094e-02
1.250000000000000026e-04	8.107405657857795836e-03	1.874202199241253863e-02	2.457055423874408145e-02
1.250000000000000026e-04	8.217215834921220638e-03	1.918629477414941428e-02	2.440436447504907777e-02
1.250000000000000026e-04	8.128013825363687023e-03	1.868856598803510238e-02	2.407815044280141661e-02
1.250000000000000026e-04	8.119920713728408929e-03	1.924361498216995911e-02	2.449677423574030469e-02
1.250000000000000026e-04	8.112623533987076141e-03	1.942251862090139600e-02	2.430101411882788082e-02
1.250000000000000026e-04	8.110914824973659148e-03	1.878068741430474753e-02	2.400350351817905764e-02
1.250000000000000026e-04	8.175562245315109305e-03	1.891549714202188023e-02	2.380728090647608181e-02
1.250000000000000026e-04	8.098796708915662404e-03	1.880013124519929954e-02	2.397686969488859246e-02
1.250000000000000026e-04	8.044462407483497085e-03	1.880247136626724339e-02	2.486354738939553638e-02
1.250000000000000026e-04	8.021894918777451589e-03	1.877804456951574427e-02	2.381626903079449992e-02
1.250000000000000026e-04	8.139278588533712874e-03	1.880490508769195115e-02	2.389424152206629653e-02
1.250000000000000026e-04	8.144915839380878139e-03	1.952411306056520829e-02	2.470899140462279320e-02
1.250000000000000026e-04	8.044667281383793139e-03	1.929633107758005339e-02	2.440179202239960501e-02
1.250000000000000026e-04	8.079798457089761021e-03	1.936974948398885801e-02	2.452613089699298005e-02
1.250000000000000026e-04	8.076363669544752572e-03	1.900197256902593640e-02	2.401933199726045270e-02
1.250000000000000026e-04	7.967139348288030179e-03	1.907768162913347360e-02	2.373956586234271526e-02
1.250000000000000026e-04	8.035938641237373378e-03	1.892939683400991779e-02	2.399639606010168721e-02
1.250000000000000026e-04	8.128893686812794020e-03	1.886002301526163230e-02	2.411107858642935753e-02
1.250000000000000026e-04	8.099832147015274472e-03	1.952974566048820693e-02	2.451492536347359488e-02
1.250000000000000026e-04	8.064350955201277094e-03	1.872600230305450711e-02	2.364973404910415342e-02
1.250000000000000026e-04	8.075595871285860816e-03	1.942767227721932041e-02	2.456372904125601192e-02
1.250000000000000026e-04	8.037454113277534354e-03	1.898252278936939097e-02	2.394474199973046710e-02
1.250000000000000026e-04	8.119784632547085573e-03	1.959504484057582319e-02	2.442594347521662851e-02
1.250000000000000026e-04	8.001269898342143819e-03	1.900007211022976261e-02	2.402112290728837182e-02
6.250000000000000130e-05	7.586212861533165284e-03	1.896438227859155098e-02	2.501918229972943664e-02
6.250000000000000130e-05	7.557701783221151999e-03	1.913220664554553599e-02	2.410700239706784626e-02
6.250000000000000130e-05	7.489164979123944660e-03	1.983880080009630190e-02	2.483989293687045505e-02
6.250000000000000130e-05	7.475212857575784867e-03	1.884525397509648550e-02	2.407663466874510050e-02
6.250000000000000130e-05	7.402353726355591530e-03	1.867578247883868933e-02	2.402101927436888287e-02
6.250000000000000130e-05	7.405295484515644726e-03	1.861131538427313048e-02	2.363407814409583876e-02
6.250000000000000130e-05	7.370785278565596295e-03	1.891072504027351692e-02	2.401773233432322879e-02
6.250000000000000130e-05	7.420751564161350185e-03	1.868334155607754080e-02	2.363536630291491678e-02
6.250000000000000130e-05	7.411857293252337338e-03	1.859467576077471207e-02	2.370517780072987218e-02
6.250000000000000130e-05	7.449684255291047670e-03	1.870379396299807345e-02	2.355095844250172307e-02
6.250000000000000130e-05	7.367260945628225505e-03	1.908479523674355693e-02	2.397630992345511913e-02
6.250000000000000130e-05	7.432418327925942141e-03	1.866460317521507345e-02	2.348252770025283098e-02
6.250000000000000130e-05	7.421185202634373104e-03	2.230187323607543334e-02	2.742368099279701710e-02
6.250000000000000130e-05	7.398166298246473815e-03	1.867064416252505604e-02	2.349283273797482183e-02
6.250000000000000130e-05	7.384414474440303619e-03	1.864241742826413042e-02	2.361196500714868307e-02
6.250000000000000130e-05	7.350831956252100452e-03	1.944997317659917166e-02	2.451958290766924689e-02
6.250000000000000130e-05	7.365463123293274073e-03	1.870271217331524391e-02	2.361285979859530787e-02
6.250000000000000130e-05	7.296757634681469776e-03	1.880987829416600268e-02	2.367299278266727855e-02
6.250000000000000130e-05	7.406263183119721379e-03	1.940016503596961317e-02	2.431843634694814613e-02
6.250000000000000130e-05	7.404640666141438544e-03	1.870715579125269493e-02	2.369073631707578967e-02
6.250000000000000130e-05	7.417725087883012512e-03	1.876619116876137791e-02	2.372902675997465988e-02
6.250000000000000130e-05	7.404208622131672364e-03	1.901081623265724399e-02	2.407712722197175026e-02
6.250000000000000130e-05	7.429683629213168841e-03	1.867729662893174297e-02	2.372941514477133751e-02
6.250000000000000130e-05	7.404174050776728654e-03	1.880149690054006006e-02	2.375481668859720161e-02
6.250000000000000130e-05	7.282478998698524268e-03	1.920553995540160916e-02	2.474531270563602378e-02
6.250000000000000130e-05	7.321250500074040837e-03	1.867932048553103477e-02	2.364256575237959693e-02
6.250000000000000130e-05	7.329430357716141056e-03	1.868020587098536203e-02	2.372899642214178900e-02
6.250000000000000130e-05	7.388656931306782950e-03	1.862930565955439252e-02	2.372019744943827321e-02
6.250000000000000130e-05	7.316795904557759495e-03	1.875664627774379506e-02	2.496579941362142563e-02
6.250000000000000130e-05	7.370544850247641097e-03	1.990595852458820411e-02	2.509326937142759492e-02
3.125000000000000065e-05	7.104309758744643995e-03	1.854440051067561893e-02	2.357064953539520641e-02
3.125000000000000065e-05	7.064766827006372339e-03	1.871962530821249734e-02	2.383508423808962037e-02
3.125000000000000065e-05	7.039188740557192868e-03	1.845531767790074135e-02	2.340955993859097223e-02
3.125000000000000065e-05	7.044169069563080421e-03	1.891713391462857691e-02	2.468080364633351564e-02
3.125000000000000065e-05	7.062480745944364757e-03	1.869853437239430913e-02	2.369009172543883393e-02
3.125000000000000065e-05	7.022853708030128358e-03	1.888891736640355840e-02	2.372854194836691161e-02
3.125000000000000065e-05	7.036826525635501636e-03	1.856489559021139504e-02	2.367149707861244609e-02
3.125000000000000065e-05	7.014685024362687753e-03	1.917953526903509384e-02	2.407798133790493150e-02
3.125000000000000065e-05	7.001767243806395966e-03	1.858627835668974493e-02	2.354540904052555492e-02
3.125000000000000065e-05	7.064899630409000528e-03	1.849868186110757359e-02	2.374438121914863517e-02
3.125000000000000065e-05	6.974651619094170141e-03	1.845619604674153189e-02	2.351673718076199154e-02
3.125000000000000065e-05	7.041465031354752352e-03	1.873840323859016221e-02	2.435002573765814374e-02
3.125000000000000065e-05	7.011308824267496222e-03	1.883606072417728580e-02	2.387820703443139722e-02
3.125000000000000065e-05	7.055905045114713517e-03	1.864307059745513862e-02	2.367828469723463197e-02
3.125000000000000065e-05	7.058284151567760685e-03	1.867277983146968176e-02	2.400379790924489498e-02
3.125000000000000065e-05	7.052410574095706146e-03	1.849778132093826341e-02	2.371000167913734843e-02
3.125000000000000065e-05	7.044456486057635268e-03	1.864519095565168177e-02	2.348197884857654641e-02
3.125000000000000065e-05	7.025068208906818691e-03	1.904781157862765750e-02	2.417802573181688716e-02
3.125000000000000065e-05	6.995107071098198050e-03	1.863788708274043138e-02	2.356261821696534892e-02
3.125000000000000065e-05	7.024852531339589347e-03	1.859153123543212660e-02	2.373177199624478678e-02
3.125000000000000065e-05	7.007662096364751687e-03	1.863617297378978091e-02	2.364401437807828188e-02
3.125000000000000065e-05	7.006024865410818980e-03	1.872836969578297456e-02	2.385384677909314563e-02
3.125000000000000065e-05	6.986191688043701109e-03	1.897876761385595620e-02	2.400783142074942519e-02
3.125000000000000065e-05	7.000105900049573456e-03	1.852594776059554582e-02	2.380224822554737399e-02
1.562500000000000033e-05	6.939001716624614013e-03	1.877955856845172841e-02	2.375070771668106456e-02
1.562500000000000033e-05	6.825366934329063148e-03	1.870547144805417492e-02	2.363515178440138767e-02
1.562500000000000033e-05	6.860234476669261998e-03	1.883248718094607255e-02	2.363050696440040926e-02
1.562500000000000033e-05	6.851366213986074746e-03	1.866057071425215874e-02	2.365297491196543048e-02
1.562500000000000033e-05	6.832333691494020360e-03	1.895424794815285530e-02	2.401963933371007581e-02
1.562500000000000033e-05	6.862946167542724463e-03	1.888936135859389451e-02	2.396325403824448724e-02
1.562500000000000033e-05	6.833978579176449956e-03	1.871016802490537562e-02	2.405668713618069887e-02
1.562500000000000033e-05	6.823773280223869274e-03	1.930810930938776926e-02	2.426078270655125310e-02
1.562500000000000033e-05	6.832885873136113238e-03	1.849437387006757152e-02	2.365786705631762674e-02
1.562500000000000033e-05	6.791498659394244047e-03	1.848576781071761474e-02	2.339351251721382211e-02
1.562500000000000033e-05	6.854346943038573323e-03	1.884219706721642837e-02	2.386628058739006381e-02
1.562500000000000033e-05	6.818779513950677662e-03	1.867730673207506492e-02	2.350088607054203610e-02
1.562500000000000033e-05	6.871231804792013627e-03	1.849083832577260930e-02	2.345057190395891805e-02
1.562500000000000033e-05	6.817360006060414063e-03	1.854723767031237619e-02	2.364570158533751965e-02
1.562500000000000033e-05	6.790098231155782503e-03	1.860669133843395606e-02	2.352556448895484070e-02
1.562500000000000033e-05	6.842715910854226327e-03	1.841882594826958069e-02	2.383998152799904346e-02
1.562500000000000033e-05	6.774236423458086624e-03	1.891679469378986997e-02	2.422734124120324781e-02
1.562500000000000033e-05	6.815073676591542826e-03	1.903071739657230879e-02	2.419476315844804049e-02
1.562500000000000033e-05	6.805982023673679687e-03	1.852288652035890409e-02	2.434406145475804736e-02
1.562500000000000033e-05	6.790115662437060280e-03	1.853221370131557383e-02	2.363624738063663244e-02
1.562500000000000033e-05	6.818762371980776824e-03	1.862488052178739792e-02	2.385230276267975499e-02
1.562500000000000033e-05	6.802983745773294975e-03	1.869404284741866054e-02	2.372844386845827241e-02
1.562500000000000033e-05	6.855300973034601612e-03	1.835923758213510795e-02	2.322179699549451609e-02
1.562500000000000033e-05	6.779886236595268276e-03	1.890634304565909016e-02	2.395954311359673600e-02
1.562500000000000033e-05	6.815876509564093404e-03	1.841937034776073429e-02	2.347153034061193536e-02
1.562500000000000033e-05	6.812475779629624008e-03	1.940040537083024055e-02	2.446298527065664599e-02
1.562500000000000033e-05	6.818600640691266715e-03	1.847979285954180761e-02	2.352833403274416993e-02
1.562500000000000033e-05	6.780333502500937061e-03	1.850388995834982217e-02	2.375378124415874342e-02
1.562500000000000033e-05	6.760452745060819592e-03	1.896353977785996889e-02	2.406447080429643254e-02
1.562500000000000033e-05	6.868663453348002913e-03	1.855826678232372698e-02	2.378020389005541801e-02
1.562500000000000033e-05	6.784574339711316182e-03	1.864240086437519983e-02	2.361774395685643096e-02
1.562500000000000033e-05	6.782622754881554271e-03	2.035144515121014436e-02	2.557669065427035232e-02
1.562500000000000033e-05	6.829526608321141549e-03	1.900978451740991532e-02	2.426994559355079989e-02
1.562500000000000033e-05	6.814964961611632080e-03	1.851377976053828270e-02	2.371624906081706147e-02
1.562500000000000033e-05	6.779896130069110530e-03	1.852626723105682896e-02	2.357884398661553790e-02
1.562500000000000033e-05	6.812141838723521914e-03	1.944065698622408911e-02	2.455946400295943091e-02
1.562500000000000033e-05	6.820591465408040212e-03	1.868024462570694669e-02	2.373810752760618925e-02
1.562500000000000033e-05	6.819714532830276586e-03	1.881585906001285655e-02	2.370897670043632319e-02
1.562500000000000033e-05	6.784122142780392613e-03	1.854169909496113794e-02	2.372375635895878146e-02
1.562500000000000033e-05	6.769480605497566611e-03	1.864324563246278973e-02	2.370934772770851712e-02
1.562500000000000033e-05	6.814016913832612009e-03	1.910106903088342606e-02	2.402152509894222090e-02
1.562500000000000033e-05	6.807942438324552856e-03	1.863726080244124117e-02	2.462782099610194564e-02
1.562500000000000033e-05	6.826485227360029433e-03	1.870649479602643980e-02	2.367644864134490351e-02
1.562500000000000033e-05	6.776383483631795608e-03	1.890430056260830605e-02	2.398275944869965315e-02
7.812500000000000163e-06	6.746262436003411592e-03	1.845670290564367308e-02	2.370580905117094378e-02
7.812500000000000163e-06	6.774672890572855724e-03	1.836652610041396294e-02	2.344556755851954361e-02
7.812500000000000163e-06	6.749207609554686363e-03	1.851190208988898189e-02	2.349378431681543519e-02
7.812500000000000163e-06	6.702192425955392531e-03	1.874668556338673561e-02	2.358088854234665493e-02
7.812500000000000163e-06	6.747767642094879004e-03	1.858208439659073813e-02	2.366968106944113831e-02
7.812500000000000163e-06	6.666977612172763148e-03	1.858172175128266351e-02	2.362016132101416727e-02
7.812500000000000163e-06	6.739700870255768000e-03	1.850066413000928112e-02	2.385721728205680847e-02
7.812500000000000163e-06	6.703458457276086600e-03	1.836770108330468276e-02	2.343939084094017605e-02
7.812500000000000163e-06	6.657542860749816709e-03	1.855083911421255213e-02	2.404343425296246936e-02
7.812500000000000163e-06	6.685505478240337529e-03	1.866551671976818608e-02	2.373768119141459604e-02
7.812500000000000163e-06	6.708030588383102899e-03	1.881451030988343792e-02	2.385209104977548122e-02
7.812500000000000163e-06	6.702448582328712767e-03	1.871057297468809583e-02	2.362427436746656825e-02
7.812500000000000163e-06	6.723563110162224937e-03	1.856687007696216501e-02	2.387255320791155030e-02
7.812500000000000163e-06	6.720004686971974006e-03	1.854916394771081653e-02	2.370484448038041522e-02
