1.000000000000000021e-03	2.988609817353634623e-01	2.848712496888575196e-01	2.791315719485282787e-01
1.000000000000000021e-03	1.896534220355066136e-01	1.814568610715616426e-01	1.725375659763813130e-01
1.000000000000000021e-03	1.591434754201532242e-01	1.232397771630611705e-01	1.105955436825752231e-01
1.000000000000000021e-03	1.436925074990368367e-01	1.351822134477929926e-01	1.267143676057457813e-01
1.000000000000000021e-03	1.317653519173497823e-01	1.250606883726818885e-01	1.198200160637497846e-01
1.000000000000000021e-03	1.218370751777383132e-01	1.150912823477340668e-01	1.064675085246562930e-01
1.000000000000000021e-03	1.136950986473937580e-01	1.064238595088739109e-01	9.556283336132764816e-02
1.000000000000000021e-03	1.012871396175784589e-01	9.977134477093581311e-02	1.051777279004454668e-01
1.000000000000000021e-03	9.597232944097472407e-02	7.140929807777179894e-02	6.762220412492751798e-02
1.000000000000000021e-03	9.001567558650362677e-02	7.441213994204061433e-02	7.369836354628205022e-02
1.000000000000000021e-03	8.501008809817746370e-02	6.737921876511024366e-02	6.829229509457945824e-02
1.000000000000000021e-03	8.588503424669852171e-02	1.018605657038888362e-01	1.046949783340096474e-01
1.000000000000000021e-03	7.894590276186726208e-02	7.477085157760775258e-02	6.622475646436214169e-02
1.000000000000000021e-03	7.839448823701371249e-02	7.517022538091500117e-02	7.952243546023965437e-02
1.000000000000000021e-03	7.584776077907122438e-02	7.007092416910601362e-02	6.639592675492167473e-02
1.000000000000000021e-03	7.156554990951373429e-02	7.011282736562308993e-02	6.796031268313526552e-02
1.000000000000000021e-03	7.099825955402927491e-02	9.183012038781381003e-02	8.846938675269484798e-02
1.000000000000000021e-03	6.934101806239481580e-02	5.800691914027897994e-02	5.253914054483175416e-02
1.000000000000000021e-03	6.538857384831354980e-02	7.178087897247668880e-02	7.747416831552982053e-02
1.000000000000000021e-03	6.458643707487388141e-02	6.240064660526070672e-02	6.563949612900614461e-02
1.000000000000000021e-03	6.395284609935220077e-02	6.548415280449453035e-02	6.794088557362557013e-02
1.000000000000000021e-03	6.209546005989383111e-02	5.674045845008020977e-02	5.981296887621283254e-02
1.000000000000000021e-03	6.234937794549892665e-02	7.011404368265761189e-02	7.633229317143559733e-02
1.000000000000000021e-03	5.720194828668918180e-02	5.678664235622470774e-02	6.284002056345343312e-02
1.000000000000000021e-03	5.843166343503701510e-02	6.847928833040892171e-02	7.356969546526670456e-02
1.000000000000000021e-03	5.793274023991084459e-02	7.913186469393250488e-02	8.557353401556611061e-02
1.000000000000000021e-03	5.633527854562603299e-02	5.845410082274706681e-02	5.935032190755009512e-02
1.000000000000000021e-03	5.715962907233301804e-02	5.368232422786232971e-02	6.147779561579227309e-02
1.000000000000000021e-03	5.448390858777738682e-02	5.376216012457902399e-02	5.935115832835435867e-02
1.000000000000000021e-03	5.547731699353737611e-02	4.980362946879489383e-02	5.506569342687726160e-02
1.000000000000000021e-03	5.384620931812189593e-02	4.828287420199491725e-02	5.384687036275863370e-02
1.000000000000000021e-03	5.315501851838574238e-02	4.796649122620440242e-02	5.008782092481851855e-02
1.000000000000000021e-03	5.108439265151679815e-02	5.166219593225661322e-02	5.775120854377746582e-02
1.000000000000000021e-03	5.180311800913105919e-02	6.499371424083309756e-02	6.978547098115087111e-02
1.000000000000000021e-03	5.074939650330105578e-02	7.076013692854586645e-02	7.253224635496735573e-02
1.000000000000000021e-03	4.984521899218473384e-02	5.838742536243968217e-02	6.650772001594304483e-02
1.000000000000000021e-03	5.069110477413633215e-02	4.919948568323832122e-02	5.283311698585748534e-02
1.000000000000000021e-03	4.889870755734174873e-02	4.660669131038700647e-02	4.938249029219150821e-02
1.000000000000000021e-03	4.932461621227861998e-02	5.606291109588757565e-02	5.912980875000357905e-02
1.000000000000000021e-03	4.825773974420061868e-02	4.583761777670283810e-02	4.854995962232351581e-02
1.000000000000000021e-03	4.743653595222158820e-02	4.940394223399499629e-02	4.979200903326273103e-02
1.000000000000000021e-03	4.591343497479288133e-02	5.586920220268334208e-02	5.907516470178961893e-02
1.000000000000000021e-03	4.576239324867759778e-02	4.459373271629136354e-02	5.063134622760116776e-02
1.000000000000000021e-03	4.469253896579033353e-02	5.126532125262377865e-02	5.444834139198064665e-02
1.000000000000000021e-03	4.694191491477291145e-02	4.564314792956668948e-02	4.852542211301624775e-02
1.000000000000000021e-03	4.524910027500395754e-02	4.418788595778468109e-02	4.294575382955372056e-02
1.000000000000000021e-03	4.369004941726923469e-02	4.323618136424356440e-02	4.283602400682866296e-02
1.000000000000000021e-03	4.444134282517079454e-02	4.013926949332521921e-02	4.154730932787061015e-02
1.000000000000000021e-03	4.470345723036938529e-02	5.115920103384249962e-02	6.031265556812286099e-02
1.000000000000000021e-03	4.562387987429523950e-02	4.184889903594374294e-02	4.531781161203980723e-02
1.000000000000000021e-03	4.275215454637969897e-02	6.424833522105091732e-02	6.801288733258843699e-02
1.000000000000000021e-03	4.168837061644883185e-02	5.137637910964601429e-02	5.692218365147709569e-02
1.000000000000000021e-03	4.199935072721992790e-02	4.394352346346640237e-02	5.122549561783671518e-02
1.000000000000000021e-03	4.134055445487586772e-02	5.428371225430079355e-02	5.442337691783905029e-02
1.000000000000000021e-03	4.222469169314931048e-02	4.638592615060468938e-02	5.228020381182432036e-02
1.000000000000000021e-03	4.200810445618879257e-02	5.139961230193133140e-02	5.326299071311950406e-02
1.000000000000000021e-03	4.105359669547222617e-02	4.801062205855134712e-02	4.960684124380350390e-02
1.000000000000000021e-03	4.125296861722137914e-02	3.997972957711881659e-02	4.514227607287466665e-02
1.000000000000000021e-03	4.123689541446912826e-02	3.823070942926469484e-02	4.021995170041918477e-02
1.000000000000000021e-03	4.072238163347505213e-02	3.995304682452953393e-02	4.329843809828162055e-02
1.000000000000000021e-03	3.922730471251869439e-02	5.213702694361746492e-02	5.492452350445091447e-02
1.000000000000000021e-03	3.882703400710559721e-02	4.477593012115094195e-02	5.079205906949937205e-02
1.000000000000000021e-03	3.888310193408707482e-02	4.299600240018667391e-02	4.952360447496175627e-02
1.000000000000000021e-03	3.827924064646077984e-02	5.116006960185410374e-02	5.531096309423446516e-02
1.000000000000000021e-03	3.772177042384318446e-02	3.739960679872185445e-02	4.114504675380885323e-02
1.000000000000000021e-03	3.722126651587806534e-02	4.859952739786103232e-02	5.557355163618922511e-02
1.000000000000000021e-03	3.723892863946053761e-02	4.240243802949084095e-02	4.981736517511307916e-02
1.000000000000000021e-03	3.691979884611547996e-02	4.451413968509716768e-02	5.101480633020401279e-02
1.000000000000000021e-03	3.681905730830645207e-02	3.918019926945888465e-02	4.450955935753882209e-02
1.000000000000000021e-03	3.578366183390306599e-02	4.109382121311744296e-02	4.780058157630264620e-02
1.000000000000000021e-03	3.665916839914657582e-02	3.463855268755508532e-02	3.871159707196056982e-02
1.000000000000000021e-03	3.639247077189433632e-02	3.929749752409483071e-02	4.423509929329157153e-02
1.000000000000000021e-03	3.541186699289405881e-02	3.373245710594803548e-02	3.671921489294618229e-02
1.000000000000000021e-03	3.599018703901261246e-02	3.585277066726959283e-02	4.049904537387192388e-02
1.000000000000000021e-03	3.384954886702758875e-02	3.570438232955508440e-02	4.135978827252984047e-02
1.000000000000000021e-03	3.364848176265539809e-02	3.338961779135059954e-02	3.655452816747128963e-02
1.000000000000000021e-03	3.477650369588478757e-02	3.675442059275679796e-02	3.773822747170925418e-02
1.000000000000000021e-03	3.534700333369963920e-02	3.740758228442431915e-02	4.048130433075129708e-02
1.000000000000000021e-03	3.334170968476043301e-02	4.236399132699866787e-02	4.488199865445494791e-02
1.000000000000000021e-03	3.450916852821542258e-02	3.137285202858648009e-02	3.583037443459034105e-02
1.000000000000000021e-03	3.340070242080631774e-02	3.669190251741422104e-02	4.293762468732893745e-02
1.000000000000000021e-03	3.361697655025958770e-02	3.718283133708057825e-02	4.339332506060600281e-02
1.000000000000000021e-03	3.306253146490709810e-02	3.820003652018714307e-02	4.461077786982059479e-02
1.000000000000000021e-03	3.224676089180354699e-02	4.091641280546550602e-02	4.635931467637419839e-02
1.000000000000000021e-03	3.251093057910150325e-02	3.754098131199469501e-02	4.320788178592920026e-02
1.000000000000000021e-03	3.339232584551505428e-02	3.641421712583896297e-02	4.319428848102688928e-02
1.000000000000000021e-03	3.251187525875974538e-02	3.983471732762159517e-02	4.448303268291056017e-02
1.000000000000000021e-03	3.171924721729173224e-02	3.307542628096660220e-02	3.757861861959099770e-02
1.000000000000000021e-03	3.208524614264793295e-02	3.333956935486868250e-02	3.752522524446248731e-02
1.000000000000000021e-03	3.066720369685313474e-02	3.495942937766070152e-02	3.839526008814573427e-02
1.000000000000000021e-03	3.084083855067612165e-02	4.377651559822846178e-02	4.725045086815952977e-02
1.000000000000000021e-03	3.049312707485328858e-02	3.224691592585977873e-02	3.716856022365391116e-02
1.000000000000000021e-03	3.057186846979452130e-02	4.155177768339349265e-02	4.590617390349507193e-02
1.000000000000000021e-03	3.005681427682188253e-02	3.088202765357744156e-02	3.605077727697789808e-02
1.000000000000000021e-03	2.945631262567273423e-02	3.066923287916557828e-02	3.633859609253704825e-02
1.000000000000000021e-03	3.052166933134206964e-02	3.484853421440299581e-02	3.972341488115489760e-02
1.000000000000000021e-03	2.916085620482797292e-02	3.643347556015271577e-02	3.905069394968450208e-02
1.000000000000000021e-03	2.956225320051027172e-02	3.625822481723667973e-02	3.976574451662599763e-02
1.000000000000000021e-03	2.953358297954124245e-02	3.253350529761214749e-02	3.794935331679880758e-02
1.000000000000000021e-03	2.957154489693910801e-02	3.321755318585490474e-02	3.824498229660093507e-02
1.000000000000000021e-03	2.962867879222616865e-02	3.262410102246319360e-02	3.588145854882895947e-02
1.000000000000000021e-03	3.051233789577447245e-02	3.099007575884851415e-02	3.495737481862306456e-02
1.000000000000000021e-03	2.890898108074941089e-02	3.684110123254553948e-02	4.190482529811560830e-02
1.000000000000000021e-03	2.922700461782536813e-02	2.869654256674943754e-02	3.538673487491905689e-02
1.000000000000000021e-03	2.900347510843584789e-02	3.242164845358951053e-02	4.029250773601233959e-02
1.000000000000000021e-03	2.860223131179549447e-02	3.325111159557447155e-02	4.123939485289156159e-02
1.000000000000000021e-03	2.811494346874927885e-02	3.846857498804624048e-02	4.182166527025401453e-02
1.000000000000000021e-03	2.865699307539041479e-02	3.103499066728259911e-02	3.349095056764781614e-02
1.000000000000000021e-03	2.762723856764331271e-02	3.482418780395497848e-02	4.132254077121615132e-02
1.000000000000000021e-03	2.820168607426702320e-02	2.986550090239622340e-02	3.443173519335687022e-02
1.000000000000000021e-03	2.775395599179242972e-02	3.582668742311250626e-02	4.267438403330743590e-02
1.000000000000000021e-03	2.718037938446656032e-02	4.714894784292625318e-02	5.429428350180387497e-02
1.000000000000000021e-03	2.752258710686708923e-02	2.966543080294943568e-02	3.455924461595714231e-02
1.000000000000000021e-03	2.680342480509935801e-02	3.046838691487362138e-02	3.646878162398934503e-02
1.000000000000000021e-03	2.642665881719906060e-02	3.647275231973663018e-02	4.065995928831398626e-02
1.000000000000000021e-03	2.629860029070962488e-02	3.938790634079441383e-02	4.594584670849144459e-02
1.000000000000000021e-03	2.593897363098382827e-02	2.989143375989966253e-02	3.589128381572663506e-02
1.000000000000000021e-03	2.669116024983317695e-02	3.369205264637919334e-02	4.115807996131479879e-02
1.000000000000000021e-03	2.622558293759025272e-02	3.799625841110788882e-02	4.464255701750517030e-02
1.000000000000000021e-03	2.540417769279085941e-02	3.356457462641581485e-02	3.958236831240356107e-02
1.000000000000000021e-03	2.569118316798379292e-02	3.124272385465848983e-02	3.725139307789504528e-02
1.000000000000000021e-03	2.551136809981462139e-02	2.829713443615985632e-02	3.546642311848700185e-02
1.000000000000000021e-03	2.558144743469234483e-02	4.109733052434721284e-02	4.445547820068895817e-02
1.000000000000000021e-03	2.569551213355675268e-02	3.156745667857025622e-02	3.572830413468182365e-02
1.000000000000000021e-03	2.475646142200407102e-02	3.484856249540264211e-02	3.877272815443575521e-02
1.000000000000000021e-03	2.597448910917564413e-02	3.296830220372264780e-02	3.812782140448689461e-02
1.000000000000000021e-03	2.488615589217435184e-02	3.353268031947587852e-02	3.687520483508706370e-02
1.000000000000000021e-03	2.529261053939105622e-02	3.367886179326716467e-02	3.610683339647948603e-02
1.000000000000000021e-03	2.418367101021496809e-02	2.692002738723580160e-02	3.095423439517617364e-02
1.000000000000000021e-03	2.429050908582702090e-02	3.016867686589663061e-02	3.646083935163915019e-02
1.000000000000000021e-03	2.433491804392671348e-02	2.935628845546570109e-02	3.457806585356593132e-02
1.000000000000000021e-03	2.434250312993316984e-02	3.498367319634447525e-02	4.010315700434148589e-02
1.000000000000000021e-03	2.418181035557134470e-02	2.801856618979214203e-02	3.350295429117977619e-02
1.000000000000000021e-03	2.458353614550541286e-02	3.073842180844064617e-02	3.374666469171642980e-02
1.000000000000000021e-03	2.451203103161537708e-02	3.595341109129458756e-02	4.514414160512388030e-02
1.000000000000000021e-03	2.399161434881367377e-02	2.701198966949398123e-02	3.337398492731154243e-02
1.000000000000000021e-03	2.412296950474702301e-02	2.799627272636478342e-02	3.159844088368117532e-02
1.000000000000000021e-03	2.401288325663757800e-02	3.069088080439580021e-02	3.261943436227739135e-02
1.000000000000000021e-03	2.333008052771472218e-02	2.798721932498884554e-02	3.136262828484177867e-02
1.000000000000000021e-03	2.425217058037154594e-02	3.328452266128587717e-02	3.840425196103751382e-02
1.000000000000000021e-03	2.507945476993788531e-02	3.741896804909743829e-02	3.956920099444687089e-02
1.000000000000000021e-03	2.379143418589256889e-02	2.744343588665049821e-02	3.250765898264944276e-02
1.000000000000000021e-03	2.325739865009783872e-02	4.257170321585620337e-02	4.724329179152846059e-02
1.000000000000000021e-03	2.369985454122537638e-02	3.485824927414587354e-02	3.714294116944074492e-02
1.000000000000000021e-03	2.364611083889784152e-02	2.741824461059420501e-02	3.104139477945864339e-02
1.000000000000000021e-03	2.308493856462005833e-02	3.346496832152311834e-02	3.623319589532911916e-02
1.000000000000000021e-03	2.372916659893963345e-02	3.178384570473151427e-02	3.672062554396689216e-02
1.000000000000000021e-03	2.295632702647911610e-02	2.589228531804072322e-02	3.061467679217457633e-02
1.000000000000000021e-03	2.311584300244006948e-02	2.650323993872597678e-02	3.124508615583181451e-02
1.000000000000000021e-03	2.280864903812772002e-02	2.749797119149518729e-02	3.424424682743847093e-02
1.000000000000000021e-03	2.329315523898154230e-02	3.224406562043422020e-02	3.757154666818678102e-02
1.000000000000000021e-03	2.318218746236100011e-02	2.707938295520881042e-02	3.266358640976250310e-02
1.000000000000000021e-03	2.314877829776124454e-02	3.276600628233080487e-02	3.672425155527889867e-02
1.000000000000000021e-03	2.334709632534960611e-02	3.193000764512891193e-02	3.600781327113509317e-02
1.000000000000000021e-03	2.271884572359019611e-02	3.033001621434201767e-02	3.652161336503922939e-02
1.000000000000000021e-03	2.325306400773724871e-02	2.727015095114395868e-02	3.296778546646237512e-02
1.000000000000000021e-03	2.256886902416407881e-02	2.974960400054904239e-02	3.391868919134140292e-02
1.000000000000000021e-03	2.209418325957480944e-02	2.894386457016018613e-02	3.317511421628296236e-02
1.000000000000000021e-03	2.253478202359873381e-02	2.802259555447320083e-02	3.293962008319795132e-02
1.000000000000000021e-03	2.228597995465910614e-02	2.930464375159503448e-02	3.149668797850609103e-02
1.000000000000000021e-03	2.276940882388001769e-02	3.103701277826156901e-02	3.656864007934927663e-02
1.000000000000000021e-03	2.164690248200094522e-02	2.749655236787508852e-02	3.340114690363406996e-02
1.000000000000000021e-03	2.213840738996438601e-02	3.046274777131242895e-02	3.449775171466171880e-02
1.000000000000000021e-03	2.227304957605521357e-02	3.317479804860359871e-02	3.799254600889980654e-02
1.000000000000000021e-03	2.258250373943886113e-02	2.752705509847527474e-02	3.227422977797687192e-02
1.000000000000000021e-03	2.151380274054735808e-02	3.825018354033300066e-02	4.222712777554989139e-02
1.000000000000000021e-03	2.125938512534423369e-02	3.014873093023349993e-02	3.419324019923806329e-02
1.000000000000000021e-03	2.194486922026980813e-02	2.714691407666468617e-02	3.181343462783843556e-02
1.000000000000000021e-03	2.206116641582861471e-02	2.980258375289240522e-02	3.482770184054970880e-02
5.000000000000000104e-04	1.749752752576077403e-02	2.325865107037478063e-02	2.740659369155764441e-02
5.000000000000000104e-04	1.678215648703723639e-02	2.373901153402646971e-02	2.867820623796433349e-02
5.000000000000000104e-04	1.603265272571535727e-02	2.429862494009951690e-02	2.877100775949657102e-02
5.000000000000000104e-04	1.613543635595063308e-02	2.317579341223414621e-02	2.764247395098209242e-02
5.000000000000000104e-04	1.596609233494429916e-02	2.358765676325060359e-02	2.703089122660458019e-02
5.000000000000000104e-04	1.575060480086261719e-02	2.945596352219581604e-02	3.294444689527153969e-02
5.000000000000000104e-04	1.579156835954105553e-02	2.432555838424653796e-02	2.937651923857629438e-02
5.000000000000000104e-04	1.594179352705321975e-02	2.570002182284418860e-02	3.002546411007642885e-02
5.000000000000000104e-04	1.546053400337956199e-02	2.487620669880306543e-02	2.908723945729434560e-02
5.000000000000000104e-04	1.554202427031117946e-02	2.302300521899112301e-02	2.814877997152507444e-02
5.000000000000000104e-04	1.540734465307122200e-02	2.598304978781501573e-02	3.022747472859919210e-02
5.000000000000000104e-04	1.518467415141514995e-02	2.446536239997254558e-02	2.910529447253793617e-02
5.000000000000000104e-04	1.549456123514030524e-02	2.617202320804146512e-02	3.083326565101742606e-02
5.000000000000000104e-04	1.515728104512850324e-02	2.337523803348940873e-02	2.728664232417941232e-02
5.000000000000000104e-04	1.494805056085986641e-02	2.400027824985107375e-02	2.773765800520777702e-02
5.000000000000000104e-04	1.496612819192314446e-02	2.291503356018771698e-02	2.695724160876124958e-02
5.000000000000000104e-04	1.487946402554580702e-02	2.416741725603479413e-02	2.911046494264155765e-02
5.000000000000000104e-04	1.491382686283662662e-02	2.376328608635520576e-02	2.804073134902864556e-02
5.000000000000000104e-04	1.481635161903602921e-02	2.570054060365049159e-02	3.037736779078841279e-02
5.000000000000000104e-04	1.490603843969338926e-02	2.474125157261550245e-02	2.944541361648589373e-02
5.000000000000000104e-04	1.493937552295985030e-02	2.393074300510721064e-02	2.913856923114508529e-02
5.000000000000000104e-04	1.480984014533178426e-02	2.262820632572417473e-02	2.736960959155112366e-02
5.000000000000000104e-04	1.493035992114453113e-02	2.516485202121328951e-02	8.545578194316476306e-02
5.000000000000000104e-04	1.479553532152241141e-02	2.223797831976912984e-02	2.661477201618254324e-02
5.000000000000000104e-04	1.462986755632882628e-02	2.348646470369936817e-02	2.768381740897894044e-02
5.000000000000000104e-04	1.489480486363952728e-02	2.411838740363951225e-02	2.861087892670184304e-02
5.000000000000000104e-04	1.459701858577928078e-02	2.269293285457719619e-02	2.771139887627214332e-02
5.000000000000000104e-04	1.451022848985339397e-02	2.633695303418561590e-02	3.218245496973395209e-02
5.000000000000000104e-04	1.442381103944039879e-02	2.407767741175378257e-02	2.849625118542462726e-02
5.000000000000000104e-04	1.453171395536874064e-02	2.418658185594212834e-02	2.881194769870489697e-02
5.000000000000000104e-04	1.445779889397249413e-02	2.452429510770043689e-02	2.850314800161868334e-02
5.000000000000000104e-04	1.427587017432123927e-02	2.212127079182738335e-02	2.688004178926348825e-02
5.000000000000000104e-04	1.423859885509638941e-02	2.276635178759772032e-02	2.772734842728823493e-02
5.000000000000000104e-04	1.427470031180844319e-02	2.244093475365982124e-02	2.711871329229325125e-02
5.000000000000000104e-04	1.431271134766816736e-02	2.382118986305141808e-02	2.779431317467242341e-02
5.000000000000000104e-04	1.410639490997239905e-02	2.478886932056611689e-02	2.937001925893127988e-02
5.000000000000000104e-04	1.433942344260725511e-02	2.286316750385842395e-02	2.733854507096111774e-02
5.000000000000000104e-04	1.463938742787200716e-02	2.332532833481490431e-02	2.846184344962239196e-02
5.000000000000000104e-04	1.414297798181460807e-02	2.523416377291941640e-02	3.098893435671925406e-02
5.000000000000000104e-04	1.416060709572760680e-02	2.430270944785385343e-02	2.942562247626483510e-02
5.000000000000000104e-04	1.414338805847663132e-02	2.316744667014682471e-02	2.774982328992336988e-02
5.000000000000000104e-04	1.430937366634867439e-02	2.296203122284087850e-02	2.787985769100487232e-02
5.000000000000000104e-04	1.426980675942003847e-02	2.210613223114562750e-02	2.629695122595876455e-02
5.000000000000000104e-04	1.386866717122022669e-02	2.248766227425393061e-02	2.646878228988498380e-02
5.000000000000000104e-04	1.389804152352491599e-02	2.356974268088321903e-02	2.840694328770041605e-02
5.000000000000000104e-04	1.424736102393905739e-02	2.276961343041109323e-02	2.691807202063500881e-02
5.000000000000000104e-04	1.387582748419691377e-02	2.306935305253685412e-02	2.704834905453026156e-02
5.000000000000000104e-04	1.400184638499173476e-02	2.505722452754749821e-02	2.946137813851237158e-02
5.000000000000000104e-04	1.399627758635380373e-02	2.262851147283434158e-02	2.658291175030171732e-02
5.000000000000000104e-04	1.417396927968647170e-02	2.355208272767784702e-02	2.873766878619789938e-02
5.000000000000000104e-04	1.378960991001982120e-02	2.359062152870818746e-02	2.750253882259130409e-02
5.000000000000000104e-04	1.371725189644212688e-02	2.208518649388046054e-02	2.669166815467178752e-02
5.000000000000000104e-04	1.380127764167724674e-02	2.236247191898017503e-02	2.667083996348083158e-02
5.000000000000000104e-04	1.385762777998653453e-02	2.212358849288905555e-02	2.667869697324931622e-02
5.000000000000000104e-04	1.357938025207402338e-02	2.489896394136844465e-02	2.960292112547904114e-02
5.000000000000000104e-04	1.368748192600104108e-02	2.355706818031234884e-02	2.807378624565899303e-02
5.000000000000000104e-04	1.370652291464330604e-02	2.521737892161177164e-02	2.973118515219539543e-02
5.000000000000000104e-04	1.358531771954788261e-02	2.223404039048555714e-02	2.680110607761889557e-02
5.000000000000000104e-04	1.395969611737246478e-02	2.192273286429687398e-02	2.553449640981853008e-02
5.000000000000000104e-04	1.365778621106282335e-02	2.607189988746692888e-02	3.146233777515590468e-02
5.000000000000000104e-04	1.360220797934231889e-02	2.252240409265169815e-02	2.749370825476944377e-02
5.000000000000000104e-04	1.359113024568283853e-02	2.635859375263695931e-02	3.089213750790804555e-02
5.000000000000000104e-04	1.360775909531230891e-02	2.283701726298837872e-02	2.780473977327346802e-02
5.000000000000000104e-04	1.366942765168442653e-02	2.256279620610138550e-02	2.781835587229579757e-02
5.000000000000000104e-04	1.343295544980786273e-02	2.241720372313604423e-02	2.644973131828010082e-02
5.000000000000000104e-04	1.341296995352301430e-02	2.368612735683381376e-02	2.908410767558962037e-02
5.000000000000000104e-04	1.348621341648526158e-02	2.305930074674920893e-02	2.819636266212910414e-02
5.000000000000000104e-04	1.353035125786079991e-02	2.804865271672216456e-02	3.218528842553496083e-02
5.000000000000000104e-04	1.326357410709227969e-02	2.286551538757316746e-02	2.787497241515666385e-02
5.000000000000000104e-04	1.339033766557018792e-02	2.202904873395933674e-02	2.813003864139318466e-02
5.000000000000000104e-04	1.329387595888970562e-02	2.261162198670403634e-02	2.700745740439742734e-02
5.000000000000000104e-04	1.328155559711396635e-02	2.302114576764443740e-02	2.728265761397779057e-02
5.000000000000000104e-04	1.328749594469882424e-02	2.317912202250426920e-02	5.364572412800043544e-02
5.000000000000000104e-04	1.335900020149036367e-02	2.510488773964306489e-02	2.934103035368025233e-02
5.000000000000000104e-04	1.317105436813543508e-02	2.308127239190470997e-02	2.755854451097548147e-02
5.000000000000000104e-04	1.320915861914520595e-02	2.329258158003316356e-02	2.783290441147983144e-02
5.000000000000000104e-04	1.339160317366529934e-02	2.263182841963012892e-02	2.597470567561686178e-02
5.000000000000000104e-04	1.315923799842448616e-02	2.255344158282298825e-02	2.644265941344201704e-02
5.000000000000000104e-04	1.319809928168003653e-02	2.280668277020385729e-02	2.688074896577745745e-02
5.000000000000000104e-04	1.321476871589845510e-02	2.218956111184277463e-02	2.689157212153077056e-02
2.500000000000000052e-04	1.109926533788321325e-02	2.099289990356923569e-02	2.497567671816796134e-02
2.500000000000000052e-04	1.077941105332076016e-02	2.198707497147209255e-02	2.586232861503958563e-02
2.500000000000000052e-04	1.070889906005293574e-02	2.113755850404188882e-02	2.495722975581884245e-02
2.500000000000000052e-04	1.059982195033877701e-02	2.038147783209203964e-02	2.521986917126923730e-02
2.500000000000000052e-04	1.071545126625250526e-02	2.093962042138994631e-02	2.472988022491335799e-02
2.500000000000000052e-04	1.067356401951490529e-02	2.169892530771294278e-02	2.556024515070021152e-02
2.500000000000000052e-04	1.057970476943030820e-02	2.236243951773144237e-02	2.667515499051660230e-02
2.500000000000000052e-04	1.027357537237631561e-02	2.040430923426494667e-02	2.459288842510432005e-02
2.500000000000000052e-04	1.051996210795881972e-02	2.332575525600872821e-02	2.766097674611955881e-02
2.500000000000000052e-04	1.047337704043945980e-02	2.072519104908274179e-02	2.711459195706993411e-02
2.500000000000000052e-04	1.049675875348258375e-02	2.304587973993642291e-02	2.682918303180486033e-02
2.500000000000000052e-04	1.032906435153741267e-02	2.285510707276029729e-02	2.703187391161918779e-02
2.500000000000000052e-04	1.025105469956031842e-02	2.130342670838246064e-02	2.558887477498501470e-02
2.500000000000000052e-04	1.039933717342060061e-02	2.138300682783750989e-02	2.549863874446600676e-02
2.500000000000000052e-04	1.016083319057613406e-02	2.100294478803248904e-02	2.496778708882629871e-02
2.500000000000000052e-04	1.044569974180057335e-02	2.303330923055166984e-02	2.732927701435983181e-02
2.500000000000000052e-04	1.034348834833697002e-02	2.221253025711206891e-02	2.680596779100596905e-02
2.500000000000000052e-04	1.026945577315669690e-02	2.096234026477130849e-02	2.509007048793137143e-02
2.500000000000000052e-04	1.027483712998828423e-02	2.123901050986419861e-02	2.532834708690643449e-02
2.500000000000000052e-04	1.022534021905094001e-02	2.051436171150176208e-02	2.471330882981419633e-02
2.500000000000000052e-04	1.039108841091073744e-02	2.040162904392830295e-02	2.478070312645286322e-02
2.500000000000000052e-04	1.005136829851289472e-02	2.063322711872492624e-02	2.521194145083427429e-02
2.500000000000000052e-04	1.006797522630427724e-02	2.306182648381949890e-02	2.737409027758985758e-02
2.500000000000000052e-04	1.029763099807355295e-02	2.180773967204137700e-02	2.561693799216300388e-02
2.500000000000000052e-04	1.021219337594203927e-02	2.084358262766093997e-02	2.495659443084150692e-02
1.250000000000000026e-04	9.117866381125144110e-03	2.066122754160022376e-02	2.467398117296397755e-02
1.250000000000000026e-04	8.963727409051490055e-03	2.052602409848367990e-02	2.475203308276831965e-02
1.250000000000000026e-04	8.929822195176123981e-03	2.020887528297476629e-02	2.425956130027771135e-02
1.250000000000000026e-04	8.932731280654859773e-03	1.999250574144705375e-02	2.426749037113040686e-02
1.250000000000000026e-04	8.979028631803546989e-03	2.047842709805952968e-02	2.479936096351593663e-02
1.250000000000000026e-04	8.810023365974634438e-03	1.997486472675937680e-02	2.416486907750368257e-02
1.250000000000000026e-04	8.755427687155292391e-03	2.055888164651955771e-02	2.483719587326049805e-02
1.250000000000000026e-04	8.872934996620158651e-03	2.050590213310187968e-02	2.498504843097180267e-02
1.250000000000000026e-04	8.782689236949667994e-03	2.010811300197352935e-02	2.455612481571733952e-02
1.250000000000000026e-04	8.679044620394532963e-03	2.014614477344052468e-02	2.504963199608028004e-02
1.250000000000000026e-04	8.778269499932579711e-03	1.987552835913228635e-02	2.415494681335985522e-02
1.250000000000000026e-04	8.698755013526196511e-03	2.006657087092936220e-02	2.490210554096847911e-02
1.250000000000000026e-04	8.745477106823103947e-03	2.119888561285291143e-02	2.620308527257293393e-02
1.250000000000000026e-04	8.811945662361857917e-03	1.992660940317583437e-02	2.408522621262818714e-02
1.250000000000000026e-04	8.661956098873369730e-03	2.014010441026294410e-02	2.486706539057195048e-02
1.250000000000000026e-04	8.648123572363261569e-03	2.016199168051880861e-02	2.427831422537565093e-02
1.250000000000000026e-04	8.598920951503663535e-03	2.005750078863966640e-02	2.424248745664954116e-02
1.250000000000000026e-04	8.677687782278460660e-03	2.000913659783557993e-02	2.416797420009970596e-02
1.250000000000000026e-04	8.637340580356492326e-03	2.011106203734406780e-02	2.409207418095320533e-02
1.250000000000000026e-04	8.689138272786951778e-03	2.016756087736621544e-02	2.435933281667530467e-02
1.250000000000000026e-04	8.579710869030802989e-03	1.997228838620385485e-02	2.435100076254457374e-02
1.250000000000000026e-04	8.615013420009696651e-03	2.001916864857623823e-02	2.473988858982920785e-02
1.250000000000000026e-04	8.664283548211413818e-03	1.994469767212087713e-02	2.464649949688464334e-02
1.250000000000000026e-04	8.627228448064504576e-03	2.045049331594668215e-02	2.495309945661574463e-02
1.250000000000000026e-04	8.634593558008498218e-03	2.055541930612937371e-02	2.475285925902426243e-02
1.250000000000000026e-04	8.610617148908263421e-03	2.095160678672696938e-02	2.525746561586856773e-02
1.250000000000000026e-04	8.578999824291003856e-03	1.994681913717722896e-02	2.435607016086578300e-02
1.250000000000000026e-04	8.616027703704860069e-03	2.006361597456545257e-02	2.442153913434595008e-02
1.250000000000000026e-04	8.606797964065625306e-03	2.008424595934558271e-02	2.459491817280650208e-02
1.250000000000000026e-04	8.582719233550169594e-03	2.010409307729511472e-02	2.463284428231417994e-02
1.250000000000000026e-04	8.520799636442068226e-03	2.102290698527041479e-02	2.541420082561671873e-02
1.250000000000000026e-04	8.487572388288983083e-03	2.004591517969575923e-02	2.428946690633893013e-02
6.250000000000000130e-05	8.050758068175111262e-03	2.045450682376379753e-02	2.495812096167355706e-02
6.250000000000000130e-05	7.960261645661303662e-03	1.973112151806891146e-02	2.403166673611849616e-02
6.250000000000000130e-05	7.903082522175178606e-03	2.030803820518142788e-02	2.530548237264156411e-02
6.250000000000000130e-05	7.859292635699564530e-03	2.052374346015965051e-02	2.474962493870407412e-02
6.250000000000000130e-05	7.878834250588414093e-03	2.061719873539752390e-02	2.506523476913571219e-02
6.250000000000000130e-05	7.962508971459942089e-03	2.101527309503542842e-02	2.546211911831051250e-02
6.250000000000000130e-05	7.943633535834611348e-03	2.005658152937421154e-02	2.435353228356689284e-02
6.250000000000000130e-05	7.875055369962745064e-03	1.991162387195838032e-02	2.445568307302892208e-02
6.250000000000000130e-05	7.855704509332957566e-03	1.997491986008058731e-02	2.438454048242420097e-02
6.250000000000000130e-05	7.869162480279136632e-03	1.981092903138923292e-02	2.444465768057852914e-02
6.250000000000000130e-05	7.831892924553402607e-03	1.974094652263594027e-02	2.405040282756090025e-02
6.250000000000000130e-05	7.859056483392905246e-03	2.012627661052642652e-02	2.431546251755207708e-02
6.250000000000000130e-05	7.871940290992033434e-03	1.985882744875721792e-02	2.454005128238350222e-02
6.250000000000000130e-05	7.810341593023300763e-03	1.962039363204808734e-02	2.441135933622717857e-02
6.250000000000000130e-05	7.796593832579148953e-03	2.006671458716792131e-02	2.460526772774756024e-02
6.250000000000000130e-05	7.787103303385775784e-03	1.989859270409763750e-02	2.444838690571487019e-02
6.250000000000000130e-05	7.862570805560718107e-03	2.043356005765536651e-02	2.483780798502266407e-02
6.250000000000000130e-05	7.803969985928436125e-03	1.998854713290149770e-02	2.460054187104105880e-02
6.250000000000000130e-05	7.783896615647468986e-03	2.023195121827393861e-02	2.502290864940732648e-02
6.250000000000000130e-05	7.805521675526940102e-03	2.014042166944261456e-02	2.459923941642045905e-02
6.250000000000000130e-05	7.830905565778535984e-03	2.001688026223351347e-02	2.463258551433682511e-02
6.250000000000000130e-05	7.742182134394384740e-03	1.987520628243060611e-02	2.444848075974732568e-02
6.250000000000000130e-05	7.826380156156123591e-03	2.001460027242206105e-02	2.492221016436815123e-02
6.250000000000000130e-05	7.773658090041882067e-03	1.976635583544745015e-02	2.408098613377660652e-02
6.250000000000000130e-05	7.738663753740588833e-03	1.985512953251600266e-02	2.419596735853701830e-02
6.250000000000000130e-05	7.756434991596014052e-03	1.998308833434943657e-02	2.438033788930624862e-02
6.250000000000000130e-05	7.734153640509050867e-03	1.997040437914782141e-02	2.458755006082356115e-02
6.250000000000000130e-05	7.797940718708966205e-03	2.014832085008240459e-02	2.473723574075847864e-02
6.250000000000000130e-05	7.790996118786204516e-03	1.969068577386321947e-02	2.450142400339245727e-02
6.250000000000000130e-05	7.744676802727789439e-03	1.976539564674905519e-02	2.407926463056355576e-02
6.250000000000000130e-05	7.769683103167591108e-03	1.994995395921131745e-02	2.540365282911807160e-02
6.250000000000000130e-05	7.707506040064590787e-03	1.990702874100333183e-02	2.445325870066881319e-02
6.250000000000000130e-05	7.751116862573670212e-03	1.999329961348734683e-02	2.451029177755117278e-02
6.250000000000000130e-05	7.762059774152271774e-03	1.954499610177977409e-02	2.425154352094978025e-02
6.250000000000000130e-05	7.777114669939176952e-03	2.001374031061121245e-02	2.439800270367413829e-02
6.250000000000000130e-05	7.731543504429841222e-03	1.952571181960754965e-02	2.393889398081228137e-02
6.250000000000000130e-05	7.741987836883641901e-03	1.970423013459481412e-02	2.403569829184561829e-02
6.250000000000000130e-05	7.719152083933578795e-03	1.974570270413191636e-02	2.415057173930108478e-02
6.250000000000000130e-05	7.805675678031000035e-03	1.978431279766153933e-02	2.435599507298320462e-02
6.250000000000000130e-05	7.714684109391515242e-03	2.004392927814840561e-02	2.440120989922434092e-02
6.250000000000000130e-05	7.681486802256907997e-03	1.980080268301889074e-02	2.425983876455575089e-02
6.250000000000000130e-05	7.642889274538881145e-03	1.957840154542348637e-02	2.432906704489141633e-02
6.250000000000000130e-05	7.764498111827124703e-03	1.971503754307306344e-02	2.433319278061389992e-02
6.250000000000000130e-05	7.693982702355404990e-03	1.967161671497434997e-02	2.426042640581727028e-02
6.250000000000000130e-05	7.724587711840954878e-03	2.003648089176697164e-02	2.455644537694752147e-02
6.250000000000000130e-05	7.756304294640256093e-03	1.952724512763984524e-02	2.466520590241998503e-02
6.250000000000000130e-05	7.668313036123946234e-03	1.995018635101187404e-02	2.443506750278174808e-02
6.250000000000000130e-05	7.657083559189687035e-03	2.017377879646124056e-02	8.212735366541892845e-02
6.250000000000000130e-05	7.693318458606660665e-03	1.964318873214471878e-02	2.410831179004162619e-02
6.250000000000000130e-05	7.640523748518926288e-03	1.971620832769814535e-02	2.429673729930072884e-02
6.250000000000000130e-05	7.664622976257746793e-03	2.007633942076985159e-02	2.461512261070310931e-02
6.250000000000000130e-05	7.642537881492909510e-03	1.987149886767433649e-02	2.448957702144980569e-02
6.250000000000000130e-05	7.719156671740188234e-03	1.966224332383945811e-02	2.436890080571174622e-02
6.250000000000000130e-05	7.710782998231190642e-03	2.011952469252166822e-02	2.439789704512804885e-02
6.250000000000000130e-05	7.603132419793099013e-03	2.016157779296499225e-02	2.465851677116006474e-02
6.250000000000000130e-05	7.654290280341148091e-03	1.992409460305075500e-02	2.422291669063270092e-02
6.250000000000000130e-05	7.646853458829800873e-03	1.968250071132526466e-02	2.403855491429567406e-02
3.125000000000000065e-05	7.366419184157638710e-03	1.987069051868784603e-02	2.471625537145882845e-02
3.125000000000000065e-05	7.299515525439300052e-03	1.953950232743280682e-02	2.398230447433889051e-02
3.125000000000000065e-05	7.264192161649257393e-03	1.953791757723736047e-02	2.401873557828366687e-02
3.125000000000000065e-05	7.329347688615876939e-03	1.963264753076574692e-02	2.391999266110360692e-02
3.125000000000000065e-05	7.251931865574437301e-03	1.937364440664883156e-02	2.373541779816150735e-02
3.125000000000000065e-05	7.296367660554916104e-03	1.985721529524831983e-02	2.435681924689560990e-02
3.125000000000000065e-05	7.289750486343596694e-03	1.957646373620364200e-02	2.408760068938136170e-02
3.125000000000000065e-05	7.293479427437386114e-03	1.996898265428724215e-02	2.423375118523836066e-02
3.125000000000000065e-05	7.252076184003244594e-03	1.976912895324810585e-02	2.417999161407351563e-02
3.125000000000000065e-05	7.325315330320576225e-03	1.986306222126434096e-02	2.433703566202893853e-02
3.125000000000000065e-05	7.242881220512399632e-03	1.969644986093044281e-02	2.395766736008226802e-02
3.125000000000000065e-05	7.241942611517012719e-03	1.943702762215081259e-02	2.448675155173987011e-02
3.125000000000000065e-05	7.279921834773712790e-03	1.952417304554066729e-02	2.397636906243860722e-02
3.125000000000000065e-05	7.273915725737948625e-03	1.981470666591721511e-02	2.446189478505402665e-02
3.125000000000000065e-05	7.303929331031405216e-03	1.948950370939458304e-02	2.375945069361478160e-02
3.125000000000000065e-05	7.291206949156962824e-03	1.951079222212755149e-02	2.401529427152127028e-02
3.125000000000000065e-05	7.237908903101959029e-03	1.992077469406405496e-02	2.489284966140985558e-02
3.125000000000000065e-05	7.205354626799232928e-03	2.036826844517317103e-02	2.466493735555559327e-02
3.125000000000000065e-05	7.229082781817154808e-03	1.955282806140902149e-02	2.386968280188739300e-02
3.125000000000000065e-05	7.299270595728900302e-03	1.977471237348792446e-02	2.446519499644637247e-02
3.125000000000000065e-05	7.212121988830350224e-03	1.965973301454208150e-02	2.408088340889662574e-02
3.125000000000000065e-05	7.245277819874381547e-03	1.956855141952711791e-02	2.394352711271494766e-02
3.125000000000000065e-05	7.224073738928119340e-03	1.989361913435902171e-02	2.422518790699541499e-02
3.125000000000000065e-05	7.201761357299875550e-03	1.977630894806684664e-02	2.396315184887498617e-02
3.125000000000000065e-05	7.309485151291049247e-03	1.993000347420807380e-02	2.432697711046784977e-02
3.125000000000000065e-05	7.300795988602874591e-03	1.955598201212614684e-02	2.446669142227619886e-02
1.562500000000000033e-05	7.079821904290114175e-03	1.976567620889366564e-02	2.398071910720318486e-02
1.562500000000000033e-05	7.082037784000983285e-03	1.957916621001759214e-02	2.415198453236371348e-02
1.562500000000000033e-05	7.106667668940613511e-03	1.964130799690778223e-02	2.399963240604847600e-02
1.562500000000000033e-05	7.100381242374631009e-03	1.959089846082070693e-02	2.428781413473189016e-02
1.562500000000000033e-05	7.067647503625000896e-03	1.964594514465144853e-02	2.389938433188944916e-02
1.562500000000000033e-05	7.060738082665250076e-03	1.978951400019111559e-02	2.396185747347772191e-02
1.562500000000000033e-05	7.068007293473138435e-03	1.964929424889424667e-02	2.397771733812987735e-02
1.562500000000000033e-05	7.067218550750167805e-03	1.955845381050365719e-02	2.373752265702933073e-02
1.562500000000000033e-05	7.060897334491256748e-03	1.965377646064414910e-02	2.401697894092649083e-02
1.562500000000000033e-05	7.048698534691677162e-03	1.958808281912385527e-02	8.105115946382283887e-02
1.562500000000000033e-05	7.093935079629890353e-03	1.956060973449527327e-02	2.388367040548473527e-02
1.562500000000000033e-05	7.055020757039023871e-03	1.953843854250708265e-02	2.384323165751993726e-02
1.562500000000000033e-05	7.067972513803168905e-03	1.989589469185518503e-02	2.417014713864773512e-02
1.562500000000000033e-05	7.014876930720328682e-03	1.955685019980706388e-02	2.438854903448373079e-02
1.562500000000000033e-05	7.061915057416032204e-03	1.961041082925509341e-02	2.456082003191113403e-02
1.562500000000000033e-05	7.013789994112276313e-03	1.948892471931523707e-02	2.492081695236265590e-02
1.562500000000000033e-05	7.013047106971464356e-03	1.953704832170490360e-02	2.375410196837037663e-02
1.562500000000000033e-05	7.066266432701414496e-03	1.999389095456188120e-02	2.433206243440508981e-02
1.562500000000000033e-05	7.058764141488553870e-03	1.948066830088954898e-02	2.376667417120188405e-02
1.562500000000000033e-05	7.058199647588653952e-03	1.958683105819512479e-02	2.393818923737853904e-02
1.562500000000000033e-05	7.046463940218914215e-03	1.989752988462672664e-02	2.420682800002395968e-02
7.812500000000000163e-06	6.915173232999650109e-03	1.944356336604550345e-02	2.427392343524843385e-02
7.812500000000000163e-06	6.955186443900718621e-03	1.972941420874826587e-02	2.439131028950214386e-02
7.812500000000000163e-06	7.009189600019849649e-03	1.966922096322968466e-02	2.409739147406071355e-02
7.812500000000000163e-06	6.962773793470710369e-03	1.963149163754978818e-02	2.391924485564232011e-02
7.812500000000000163e-06	6.973304049235970817e-03	1.963999272563070678e-02	2.396957101300358633e-02
7.812500000000000163e-06	7.007671317216734690e-03	1.942410852018919276e-02	7.711012631189077815e-02
7.812500000000000163e-06	6.947593400476976405e-03	1.955954065419616625e-02	2.386960575822740654e-02
7.812500000000000163e-06	6.900643504269685612e-03	1.974027742831650778e-02	2.446225131861865659e-02
7.812500000000000163e-06	6.964270912929979712e-03	1.959957452539686298e-02	2.385845549870282273e-02
7.812500000000000163e-06	6.950726129879623502e-03	1.960196537672693334e-02	2.397081397939473252e-02
7.812500000000000163e-06	7.002424753616158341e-03	1.939746874009127403e-02	2.367002828978002210e-02
7.812500000000000163e-06	6.951688991457553347e-03	1.950699562957773636e-02	2.377532599493861060e-02
7.812500000000000163e-06	6.962903769586047120e-03	1.974223680423660421e-02	2.420539567247033050e-02
7.812500000000000163e-06	6.971976224608273341e-03	1.959624404760555369e-02	2.381784062599763205e-02
7.812500000000000163e-06	6.909138553381971755e-03	1.975958200942003196e-02	2.428970576729625602e-02
7.812500000000000163e-06	6.955534409636273015e-03	1.961615245243173572e-02	2.385448159184306791e-02
7.812500000000000163e-06	6.967623538211412983e-03	1.940223072894424819e-02	2.437743028858676414e-02
7.812500000000000163e-06	6.947172444569485114e-03	1.956604234386645144e-02	2.397190532647073408e-02
7.812500000000000163e-06	6.926182170960360797e-03	1.947875515708982763e-02	2.426996936555951903e-02
7.812500000000000163e-06	6.974074115121759593e-03	1.952821529270466760e-02	2.384173024911433528e-02
7.812500000000000163e-06	6.936066209269798818e-03	1.964548261865427248e-02	2.388033443130552907e-02
3.906250000000000081e-06	6.915007752039670046e-03	2.012792063867234471e-02	2.453209205996245007e-02
3.906250000000000081e-06	6.882474942749378100e-03	1.966338930407743671e-02	2.395201176404953072e-02
3.906250000000000081e-06	6.916571961127442221e-03	1.989271164096462902e-02	2.418786331545561691e-02
3.906250000000000081e-06	6.858016938564907850e-03	1.946699753871762931e-02	2.405991218984127045e-02
3.906250000000000081e-06	6.909643849244188896e-03	1.948082217878384023e-02	2.387828635983169079e-02
3.906250000000000081e-06	6.863611348573640802e-03	1.960255287061030832e-02	2.388679550494998693e-02
3.906250000000000081e-06	6.884203767030130580e-03	1.945823541213392502e-02	2.368175527080893655e-02
3.906250000000000081e-06	6.887032469997855268e-03	1.952073913243116549e-02	2.380941489245742490e-02
3.906250000000000081e-06	6.896997093038288208e-03	1.943906601420871891e-02	2.391685373149812083e-02
3.906250000000000081e-06	6.895838979601322423e-03	1.940167212068878710e-02	2.387029742822050979e-02
3.906250000000000081e-06	6.893165762264795264e-03	1.958974341115870405e-02	2.396039408631622791e-02
3.906250000000000081e-06	6.932471536962426725e-03	1.941474093153526537e-02	2.389577247668057611e-02
3.906250000000000081e-06	6.938664563901727166e-03	1.948101375086223191e-02	2.387804279569536586e-02
3.906250000000000081e-06	6.879387312872663370e-03	1.949420475756934862e-02	2.386553999967873027e-02
3.906250000000000081e-06	6.856502422633829405e-03	1.948044424710785455e-02	2.373889968730509212e-02
3.906250000000000081e-06	6.870256280965362020e-03	1.935160639866484455e-02	2.421225807629525523e-02
3.906250000000000081e-06	6.909288321321027486e-03	2.021039708844186295e-02	2.505572673399001499e-02
3.906250000000000081e-06	6.865487676688132590e-03	1.972336659978353446e-02	2.418159698136150906e-02
3.906250000000000081e-06	6.860551779191461676e-03	1.957353313224322044e-02	2.396582544315606356e-02
3.906250000000000081e-06	6.887971675494786519e-03	1.941062192096135869e-02	2.417728540021926026e-02
3.906250000000000081e-06	6.885165884200138836e-03	1.954054131772349490e-02	2.397080764640122791e-02
3.906250000000000081e-06	6.901738208671463065e-03	1.951140801651471413e-02	2.380271446891129086e-02
3.906250000000000081e-06	6.890834699514353755e-03	1.969802630723926917e-02	2.403752382379025290e-02
3.906250000000000081e-06	6.850670754135851533e-03	1.978286741915797828e-02	2.426301706582307746e-02
3.906250000000000081e-06	6.936871530916140748e-03	2.142387447166817227e-02	2.550638242391869287e-02
3.906250000000000081e-06	6.851489808997697495e-03	1.967034404561001509e-02	2.394845711532980065e-02
3.906250000000000081e-06	6.920454498659981725e-03	1.980844001085814432e-02	2.419497077353298733e-02
3.906250000000000081e-06	6.882818058726918042e-03	1.955110367133979302e-02	2.646607817150652478e-02
3.906250000000000081e-06	6.898563814367351249e-03	1.974087137319342766e-02	2.438274719752371242e-02
3.906250000000000081e-06	6.884171025542549539e-03	1.948337260809244326e-02	2.383155878633260588e-02
3.906250000000000081e-06	6.817550397867584711e-03	1.949289162930939803e-02	2.419581352733075549e-02
3.906250000000000081e-06	6.881239525204466655e-03	1.950165322196733414e-02	2.388476249761879375e-02
3.906250000000000081e-06	6.890538206823503507e-03	1.961041879669533916e-02	2.396472583059221576e-02
3.906250000000000081e-06	6.850133489502064320e-03	1.949670007306087555e-02	2.451561745256185601e-02
3.906250000000000081e-06	6.851758109541082262e-03	1.971886134877098851e-02	2.404253687709569792e-02
3.906250000000000081e-06	6.906566865917744026e-03	1.941076953315142017e-02	2.376790647394955158e-02
3.906250000000000081e-06	6.903163536108809610e-03	1.946665244225744343e-02	2.396062335465103457e-02
1.953125000000000041e-06	6.853633346778317467e-03	1.945108682385289847e-02	2.397222500294447084e-02
1.953125000000000041e-06	6.843563353175805865e-03	1.968368022892799662e-02	2.464155824854969909e-02
1.953125000000000041e-06	6.846499512564778629e-03	1.961712991204405190e-02	2.415263205766677787e-02
1.953125000000000041e-06	6.871708387583753963e-03	1.943008196710838131e-02	2.385189258493482928e-02
1.953125000000000041e-06	6.874309007810898084e-03	1.961792477391933326e-02	2.400284879840910296e-02
1.953125000000000041e-06	6.849475017894512095e-03	2.039288881073915427e-02	2.472846703603863786e-02
1.953125000000000041e-06	6.825540177123171764e-03	1.961732891276088755e-02	2.467709232587367296e-02
1.953125000000000041e-06	6.853533197636431720e-03	1.968067060882976518e-02	2.384854115080088308e-02
1.953125000000000041e-06	6.884364580541606563e-03	1.956621630614652566e-02	2.384075456066057225e-02
1.953125000000000041e-06	6.831238480120108494e-03	1.952690361018892193e-02	2.409232198260724545e-02
1.953125000000000041e-06	6.885014178850072837e-03	1.948018548083711027e-02	2.387006056960672140e-02
1.953125000000000041e-06	6.847733219163389638e-03	1.964137012246235450e-02	2.413310161791741917e-02
1.953125000000000041e-06	6.862944178933352672e-03	1.963298854598512222e-02	2.401562673039734502e-02
1.953125000000000041e-06	6.916801068918815298e-03	2.021869758134269002e-02	2.497472323011606932e-02
1.953125000000000041e-06	6.889701307030126828e-03	1.984263147125069418e-02	2.411488587968051503e-02
1.953125000000000041e-06	6.799545792056602318e-03	1.980248309125762912e-02	2.422941871918737888e-02
1.953125000000000041e-06	6.896490505026948992e-03	1.969803983335875752e-02	2.407792417798191448e-02
1.953125000000000041e-06	6.812115358064138766e-03	1.964890857895163281e-02	2.404127875342965126e-02
1.953125000000000041e-06	6.861946531184074001e-03	1.960661009695205403e-02	2.378762168809771607e-02
1.953125000000000041e-06	6.927957543491051855e-03	1.993688017968575990e-02	2.429365211864933233e-02
1.953125000000000041e-06	6.842846369155188707e-03	1.948837066527592601e-02	2.399702346883714199e-02
9.765625000000000203e-07	6.821854302519850775e-03	1.966413928205586192e-02	2.410005077254027267e-02
9.765625000000000203e-07	6.821924003535678738e-03	1.951876164691922558e-02	2.398389384616166423e-02
9.765625000000000203e-07	6.888489060129898700e-03	1.943998481512693860e-02	2.441360545344650745e-02
9.765625000000000203e-07	6.818439909530594860e-03	1.957227195081598370e-02	2.380559397861361365e-02
9.765625000000000203e-07	6.879654277382616680e-03	1.979579073888937044e-02	2.442449978552758624e-02
9.765625000000000203e-07	6.826755387026983701e-03	1.989357507451198354e-02	2.411548995878547499e-02
9.765625000000000203e-07	6.873657375654295895e-03	1.953589003435604252e-02	2.402285395655780892e-02
9.765625000000000203e-07	6.860811522565326594e-03	1.965727887959926520e-02	2.399655727203935454e-02
9.765625000000000203e-07	6.849209693492915203e-03	1.947974155691125503e-02	2.423582973424345116e-02
9.765625000000000203e-07	6.817231866584710226e-03	1.953691860943720590e-02	2.390478872694075038e-02
9.765625000000000203e-07	6.841732660680142214e-03	1.959616219849174418e-02	2.430274265352636714e-02
