1.000000000000000021e-03	4.095167972671909240e-01	8.237081513354915785e-01	8.137911349534988625e-01
1.000000000000000021e-03	2.946483587771394075e-01	2.437191433151355002e-01	2.258329227566719111e-01
1.000000000000000021e-03	2.508299364564791634e-01	2.632265326552366003e-01	2.432329334318637792e-01
1.000000000000000021e-03	2.256521256190874847e-01	2.682110469846825107e-01	2.530414368957281113e-01
1.000000000000000021e-03	2.148763597479665388e-01	1.851022764650314956e-01	1.721250854432582744e-01
1.000000000000000021e-03	2.007361253536045775e-01	1.907601834357721127e-01	1.768924918025732151e-01
1.000000000000000021e-03	1.908256731376944682e-01	1.481992493905322228e-01	1.356589118018746432e-01
1.000000000000000021e-03	1.826965534510204825e-01	1.525248726781125996e-01	1.388991372659802437e-01
1.000000000000000021e-03	1.801999008771706101e-01	1.744027326556400470e-01	1.633642291650176104e-01
1.000000000000000021e-03	1.655795422272671180e-01	1.559696255632095907e-01	1.453849680721759907e-01
1.000000000000000021e-03	1.630155787461368411e-01	1.581586198734987458e-01	1.447097904980182703e-01
1.000000000000000021e-03	1.555403491060632637e-01	1.206722841524952988e-01	1.196642065420746859e-01
1.000000000000000021e-03	1.456927784597755737e-01	1.338618666089642084e-01	1.237383821979165105e-01
1.000000000000000021e-03	1.418307770028441606e-01	1.096332789793688645e-01	9.855999220162629804e-02
1.000000000000000021e-03	1.346203546089062286e-01	1.227192296329593091e-01	1.119561361148953410e-01
1.000000000000000021e-03	1.310337653243832945e-01	1.101243091425346404e-01	1.013631839305162430e-01
1.000000000000000021e-03	1.235935762676303590e-01	1.359234119116947970e-01	1.272248461842536982e-01
1.000000000000000021e-03	1.208998002892077289e-01	9.884061502458536819e-02	8.944183290004729947e-02
1.000000000000000021e-03	1.140123618210797524e-01	9.373753408642963858e-02	8.412518221884965341e-02
1.000000000000000021e-03	1.119604433641279706e-01	9.431527976278235303e-02	8.948940262198448736e-02
1.000000000000000021e-03	1.090178831180838304e-01	1.078734656318007940e-01	1.046061262488365146e-01
1.000000000000000021e-03	1.092099194036208337e-01	8.709185728461954490e-02	8.274396890774368685e-02
1.000000000000000021e-03	1.024460069328078371e-01	8.732264520142091202e-02	7.484212545678019246e-02
1.000000000000000021e-03	1.022661872004408529e-01	1.028974659896957911e-01	9.926318395882845202e-02
1.000000000000000021e-03	9.957414812832603157e-02	9.815368374214746006e-02	9.014477618038654883e-02
1.000000000000000021e-03	9.757555220460323309e-02	8.841012496286661249e-02	8.095955066382884424e-02
1.000000000000000021e-03	9.931990396992074199e-02	9.295960316795329192e-02	8.623438673093915263e-02
1.000000000000000021e-03	9.667048189808560843e-02	9.306880316809210130e-02	9.635919686406850537e-02
1.000000000000000021e-03	9.627711052999307628e-02	9.664214505809139155e-02	9.071291191503405571e-02
1.000000000000000021e-03	9.410916748193892678e-02	8.809690284713400654e-02	7.721857503056525629e-02
1.000000000000000021e-03	9.083988147377621003e-02	8.635915144887894301e-02	8.029444580897689143e-02
1.000000000000000021e-03	8.826603836023995397e-02	8.290452668101999656e-02	7.738445219583808821e-02
1.000000000000000021e-03	8.930354398946695194e-02	9.034364742680370264e-02	8.698584157973528186e-02
1.000000000000000021e-03	8.687135409032833988e-02	8.081321028202616275e-02	7.820307249203324595e-02
1.000000000000000021e-03	8.418776796412301422e-02	7.775284800463945489e-02	7.245529098436236104e-02
1.000000000000000021e-03	8.592065846750110425e-02	8.393800806702743367e-02	8.457615803927183429e-02
1.000000000000000021e-03	8.278015327226498354e-02	8.173830680432120355e-02	7.901428621262311658e-02
1.000000000000000021e-03	8.503048142083444172e-02	8.069052730555309472e-02	7.458486622199415883e-02
1.000000000000000021e-03	8.119830537268836468e-02	8.517876380557165561e-02	7.997496929019690115e-02
1.000000000000000021e-03	8.362669743913908604e-02	7.567282963095535442e-02	7.161538070067763329e-02
1.000000000000000021e-03	8.318247424396336964e-02	9.584421843914461836e-02	9.232358373701572696e-02
1.000000000000000021e-03	8.013007878485704782e-02	7.442148971854080364e-02	7.180449133738875389e-02
1.000000000000000021e-03	7.842701217977719741e-02	7.518000284414641521e-02	6.935058217495679300e-02
1.000000000000000021e-03	7.644437200163879675e-02	8.092905779939671418e-02	7.937535410746932030e-02
1.000000000000000021e-03	7.901607604655087880e-02	7.335298539612306046e-02	6.940946942195296010e-02
1.000000000000000021e-03	7.591115421961738829e-02	7.754259954416314882e-02	7.513080420903861523e-02
1.000000000000000021e-03	7.593532084092419199e-02	7.125513694439258860e-02	7.155749555677175244e-02
1.000000000000000021e-03	7.700358280926128396e-02	9.101955420995881674e-02	8.423355789855122011e-02
1.000000000000000021e-03	7.501035072061126852e-02	6.791973217385600947e-02	6.836277591064572612e-02
1.000000000000000021e-03	7.363050054366537811e-02	6.978400271990536918e-02	7.039165440946817953e-02
1.000000000000000021e-03	7.342766488860553997e-02	6.879642071368181899e-02	7.065727906301617900e-02
1.000000000000000021e-03	7.356400643499734493e-02	7.867154463423484123e-02	6.689014597795903128e-02
1.000000000000000021e-03	7.175155538781706477e-02	6.996441700773713135e-02	6.703226491808891851e-02
1.000000000000000021e-03	7.267605453304873397e-02	7.520523913087645562e-02	7.312938617542386055e-02
1.000000000000000021e-03	7.058959119043563268e-02	7.281457722499108665e-02	6.430072216317057887e-02
1.000000000000000021e-03	7.032491455267445013e-02	6.811902917804518731e-02	6.341813895851373950e-02
1.000000000000000021e-03	7.076010876673817507e-02	7.117030001123537952e-02	6.550456061959267218e-02
1.000000000000000021e-03	6.933421093088516785e-02	6.546410902632468498e-02	6.105329776182770452e-02
1.000000000000000021e-03	6.900407204869321576e-02	7.136591196216213184e-02	6.348005100153386593e-02
1.000000000000000021e-03	6.815295987624356289e-02	8.775909564882049263e-02	8.138061370700597208e-02
1.000000000000000021e-03	7.107026531962962190e-02	6.493517489255411224e-02	5.508157229050993781e-02
1.000000000000000021e-03	6.910571700190651367e-02	7.199974787172847002e-02	6.561800641939044554e-02
1.000000000000000021e-03	7.059064736549697239e-02	7.068060389207919680e-02	6.432904647663235942e-02
1.000000000000000021e-03	6.623039465915539492e-02	6.543379249685098153e-02	6.741779074072837274e-02
1.000000000000000021e-03	6.804553698044034371e-02	7.235201245359100530e-02	6.208206014707684517e-02
1.000000000000000021e-03	6.770213576138817135e-02	6.703424479090730470e-02	6.131877275183796744e-02
1.000000000000000021e-03	6.637086119197217748e-02	6.589389338855343448e-02	5.896923337131738940e-02
1.000000000000000021e-03	6.497651256118110175e-02	6.885876102831350876e-02	6.216092314571142197e-02
1.000000000000000021e-03	6.544141224875327234e-02	7.506185910464581446e-02	7.053104434162378589e-02
1.000000000000000021e-03	6.643025892276864519e-02	7.476654972549508227e-02	6.991055188700556755e-02
1.000000000000000021e-03	6.439812041910114582e-02	6.354356473263021721e-02	5.751065546646714349e-02
1.000000000000000021e-03	6.342224353613411247e-02	6.414011512829370654e-02	6.062071016058325629e-02
1.000000000000000021e-03	6.643469402281575176e-02	7.147231013440960568e-02	6.769417738541960716e-02
1.000000000000000021e-03	6.336705812478980737e-02	6.164419646155459842e-02	5.572232380509376665e-02
1.000000000000000021e-03	6.270298843855529047e-02	7.744138412840703700e-02	6.919582355767488202e-02
1.000000000000000021e-03	6.361669105211616160e-02	6.914814522597177715e-02	6.472685597836971838e-02
1.000000000000000021e-03	6.086784969514680982e-02	6.681706594469034866e-02	6.244456181302666942e-02
1.000000000000000021e-03	6.071817140469307206e-02	7.324850015069177267e-02	7.083354517817497253e-02
1.000000000000000021e-03	6.289580975371505955e-02	7.016079084879441041e-02	6.378960786387324888e-02
1.000000000000000021e-03	6.183724254348064303e-02	6.147870931442807330e-02	6.601871736347675323e-02
1.000000000000000021e-03	5.930382412830676603e-02	6.385930375981081764e-02	5.706106312572956085e-02
1.000000000000000021e-03	5.962306953351153432e-02	6.630410394431408838e-02	6.021376419812440872e-02
1.000000000000000021e-03	6.108313359411182697e-02	6.369141130391216266e-02	6.285780193284154493e-02
1.000000000000000021e-03	5.865788075763032211e-02	6.249211595944709208e-02	7.400747872889042178e-02
1.000000000000000021e-03	5.958944155144927507e-02	5.706433351127265102e-02	5.344001478515565673e-02
1.000000000000000021e-03	5.965219024805012982e-02	6.000169705970125056e-02	5.524293272756040235e-02
1.000000000000000021e-03	5.840015412568872605e-02	6.592526628162848068e-02	6.720433775335550586e-02
1.000000000000000021e-03	5.831633608760079107e-02	6.878065009703811239e-02	6.429445678368210515e-02
1.000000000000000021e-03	5.741287434149648650e-02	6.773578422387857567e-02	6.526100989431142529e-02
1.000000000000000021e-03	5.780478442491938929e-02	5.796214401799970606e-02	5.149048939347267151e-02
1.000000000000000021e-03	5.747917556616197882e-02	5.516716775469755057e-02	5.229990002699196061e-02
1.000000000000000021e-03	5.568717963833182127e-02	6.134994067641764970e-02	5.377578097395598750e-02
1.000000000000000021e-03	5.711873960337228440e-02	5.670499021470234990e-02	5.289779212325811109e-02
1.000000000000000021e-03	5.628063904425999187e-02	5.359896162222504978e-02	5.150663903914391717e-02
1.000000000000000021e-03	5.516340607834666759e-02	6.259105537886394677e-02	5.647091343998909135e-02
1.000000000000000021e-03	5.793705519338622489e-02	5.851635576776809122e-02	5.261810012161731442e-02
1.000000000000000021e-03	5.597484222200978937e-02	5.857267930947673146e-02	5.167490206658840318e-02
1.000000000000000021e-03	5.514355775330772452e-02	5.584266337112606809e-02	5.544553105719387393e-02
1.000000000000000021e-03	5.450698524093718078e-02	5.257761962126687033e-02	4.732256438583135744e-02
1.000000000000000021e-03	5.541996420981441795e-02	6.085691647847909364e-02	5.671257507055997571e-02
1.000000000000000021e-03	5.520677498480550810e-02	6.011909395651355431e-02	5.679423548281192780e-02
1.000000000000000021e-03	5.446025827241852274e-02	5.753111536005092730e-02	5.247534965164959292e-02
1.000000000000000021e-03	5.446537643228942238e-02	6.201398122997184292e-02	5.486851986497640749e-02
1.000000000000000021e-03	5.391832251793045316e-02	5.177623667408034341e-02	5.081053446047008315e-02
1.000000000000000021e-03	5.381512404389683646e-02	5.364904532218790767e-02	5.191928655840456763e-02
1.000000000000000021e-03	5.433553195687974152e-02	5.543534891650626906e-02	5.831818850710988184e-02
1.000000000000000021e-03	5.393125459989570741e-02	6.005013753606387034e-02	5.523815937340259552e-02
1.000000000000000021e-03	5.367549503392227139e-02	5.089164343881981412e-02	4.650258286856114726e-02
1.000000000000000021e-03	5.219521931437055146e-02	5.178605560310848427e-02	4.511189288459718089e-02
1.000000000000000021e-03	5.163499849906420108e-02	6.453102879733314812e-02	6.049160268157720288e-02
1.000000000000000021e-03	5.172118005722570189e-02	5.097347457956580979e-02	4.496460249647497853e-02
1.000000000000000021e-03	5.260421015179177900e-02	5.731320549875341952e-02	5.361870490014553070e-02
1.000000000000000021e-03	5.238761461040285922e-02	5.389125966003740359e-02	4.863618225790559968e-02
1.000000000000000021e-03	5.097424545676955410e-02	5.941345252057644855e-02	5.452788043767213544e-02
1.000000000000000021e-03	5.162843766363815756e-02	5.537138928059508192e-02	5.116530810482800007e-02
1.000000000000000021e-03	5.223094528934302261e-02	5.469077854802471134e-02	5.116393063217401782e-02
1.000000000000000021e-03	5.110235930186950160e-02	5.986168684135556584e-02	5.075967712327837666e-02
1.000000000000000021e-03	5.222275450721668849e-02	5.763364760741513521e-02	5.299707902595400533e-02
1.000000000000000021e-03	5.361181810940331138e-02	5.464490504047945368e-02	4.969117175787687163e-02
1.000000000000000021e-03	5.137218554233866780e-02	5.192736404611490025e-02	4.548408510163426399e-02
1.000000000000000021e-03	4.945345710228354896e-02	5.329258581964757546e-02	4.873123588040471216e-02
1.000000000000000021e-03	5.035211016500391185e-02	5.675127463542042200e-02	5.113931465893983841e-02
1.000000000000000021e-03	4.969442411477029142e-02	4.951578557140227932e-02	4.328394210897386352e-02
1.000000000000000021e-03	4.911807172299471891e-02	6.011851951089829116e-02	5.355089432559907714e-02
1.000000000000000021e-03	5.075628340781740411e-02	5.212851451875651770e-02	4.807127001695334773e-02
1.000000000000000021e-03	4.930706793218071066e-02	5.183775057889403876e-02	4.624102446250617782e-02
1.000000000000000021e-03	4.908229351269082635e-02	5.828575009762929082e-02	5.538965854793787003e-02
1.000000000000000021e-03	4.953424341395852581e-02	5.249145271071276736e-02	4.788239463232457638e-02
1.000000000000000021e-03	4.889164852664316940e-02	6.005258745079889576e-02	5.341489864513278285e-02
1.000000000000000021e-03	4.834579405932318275e-02	6.548773864020851487e-02	6.309748534113168716e-02
1.000000000000000021e-03	4.863319587159670165e-02	5.915877059180074671e-02	5.357949398458004137e-02
1.000000000000000021e-03	4.833683497237215715e-02	4.878620669752827682e-02	4.202459910884499827e-02
1.000000000000000021e-03	4.826970681344408542e-02	5.059724585860187612e-02	4.760996825061738352e-02
1.000000000000000021e-03	4.829612453839264574e-02	4.982614746385531646e-02	4.510017735883593837e-02
1.000000000000000021e-03	4.753283822368299660e-02	5.009846970516973474e-02	4.878634517081081867e-02
1.000000000000000021e-03	4.809857111200993574e-02	5.230078231835864899e-02	4.705945299938320975e-02
1.000000000000000021e-03	4.763805366935530000e-02	5.837544777396461854e-02	5.830659931525587758e-02
1.000000000000000021e-03	4.662950743486050237e-02	5.214057925171877023e-02	4.786038282327353954e-02
1.000000000000000021e-03	4.649222211141861016e-02	5.136519694866622382e-02	4.493486611172557016e-02
1.000000000000000021e-03	4.648396045125591930e-02	5.168871596182516431e-02	4.676387407816946784e-02
1.000000000000000021e-03	4.691999806432511910e-02	4.911755206775290927e-02	4.306003064848482748e-02
1.000000000000000021e-03	4.682836276893528188e-02	6.171286346010512736e-02	5.633330037817359248e-02
1.000000000000000021e-03	4.681612507761426234e-02	5.259049594090246804e-02	4.581414447166025361e-02
1.000000000000000021e-03	4.764191755388905158e-02	5.648282702758674473e-02	5.012070210650563379e-02
1.000000000000000021e-03	4.774810148076896049e-02	5.473448829579103531e-02	4.894978404045104842e-02
1.000000000000000021e-03	4.699296907344621688e-02	4.793996417514628794e-02	4.344948120415211001e-02
1.000000000000000021e-03	4.484307884827577056e-02	6.190184613016887216e-02	5.661675166338682452e-02
1.000000000000000021e-03	4.498980231171364336e-02	4.601431882779323523e-02	4.161498136818408966e-02
1.000000000000000021e-03	4.607167764046186942e-02	5.418476638876643103e-02	4.950405489653349200e-02
1.000000000000000021e-03	4.641110429333315801e-02	5.797321361084883246e-02	5.369525952264666419e-02
1.000000000000000021e-03	4.554476553748658396e-02	5.280331601218091198e-02	5.097742574289441247e-02
1.000000000000000021e-03	4.556220680488237695e-02	5.694544580594407268e-02	4.854508028365671357e-02
1.000000000000000021e-03	4.454156674158614437e-02	4.982015445672404591e-02	4.380244305357337137e-02
1.000000000000000021e-03	4.523512423081825495e-02	5.765311018178600339e-02	5.461166137829422812e-02
1.000000000000000021e-03	4.470766513430150108e-02	5.124106270831604859e-02	4.500352721661329131e-02
1.000000000000000021e-03	4.537091675307113742e-02	4.941432459855266829e-02	4.731536135077476363e-02
1.000000000000000021e-03	4.451948306358020219e-02	5.043858813404725194e-02	4.431216404773295064e-02
1.000000000000000021e-03	4.344971205035810802e-02	4.813401562927280969e-02	4.576949132606387277e-02
1.000000000000000021e-03	4.446033567922658830e-02	4.938361362715042169e-02	4.548120317049324235e-02
1.000000000000000021e-03	4.332202683468937277e-02	4.847118838724353423e-02	4.295734702609479289e-02
1.000000000000000021e-03	4.443813806346608164e-02	5.555737385262993905e-02	5.206468142569065094e-02
1.000000000000000021e-03	4.487941571126121548e-02	5.372929945588111877e-02	5.167783424258232117e-02
1.000000000000000021e-03	4.496640909773066269e-02	4.588976420501139630e-02	4.082110999152064462e-02
1.000000000000000021e-03	4.414497544082047337e-02	4.604413126307631970e-02	4.374997885897755762e-02
1.000000000000000021e-03	4.383280945789023303e-02	4.725085451457824992e-02	4.337052046321332455e-02
1.000000000000000021e-03	4.311667099582067175e-02	4.939086975149459269e-02	4.527846733108163019e-02
1.000000000000000021e-03	4.292469095263181517e-02	4.769212936894744181e-02	4.270132244564592977e-02
1.000000000000000021e-03	4.374529147946501495e-02	4.758958050405791979e-02	4.068822124972939352e-02
1.000000000000000021e-03	4.422040637896773596e-02	5.069117529893108626e-02	4.594915304332971434e-02
1.000000000000000021e-03	4.313268300434092151e-02	5.455686017402803373e-02	4.965376835316419324e-02
1.000000000000000021e-03	4.288477518006838379e-02	4.846917643792029995e-02	4.406848875805735588e-02
1.000000000000000021e-03	4.255130353268320176e-02	4.306153238248762449e-02	3.894258108921348771e-02
1.000000000000000021e-03	4.193117867433587831e-02	4.881357446468937572e-02	4.577084248885512213e-02
1.000000000000000021e-03	4.292610857620566406e-02	4.894284625093974633e-02	4.551243893802166263e-02
1.000000000000000021e-03	4.332580912474666424e-02	5.073750752429063288e-02	4.630108093842864175e-02
1.000000000000000021e-03	4.258537401703639536e-02	4.509195869700759196e-02	4.008645238354802132e-02
1.000000000000000021e-03	4.322305780257369029e-02	4.638862601086419374e-02	4.244208047166466574e-02
1.000000000000000021e-03	4.145159652438220460e-02	4.844271558390549764e-02	4.419302688911556920e-02
1.000000000000000021e-03	4.216948165999830772e-02	5.371969802724441134e-02	4.889756413176656047e-02
1.000000000000000021e-03	4.142179094263639255e-02	4.298456217020905912e-02	3.758486644364893159e-02
1.000000000000000021e-03	4.202488413023144215e-02	5.447094416470115580e-02	5.196002954617142539e-02
1.000000000000000021e-03	4.138770617258590023e-02	4.873397604060110411e-02	4.743958897888660153e-02
1.000000000000000021e-03	4.077406064078965831e-02	4.905704461545220413e-02	4.735175804235040864e-02
1.000000000000000021e-03	4.088849569559790953e-02	5.303835011628597884e-02	4.910848047584295134e-02
1.000000000000000021e-03	4.088935714568282115e-02	4.321853926707625027e-02	3.815375897102057934e-02
1.000000000000000021e-03	4.153182710141134493e-02	4.593932053259529996e-02	3.995791450142860413e-02
1.000000000000000021e-03	4.122195393930624258e-02	5.342407379279898172e-02	4.699611547403037548e-02
1.000000000000000021e-03	4.145971627677332710e-02	5.287134210476700236e-02	4.631258165463805060e-02
1.000000000000000021e-03	4.191315444343446384e-02	4.831295362941881444e-02	4.242162900045513829e-02
1.000000000000000021e-03	4.110693253594092239e-02	5.079128674148577355e-02	4.557089228183031082e-02
1.000000000000000021e-03	4.167633005128030393e-02	5.570533740972972991e-02	5.050305295735597888e-02
1.000000000000000021e-03	4.179400874820817652e-02	5.077939136295106515e-02	4.690778949297964850e-02
1.000000000000000021e-03	4.061490473504882071e-02	5.858410065944906486e-02	5.409639133140444617e-02
1.000000000000000021e-03	4.086374325017862186e-02	4.590036962863974779e-02	4.062668848782777925e-02
1.000000000000000021e-03	4.002373252408562843e-02	4.843506943531997871e-02	4.405150604434311667e-02
1.000000000000000021e-03	4.155562293930862433e-02	4.684536381385713544e-02	4.335500132292509357e-02
1.000000000000000021e-03	3.943137670669395051e-02	4.504868167779208649e-02	4.154196432791650018e-02
1.000000000000000021e-03	4.087791191397745216e-02	4.560897506149339670e-02	4.321441710926592072e-02
1.000000000000000021e-03	3.982861668365580282e-02	5.151274351705431576e-02	4.709766176529228687e-02
1.000000000000000021e-03	4.005170636390481542e-02	4.653288840428385087e-02	4.128101663663983484e-02
1.000000000000000021e-03	3.958551639310664561e-02	4.345793158049982702e-02	3.994408464059233388e-02
5.000000000000000104e-04	3.434903138447736870e-02	4.231206527594184169e-02	4.173801294527947764e-02
5.000000000000000104e-04	3.317383333711238641e-02	3.983270760177005931e-02	3.555934145115315775e-02
5.000000000000000104e-04	3.293964377246307029e-02	4.221726237206246957e-02	3.909044982865452628e-02
5.000000000000000104e-04	3.285146197992191985e-02	4.015049683563996080e-02	3.483715467154979706e-02
5.000000000000000104e-04	3.277180659454131950e-02	3.848952681060236608e-02	3.491324344649911204e-02
5.000000000000000104e-04	3.233809251643808558e-02	4.229835566152764792e-02	3.943693097680807391e-02
5.000000000000000104e-04	3.260206136746313793e-02	4.016034116880744242e-02	4.543852796778082709e-02
5.000000000000000104e-04	3.231498076341539349e-02	4.178068107140314041e-02	3.829714800231158456e-02
5.000000000000000104e-04	3.229738588576541725e-02	4.182263075603240288e-02	3.910216717049479207e-02
5.000000000000000104e-04	3.240840817645079114e-02	4.441077843386465052e-02	4.004593528807163377e-02
5.000000000000000104e-04	3.239302750278118953e-02	3.872114573044614649e-02	3.596423491835594455e-02
5.000000000000000104e-04	3.233308137847958758e-02	3.758994504536321973e-02	3.304069857113063613e-02
5.000000000000000104e-04	3.188468068794776678e-02	4.127253643700277280e-02	3.974744221195578714e-02
5.000000000000000104e-04	3.212938341190209324e-02	4.033218829341583822e-02	3.763715834356844148e-02
5.000000000000000104e-04	3.178485972593349251e-02	4.010442524407234477e-02	3.793853288516402245e-02
5.000000000000000104e-04	3.153004346566015692e-02	3.976477702094622507e-02	3.462824071757495542e-02
5.000000000000000104e-04	3.185346090993852047e-02	4.051560336109543553e-02	3.605822995305061479e-02
5.000000000000000104e-04	3.173114024666140454e-02	4.148074473542068957e-02	3.813435384072363238e-02
5.000000000000000104e-04	3.141927752760848708e-02	4.040812732193482804e-02	3.541919612325727940e-02
5.000000000000000104e-04	3.175377832869757944e-02	3.840355064076279162e-02	3.365172413177788119e-02
5.000000000000000104e-04	3.115157801343681684e-02	4.083128772793016142e-02	3.705447451211511811e-02
5.000000000000000104e-04	3.136613544395248920e-02	4.382377345095442300e-02	3.958181147463619987e-02
5.000000000000000104e-04	3.148142654782484784e-02	3.786416758944070871e-02	3.686362477019429484e-02
5.000000000000000104e-04	3.121625389871277023e-02	3.838470501152320413e-02	3.657716382294893404e-02
5.000000000000000104e-04	3.097391585316108115e-02	4.058417194176718729e-02	3.895110837183892588e-02
5.000000000000000104e-04	3.088397548792405981e-02	4.225846753499582636e-02	3.803855068981647214e-02
5.000000000000000104e-04	3.110506716918432293e-02	4.453672677356534937e-02	4.233287787064909935e-02
5.000000000000000104e-04	3.092466051126285809e-02	3.724141808041415286e-02	3.545647249557078162e-02
5.000000000000000104e-04	3.079535833214815457e-02	3.863684497578605964e-02	3.579127006232738634e-02
5.000000000000000104e-04	3.072684353305251206e-02	4.453954033319550837e-02	4.202298768796026984e-02
5.000000000000000104e-04	3.123822141603424182e-02	4.318184740061223326e-02	3.899288633838295798e-02
5.000000000000000104e-04	3.113084161516502246e-02	3.818966891538566610e-02	3.393563795834779462e-02
5.000000000000000104e-04	3.064410914864701060e-02	3.740621132883414218e-02	3.901620502583682398e-02
5.000000000000000104e-04	3.099154069512614559e-02	4.404700136894643125e-02	3.923009242862462997e-02
5.000000000000000104e-04	3.092611835670287454e-02	4.242155514657497406e-02	4.065745482221246043e-02
5.000000000000000104e-04	3.062843873288532276e-02	4.542158233947778817e-02	4.095054022036492825e-02
5.000000000000000104e-04	3.031154544000070131e-02	4.302711018327019105e-02	3.985310983844101568e-02
5.000000000000000104e-04	3.038661430712839145e-02	4.154097143541143899e-02	3.917571986094117026e-02
5.000000000000000104e-04	3.005349486004376888e-02	4.000873818837535206e-02	3.671586625277996341e-02
5.000000000000000104e-04	2.983621317609373019e-02	4.093669942965370151e-02	3.911883058026432991e-02
5.000000000000000104e-04	2.986959212986777315e-02	4.220202623705589240e-02	4.225693927146494111e-02
5.000000000000000104e-04	3.031053257008462995e-02	4.037836325691320644e-02	3.792275632731616219e-02
5.000000000000000104e-04	3.013909354517718686e-02	3.920373307901839355e-02	3.809354677796363692e-02
5.000000000000000104e-04	3.018424863298057800e-02	4.511447183553773249e-02	4.071226706728339056e-02
5.000000000000000104e-04	2.976893693362560323e-02	3.936877485891287359e-02	3.721446502022444924e-02
5.000000000000000104e-04	2.993589427447842718e-02	3.844674487466587243e-02	3.656800328753888329e-02
5.000000000000000104e-04	2.989147173770643345e-02	3.744422013417900846e-02	3.460968704894185066e-02
5.000000000000000104e-04	2.949316501931665072e-02	3.944467574709061009e-02	3.956785062327981134e-02
5.000000000000000104e-04	2.961477194005247490e-02	4.066173780065868854e-02	3.791412031278014461e-02
2.500000000000000052e-04	2.737997681251388288e-02	3.928541259459800150e-02	3.732167510315775871e-02
2.500000000000000052e-04	2.642887114065549034e-02	3.808693994441269409e-02	3.439248586073517799e-02
2.500000000000000052e-04	2.640833108620355141e-02	4.085856681952925590e-02	3.716856017708778520e-02
2.500000000000000052e-04	2.635501866532817886e-02	3.683061173175954106e-02	3.366400126833468676e-02
2.500000000000000052e-04	2.622926282279795795e-02	4.236466278619479414e-02	3.987492779269814769e-02
2.500000000000000052e-04	2.637617820424177986e-02	4.016654084178165884e-02	3.820191468112170419e-02
2.500000000000000052e-04	2.593775082882352964e-02	3.566631180824253455e-02	3.295099632814526419e-02
2.500000000000000052e-04	2.595076129737636933e-02	3.926641772944889502e-02	3.468674498144537488e-02
2.500000000000000052e-04	2.586011368935194066e-02	4.088688113224443754e-02	3.886469444260001044e-02
2.500000000000000052e-04	2.564045468940160527e-02	3.782934558953290199e-02	3.545481991022825241e-02
2.500000000000000052e-04	2.585620978774547454e-02	3.865732928416179548e-02	3.564482277724891762e-02
2.500000000000000052e-04	2.589830539203907128e-02	3.473124922745671195e-02	3.275444274768233438e-02
2.500000000000000052e-04	2.584434379652844616e-02	3.888084582438331577e-02	3.962439913302660127e-02
2.500000000000000052e-04	2.539424824952611279e-02	3.792560535497690316e-02	3.609869144856929501e-02
2.500000000000000052e-04	2.557116231884874399e-02	3.799190964179201269e-02	3.693518629297613820e-02
2.500000000000000052e-04	2.565773541282227385e-02	4.021897629215455405e-02	3.907081559300422391e-02
2.500000000000000052e-04	2.544588726360639055e-02	3.934305027634373703e-02	3.726257015950977525e-02
2.500000000000000052e-04	2.520609337190700405e-02	3.564494869218291090e-02	3.507005446590483189e-02
2.500000000000000052e-04	2.509558987448890291e-02	3.549593330131775581e-02	3.514838912524283210e-02
2.500000000000000052e-04	2.533039340609603146e-02	4.368138941326690783e-02	4.278871733695268492e-02
2.500000000000000052e-04	2.521793838371503768e-02	3.852733412845284200e-02	3.746577389538287978e-02
2.500000000000000052e-04	2.524277164994664924e-02	3.795409986642018368e-02	3.621048154309391975e-02
2.500000000000000052e-04	2.524512637311233931e-02	4.129804507951150006e-02	3.893963550217449665e-02
2.500000000000000052e-04	2.494516560332139810e-02	4.359900677352363668e-02	4.146661604754627029e-02
2.500000000000000052e-04	2.513261195142179813e-02	3.519114678364773652e-02	3.393833446316420893e-02
2.500000000000000052e-04	2.475353655009300199e-02	3.554134986592524803e-02	3.467578329145908078e-02
2.500000000000000052e-04	2.508884276046161391e-02	3.766642037915621938e-02	3.639617431908846040e-02
2.500000000000000052e-04	2.505472161898680827e-02	3.503666854712195189e-02	3.435671911574900150e-02
2.500000000000000052e-04	2.506472709046383279e-02	3.690527654521127965e-02	3.495971076190471788e-02
2.500000000000000052e-04	2.477791849545454145e-02	3.603893408249497776e-02	3.649361082352697849e-02
2.500000000000000052e-04	2.487509957839230401e-02	3.863575667415925646e-02	3.830521637573838095e-02
2.500000000000000052e-04	2.487790417370406432e-02	4.217196452914108440e-02	4.240670558065175871e-02
2.500000000000000052e-04	2.487137210092151343e-02	3.804303253196297113e-02	3.804871593602001528e-02
1.250000000000000026e-04	2.332961689323238830e-02	3.592010622561289668e-02	3.795605627819895883e-02
1.250000000000000026e-04	2.300960201295466565e-02	3.688186258370183823e-02	3.597535802982747277e-02
1.250000000000000026e-04	2.306293703316602065e-02	3.829368917729841781e-02	3.847095738165080825e-02
1.250000000000000026e-04	2.280911616439247960e-02	3.571539483866922188e-02	3.482246696949005405e-02
1.250000000000000026e-04	2.281090308906138717e-02	3.687514334487977663e-02	3.532852847129106660e-02
1.250000000000000026e-04	2.288340012163114431e-02	3.986108177268380542e-02	3.819578336551785608e-02
1.250000000000000026e-04	2.282868549682811124e-02	3.764230693588081766e-02	3.706496367231011668e-02
1.250000000000000026e-04	2.258551577534125693e-02	3.691124991167590158e-02	3.546663569286465784e-02
1.250000000000000026e-04	2.299596545995668748e-02	3.943216411582150388e-02	3.761876071803271770e-02
1.250000000000000026e-04	2.289520154331679130e-02	3.473066565878104445e-02	3.348565939813852310e-02
1.250000000000000026e-04	2.265674403395640316e-02	3.502750199249121676e-02	3.315659391228109598e-02
1.250000000000000026e-04	2.253659095218564501e-02	3.448130778422218295e-02	3.270785938948393007e-02
1.250000000000000026e-04	2.254729455476708194e-02	3.690783393749703933e-02	3.542730296030640463e-02
1.250000000000000026e-04	2.248296261629075671e-02	3.899514931619791486e-02	3.726792316883802136e-02
1.250000000000000026e-04	2.255488554673478613e-02	3.710714807607116278e-02	3.563239434733986993e-02
1.250000000000000026e-04	2.255484228439026684e-02	3.815812664350289735e-02	3.616956206969916543e-02
1.250000000000000026e-04	2.238842017337497672e-02	3.751601250500891105e-02	3.453521137125790258e-02
1.250000000000000026e-04	2.270215814700214663e-02	3.719677564478357512e-02	3.466559252701699456e-02
1.250000000000000026e-04	2.258957138879916920e-02	3.938638160483063505e-02	3.688196521252393861e-02
1.250000000000000026e-04	2.249041802524532133e-02	3.576893493513630395e-02	3.444607979618012628e-02
1.250000000000000026e-04	2.248033044459932239e-02	3.475844947357920739e-02	3.261050905566662689e-02
1.250000000000000026e-04	2.235926601194915958e-02	3.552603020444902726e-02	3.434631219133734564e-02
1.250000000000000026e-04	2.221345726277087693e-02	3.698403603782516452e-02	3.446028870530426502e-02
1.250000000000000026e-04	2.229217194191951065e-02	3.574822538810250305e-02	3.334033973515033999e-02
1.250000000000000026e-04	2.233441104682258940e-02	3.677529647595283169e-02	3.554282821714878360e-02
1.250000000000000026e-04	2.201260011502308156e-02	3.503410687855400968e-02	3.494307869113981446e-02
1.250000000000000026e-04	2.245616435369670802e-02	3.459464296386503823e-02	3.425728599540889263e-02
1.250000000000000026e-04	2.207067961912383136e-02	3.609004783497742758e-02	3.353021205402910432e-02
1.250000000000000026e-04	2.214132441254359693e-02	3.599381479995412969e-02	3.477868800982832770e-02
1.250000000000000026e-04	2.206185006402723234e-02	3.674157950246989546e-02	3.458020850084721903e-02
1.250000000000000026e-04	2.199132826099082366e-02	3.816426607794786569e-02	3.626149115152656893e-02
1.250000000000000026e-04	2.209066645875616339e-02	3.697156363425298242e-02	3.562522591091692170e-02
1.250000000000000026e-04	2.191029921869696792e-02	3.588846302469363148e-02	3.480569212697446485e-02
6.250000000000000130e-05	2.126414683192898863e-02	3.432810675664878242e-02	3.294522373471409082e-02
6.250000000000000130e-05	2.108962810964016416e-02	3.762036430313012852e-02	3.651776709593832632e-02
6.250000000000000130e-05	2.107217358918280978e-02	3.755412091798495527e-02	3.660532091744243821e-02
6.250000000000000130e-05	2.124621145483572213e-02	3.536054241368595530e-02	3.637022776529193202e-02
6.250000000000000130e-05	2.103868903133881627e-02	3.511140183472508808e-02	3.404991631396114826e-02
6.250000000000000130e-05	2.109110084161327017e-02	3.513953351557098925e-02	3.472658679820597033e-02
6.250000000000000130e-05	2.106138359410704430e-02	3.603033581992406281e-02	3.542292090132832805e-02
6.250000000000000130e-05	2.115028545665682130e-02	3.655945949978073317e-02	3.464495716616511345e-02
6.250000000000000130e-05	2.116472113968554183e-02	3.552955958543647930e-02	3.390501802787184576e-02
6.250000000000000130e-05	2.114986752199443654e-02	3.500928352855106618e-02	3.411358338780701160e-02
6.250000000000000130e-05	2.118004868191695686e-02	3.871704137723171180e-02	3.740823534317314764e-02
6.250000000000000130e-05	2.104657137665709096e-02	3.664524523609595519e-02	3.551654168404638767e-02
6.250000000000000130e-05	2.104644750804575762e-02	3.943206242124759620e-02	3.769813654944300513e-02
6.250000000000000130e-05	2.092813754290637207e-02	3.488245661034009709e-02	3.370816912502050400e-02
6.250000000000000130e-05	2.090131529347365527e-02	3.508248488316360880e-02	3.755509778857231418e-02
6.250000000000000130e-05	2.090285637173769015e-02	3.730175177035219281e-02	3.608663971535861631e-02
6.250000000000000130e-05	2.097344481336942124e-02	3.685275382357430102e-02	3.543509338051080426e-02
6.250000000000000130e-05	2.095822341048817969e-02	3.908493260594562979e-02	3.734648483805358410e-02
6.250000000000000130e-05	2.091044585159294519e-02	3.443984704882062375e-02	3.316681357100605826e-02
6.250000000000000130e-05	2.080717650602434757e-02	3.685400254673358578e-02	3.544408888556063036e-02
6.250000000000000130e-05	2.086244379953113362e-02	3.500101406185726627e-02	3.367862324230373045e-02
6.250000000000000130e-05	2.084714151515802694e-02	3.667918426906251195e-02	3.510630778037011901e-02
3.125000000000000065e-05	2.070125582594903313e-02	3.628702626529476533e-02	3.490398924332112351e-02
3.125000000000000065e-05	2.048910706270964943e-02	3.626279806942527689e-02	3.444552039727568488e-02
3.125000000000000065e-05	2.048178386309418633e-02	3.562122190380907771e-02	3.501192708499729911e-02
3.125000000000000065e-05	2.045888039367430716e-02	3.342034419052575950e-02	3.205730239860713621e-02
3.125000000000000065e-05	2.049201861708714947e-02	3.739530251834405350e-02	3.660930702462792535e-02
3.125000000000000065e-05	2.038385056082750793e-02	3.704704163859339622e-02	3.532552272081375400e-02
3.125000000000000065e-05	2.023729763994423433e-02	3.377063624092733335e-02	3.307459568604827205e-02
3.125000000000000065e-05	2.030474810745651684e-02	3.520463405089228892e-02	3.354219207540154457e-02
3.125000000000000065e-05	2.026581803392001405e-02	3.740517045151812991e-02	3.526124488562345366e-02
3.125000000000000065e-05	2.019865132072954511e-02	3.576231330964733945e-02	3.386015756987035413e-02
3.125000000000000065e-05	2.045333133755796937e-02	3.687839336810311980e-02	3.563967160880565643e-02
3.125000000000000065e-05	2.044928188415687242e-02	3.377429196484269674e-02	3.270022824872285266e-02
3.125000000000000065e-05	2.038180810865827461e-02	3.627076376405061892e-02	3.470538312103599310e-02
3.125000000000000065e-05	2.034862780344302499e-02	3.427805041611506343e-02	3.285456344019621611e-02
3.125000000000000065e-05	2.031565579429156151e-02	3.582280447111704097e-02	3.425612924620509425e-02
3.125000000000000065e-05	2.044057710461400987e-02	3.588058250951361300e-02	3.364885128103196898e-02
3.125000000000000065e-05	2.026466671930037683e-02	3.692820365906385877e-02	3.519178503192961494e-02
3.125000000000000065e-05	2.031409513929110025e-02	3.520101560913611177e-02	3.405779411550611396e-02
3.125000000000000065e-05	2.040560183035661571e-02	3.478105363304390130e-02	3.296976250130682906e-02
3.125000000000000065e-05	2.024565064123440977e-02	3.804671878472985075e-02	3.578819162212312083e-02
3.125000000000000065e-05	2.044315692882523253e-02	3.779628711962262910e-02	3.608628525398671627e-02
3.125000000000000065e-05	2.030610154778926882e-02	3.551742495452078069e-02	3.393204701133072099e-02
3.125000000000000065e-05	2.019539732028746010e-02	3.637722127763700491e-02	3.588094469159841537e-02
3.125000000000000065e-05	2.039632415686099681e-02	3.506321652611980866e-02	3.395855166018009463e-02
3.125000000000000065e-05	2.026963506030474496e-02	3.657910204370608265e-02	4.664403586648404459e-02
1.562500000000000033e-05	1.993510955559992318e-02	3.591790414995547909e-02	3.443820392712950568e-02
1.562500000000000033e-05	2.016549662498886078e-02	3.645988085663131456e-02	3.516147099435329437e-02
1.562500000000000033e-05	2.013917819939774895e-02	3.553974299803766557e-02	3.583085318095981936e-02
1.562500000000000033e-05	2.029328006945459520e-02	3.674937503812200634e-02	3.514253385365009169e-02
1.562500000000000033e-05	1.998417038110763752e-02	3.559295110482507685e-02	3.409617452416568995e-02
1.562500000000000033e-05	1.998090390506059022e-02	3.569908387451895676e-02	3.474122330080717941e-02
1.562500000000000033e-05	2.005959816879488225e-02	4.158798501831698774e-02	4.013268654234707078e-02
1.562500000000000033e-05	1.983532368369647636e-02	4.124493610250388326e-02	3.908772184513509274e-02
1.562500000000000033e-05	2.007996955579834791e-02	3.439174889933064444e-02	3.290158296003937999e-02
1.562500000000000033e-05	2.018736185123488555e-02	3.632433863639519811e-02	3.432107591070234637e-02
1.562500000000000033e-05	2.004157117155660681e-02	3.494252318623646686e-02	3.360538245178758959e-02
1.562500000000000033e-05	1.995412505070888465e-02	3.620263169085636418e-02	3.474505846388638297e-02
1.562500000000000033e-05	1.987914440892268528e-02	3.651381740395311104e-02	3.440159740857780257e-02
1.562500000000000033e-05	2.001311575940801016e-02	3.582232077825443783e-02	3.431184794753790179e-02
1.562500000000000033e-05	2.011583367966163216e-02	3.537365811247944469e-02	3.349979636259377280e-02
1.562500000000000033e-05	1.993987152061450774e-02	3.610296805842696383e-02	3.487304043956100663e-02
1.562500000000000033e-05	2.030600289369371633e-02	3.826303987797954193e-02	3.685995815321803371e-02
1.562500000000000033e-05	2.014642340630084724e-02	3.463678673416844406e-02	3.272857372649014274e-02
1.562500000000000033e-05	2.013061900036393348e-02	3.744675139092026178e-02	3.486489485949277600e-02
1.562500000000000033e-05	1.992111424024261765e-02	3.597906289417394238e-02	3.426836128346621990e-02
1.562500000000000033e-05	1.995431721901793146e-02	3.721694615108804560e-02	3.607840430922806124e-02
7.812500000000000163e-06	2.000962239010188951e-02	3.723552372521130721e-02	3.597902706824242930e-02
7.812500000000000163e-06	1.977550070418598524e-02	3.472083291594738746e-02	3.334369179792702476e-02
7.812500000000000163e-06	1.994436062220104888e-02	3.879853536945362946e-02	3.711581705138087411e-02
7.812500000000000163e-06	1.984786779477264868e-02	3.641029128424472239e-02	3.453596844337880611e-02
7.812500000000000163e-06	1.997048426267797674e-02	3.673764114409529269e-02	3.497551921755075177e-02
7.812500000000000163e-06	1.983365700474532325e-02	3.551100683032842181e-02	3.372019017115235329e-02
7.812500000000000163e-06	1.982890934709929942e-02	3.499452021772636590e-02	3.343402091413736482e-02
7.812500000000000163e-06	1.988086283235112467e-02	3.568304691912303761e-02	3.400432146154343943e-02
7.812500000000000163e-06	2.004448768323576630e-02	3.665972997419809226e-02	3.475602879188954830e-02
7.812500000000000163e-06	1.981401877881934157e-02	3.701633847859829574e-02	3.521652957424521724e-02
7.812500000000000163e-06	1.999910976553532019e-02	3.564448517147471296e-02	3.374781815800816098e-02
7.812500000000000163e-06	2.001197788747349424e-02	3.570518342300234987e-02	3.451907676644623557e-02
7.812500000000000163e-06	1.970301708071088911e-02	3.678343904385079910e-02	3.492206777445971966e-02
7.812500000000000163e-06	1.976119334212980694e-02	3.634195138471132958e-02	3.470077579841017446e-02
7.812500000000000163e-06	1.986783757207697537e-02	3.625344472366789916e-02	3.464474822394549708e-02
7.812500000000000163e-06	1.993576740090794233e-02	3.607291834555683557e-02	3.434627223759889603e-02
7.812500000000000163e-06	1.990457103328173785e-02	3.681960672198633655e-02	3.498592129908502379e-02
7.812500000000000163e-06	1.966969736750438791e-02	3.471400320568945874e-02	3.510349220596253872e-02
7.812500000000000163e-06	1.987000850666966606e-02	3.782152076354201864e-02	3.623192040249705037e-02
7.812500000000000163e-06	1.989998237282436522e-02	3.699669546169760681e-02	3.506719553843140602e-02
7.812500000000000163e-06	1.981366039787426162e-02	3.647363109816431637e-02	3.521456751041114608e-02
3.906250000000000081e-06	1.968214554477043174e-02	3.562678011982697152e-02	3.431294041220098873e-02
3.906250000000000081e-06	1.986177966709467071e-02	3.641214672261507829e-02	3.502261266112327576e-02
3.906250000000000081e-06	1.993248611417722943e-02	3.531907217976934521e-02	3.412405943963676969e-02
3.906250000000000081e-06	1.984540511837197541e-02	3.539540865385407825e-02	3.350798333995044093e-02
3.906250000000000081e-06	1.977157334614504033e-02	3.453177206842374808e-02	3.347015930339693884e-02
3.906250000000000081e-06	1.990671994120159910e-02	3.656979857978084197e-02	3.443228900432586392e-02
3.906250000000000081e-06	1.974142914710521821e-02	3.467981082372640494e-02	3.324872152879834036e-02
3.906250000000000081e-06	1.974359692419473331e-02	3.807316651245998274e-02	3.644867432303726396e-02
3.906250000000000081e-06	1.987409694234061955e-02	3.712253762087272535e-02	3.581489147618412833e-02
3.906250000000000081e-06	1.970480640709764211e-02	3.702326700169378260e-02	3.541774055920541425e-02
3.906250000000000081e-06	1.989636203483258550e-02	3.543919141535983863e-02	3.374975160695612569e-02
3.906250000000000081e-06	1.996663932641399089e-02	3.582938555725582314e-02	3.350019818171858649e-02
3.906250000000000081e-06	1.973194364185264574e-02	3.592056359276565858e-02	3.396477932110428949e-02
3.906250000000000081e-06	1.981615913850908253e-02	3.977168065676202346e-02	3.814167072996497293e-02
3.906250000000000081e-06	1.981606060793973320e-02	3.549339588126899231e-02	3.447534372098744193e-02
3.906250000000000081e-06	1.979219904868338709e-02	3.688154221361220064e-02	3.538232319988310337e-02
3.906250000000000081e-06	1.971200271766933992e-02	3.510680317839715014e-02	3.344908202998340269e-02
3.906250000000000081e-06	1.965920522499129547e-02	3.631411934593273272e-02	3.501860722899437228e-02
3.906250000000000081e-06	1.971054067938150106e-02	3.653293280954916095e-02	3.473070510663091998e-02
3.906250000000000081e-06	1.979088276644183630e-02	3.746305864440833272e-02	3.563482416793704172e-02
3.906250000000000081e-06	1.968986718249553236e-02	3.720704619211988307e-02	3.529485603794455667e-02
1.953125000000000041e-06	1.971730774559986299e-02	3.534664705161649073e-02	3.358711141627281765e-02
1.953125000000000041e-06	1.970489279254880946e-02	3.525896478658883254e-02	3.322964583057910065e-02
1.953125000000000041e-06	1.960973011317851053e-02	3.661232530895171949e-02	3.537359829060733596e-02
1.953125000000000041e-06	1.975061636149380573e-02	3.844473431988848500e-02	3.688206197693943977e-02
1.953125000000000041e-06	1.964715008264696777e-02	3.642545639980993705e-02	3.525722268968820711e-02
1.953125000000000041e-06	1.964543473437090418e-02	3.502105469010887567e-02	3.324936104472726861e-02
1.953125000000000041e-06	1.955255340414209508e-02	3.750533112251634021e-02	3.544688690453767776e-02
1.953125000000000041e-06	1.956593036627772911e-02	3.637062717248631949e-02	3.498662509955465655e-02
1.953125000000000041e-06	1.990037387233702104e-02	3.646747009214306584e-02	3.453069641254842559e-02
1.953125000000000041e-06	1.970979217721616217e-02	3.924825837279801583e-02	3.762266412377357483e-02
1.953125000000000041e-06	1.960142909041527257e-02	3.661750429626847020e-02	3.479890017770230493e-02
1.953125000000000041e-06	1.964533845490411268e-02	3.557328336642986977e-02	3.419428602792322358e-02
1.953125000000000041e-06	1.986958892390764883e-02	3.518813869950034728e-02	3.361437141429633041e-02
1.953125000000000041e-06	1.975719159043167958e-02	3.953553833730558131e-02	3.755743205547332902e-02
1.953125000000000041e-06	1.966991135660925080e-02	3.359614664210854723e-02	3.231366169638931474e-02
1.953125000000000041e-06	1.966106015625406975e-02	3.455453326057700975e-02	3.304301905445754250e-02
1.953125000000000041e-06	1.979127647154739836e-02	3.798488369552877053e-02	3.614667705260217467e-02
1.953125000000000041e-06	1.971239357842148598e-02	3.611036749917487243e-02	3.471893500536680360e-02
1.953125000000000041e-06	1.975268053639639074e-02	3.515037342281866067e-02	3.410514090210199634e-02
1.953125000000000041e-06	1.973254691566697638e-02	3.406078427912988954e-02	3.238107513170689067e-02
1.953125000000000041e-06	1.966593901769254221e-02	3.623953121299831187e-02	3.478818894363940040e-02
9.765625000000000203e-07	1.959766859298115935e-02	4.455883657628016692e-02	4.223130014725029469e-02
9.765625000000000203e-07	1.990420296203091605e-02	3.849665293011678147e-02	3.666638955473899841e-02
9.765625000000000203e-07	1.968741914611732424e-02	3.783429152678444846e-02	3.598305825144052644e-02
9.765625000000000203e-07	1.987706679187676087e-02	3.496853115905017989e-02	3.372969799675047675e-02
9.765625000000000203e-07	1.950180571886031902e-02	3.624940714286883914e-02	3.409679201431572299e-02
9.765625000000000203e-07	1.966058790256822522e-02	3.614576750907910752e-02	3.630489450879394869e-02
9.765625000000000203e-07	1.978326553219865447e-02	3.698525988345682802e-02	3.583386642858386179e-02
9.765625000000000203e-07	1.977278958841369519e-02	3.626936451770872150e-02	3.513294002041220804e-02
9.765625000000000203e-07	1.950401847790915813e-02	3.371217999002696503e-02	3.242391995154321471e-02
9.765625000000000203e-07	1.974772521223680175e-02	3.642560255894174148e-02	3.465006165206432204e-02
9.765625000000000203e-07	1.975178672244567654e-02	3.381264324821726952e-02	3.207291222643107037e-02
9.765625000000000203e-07	1.955756904484748718e-02	3.777979252889206163e-02	3.782989438623189649e-02
9.765625000000000203e-07	1.964752156766366720e-02	3.499187336971310708e-02	3.317388892173767090e-02
9.765625000000000203e-07	1.975738935642824129e-02	3.708140079068576039e-02	3.560825334861874442e-02
9.765625000000000203e-07	1.973658134112998147e-02	3.643805493664054734e-02	3.492819967214018384e-02
9.765625000000000203e-07	1.971683155153642480e-02	3.555382304478690164e-02	3.354449444450437884e-02
9.765625000000000203e-07	1.997430219546333235e-02	3.953771850006430888e-02	3.750434895046055039e-02
9.765625000000000203e-07	1.970348226523038759e-02	4.058750465278226222e-02	3.902947735041380206e-02
9.765625000000000203e-07	1.977512574201496440e-02	3.569814557921512088e-02	3.417492038570344587e-02
9.765625000000000203e-07	1.964786805433544475e-02	3.700765076029987471e-02	3.499024277552962442e-02
9.765625000000000203e-07	1.961891067719792256e-02	3.464514805072264891e-02	4.451247120741754632e-02
4.882812500000000102e-07	1.962817048761232933e-02	3.743954160840723411e-02	3.584224106743931493e-02
4.882812500000000102e-07	1.967643347469663975e-02	3.769996700837661974e-02	3.566726092249154767e-02
4.882812500000000102e-07	1.959366316746198600e-02	3.648475564392137521e-02	3.482571598142385205e-02
4.882812500000000102e-07	1.955464578365312053e-02	3.607634805064863226e-02	3.626744532957672934e-02
4.882812500000000102e-07	1.972731428601198767e-02	3.753197538368988756e-02	3.643636880442500253e-02
4.882812500000000102e-07	1.971197573965444497e-02	3.775168467722637977e-02	3.607388357631861886e-02
4.882812500000000102e-07	1.977459088058891937e-02	3.712463234575631016e-02	3.503512595780193528e-02
4.882812500000000102e-07	1.974706600543161411e-02	4.050800987368166628e-02	3.801495758816599707e-02
4.882812500000000102e-07	1.988044548443821530e-02	3.583116621188624229e-02	3.385185641236602982e-02
4.882812500000000102e-07	1.980125634330192133e-02	3.516345702267754253e-02	3.399325292557477812e-02
4.882812500000000102e-07	1.973260488792378392e-02	3.526595998457900810e-02	3.377936729229986945e-02
4.882812500000000102e-07	1.977775322296128346e-02	3.805911203563525080e-02	4.603887158446014205e-02
4.882812500000000102e-07	1.970526532970538064e-02	3.660520571844740056e-02	3.498405106365680417e-02
4.882812500000000102e-07	1.965714944661998628e-02	3.610946038123512974e-02	3.471801937557757178e-02
4.882812500000000102e-07	1.955469332227982929e-02	3.530914324252861641e-02	3.408484938554465909e-02
4.882812500000000102e-07	1.972492523285505547e-02	3.642333610987787823e-02	3.466995996423065385e-02
4.882812500000000102e-07	1.965990492401166814e-02	3.839736478647012147e-02	3.751910738646983823e-02
4.882812500000000102e-07	1.981471016420102357e-02	3.415645773556687942e-02	3.327879626303911070e-02
4.882812500000000102e-07	1.970704288588681977e-02	3.659219910141997545e-02	3.516774494200945039e-02
4.882812500000000102e-07	1.987544934732873164e-02	3.712810730532357939e-02	3.589691123925149718e-02
4.882812500000000102e-07	1.972141379513249471e-02	3.650171350668238168e-02	3.464025934226810932e-02
2.441406250000000051e-07	1.965724063604861946e-02	3.716881959382151851e-02	3.526739929802715640e-02
2.441406250000000051e-07	1.976459231574376543e-02	3.478645115447138308e-02	3.332469318993389745e-02
2.441406250000000051e-07	1.969099363638277672e-02	3.634927983527408424e-02	3.489190975669771710e-02
2.441406250000000051e-07	1.965120627201872444e-02	3.588025740967058785e-02	3.406148622743785520e-02
2.441406250000000051e-07	1.975225632411057794e-02	3.404917643059298532e-02	3.250832809135317802e-02
2.441406250000000051e-07	1.955652111624391759e-02	3.495273212487785136e-02	3.367736656218767166e-02
2.441406250000000051e-07	1.973057000552709897e-02	3.827368450492464602e-02	3.644807511009275774e-02
2.441406250000000051e-07	1.978061933323975105e-02	3.578557020433598135e-02	3.425643667578696927e-02
2.441406250000000051e-07	1.969827499095439319e-02	4.009749492659618608e-02	3.824451514519751349e-02
2.441406250000000051e-07	1.965121825243529990e-02	3.690063686192971565e-02	3.546373550780117234e-02
2.441406250000000051e-07	1.965339333111547002e-02	3.659408255748411443e-02	3.447275459766387801e-02
