1.000000000000000021e-03	4.129178157859655918e-01	3.435470412694970888e-01	3.346844911575317383e-01
1.000000000000000021e-03	3.310992459768192231e-01	3.901605577993143559e-01	3.822072207927703635e-01
1.000000000000000021e-03	2.807594955817012128e-01	2.196484337614468818e-01	2.000113815069198553e-01
1.000000000000000021e-03	2.417230863967144427e-01	2.381159867603741265e-01	2.401294484734535217e-01
1.000000000000000021e-03	2.219400545793470125e-01	1.727427309330221150e-01	1.642315313220024109e-01
1.000000000000000021e-03	2.064535630180989734e-01	2.259167688679320773e-01	2.128772795200347956e-01
1.000000000000000021e-03	2.016555012754744913e-01	1.545885218141590800e-01	1.342667475342750605e-01
1.000000000000000021e-03	1.883919024585359869e-01	1.474882024510992817e-01	1.346337880939245113e-01
1.000000000000000021e-03	1.797750649313860083e-01	1.542293138372960448e-01	1.468111898750066868e-01
1.000000000000000021e-03	1.697458316154296931e-01	1.389041385413464502e-01	1.215366160497069331e-01
1.000000000000000021e-03	1.644646427688936929e-01	1.254556126385459047e-01	1.183527676388621275e-01
1.000000000000000021e-03	1.605868049425361599e-01	1.382507716173901058e-01	1.258862096816301401e-01
1.000000000000000021e-03	1.542517403622849781e-01	1.496594879795743460e-01	1.389491813257336672e-01
1.000000000000000021e-03	1.513718764203935974e-01	1.254948499315072241e-01	1.158001268282532747e-01
1.000000000000000021e-03	1.480155188748488448e-01	1.483253080261315304e-01	1.329451449215412195e-01
1.000000000000000021e-03	1.377932445610450252e-01	1.237467169293558350e-01	1.162823723629116957e-01
1.000000000000000021e-03	1.322066330260457945e-01	1.050404777740620854e-01	1.031764069572091158e-01
1.000000000000000021e-03	1.248445074470012628e-01	1.114596568087008605e-01	1.170563090592622729e-01
1.000000000000000021e-03	1.193821878194670227e-01	1.013320120568362848e-01	9.596021091565490324e-02
1.000000000000000021e-03	1.155192861382249719e-01	1.073056480881431352e-01	1.001556047238409547e-01
1.000000000000000021e-03	1.131296742462605670e-01	8.957068257384899479e-02	8.443567333742976744e-02
1.000000000000000021e-03	1.069840012056457179e-01	8.674310719233532807e-02	8.201521886512637416e-02
1.000000000000000021e-03	1.058316131541207489e-01	1.043941419162051215e-01	1.002732295542955454e-01
1.000000000000000021e-03	1.041225662661923318e-01	8.539914039417087488e-02	7.921115662902593335e-02
1.000000000000000021e-03	1.010011571322401436e-01	9.470735855049487728e-02	8.990226211026311476e-02
1.000000000000000021e-03	1.017001920518936092e-01	8.200159826905939475e-02	7.621282245963811874e-02
1.000000000000000021e-03	9.838590906621967613e-02	9.555547249488804962e-02	8.796697966754436770e-02
1.000000000000000021e-03	9.566916371064521085e-02	7.723983825813413029e-02	7.545761726796626490e-02
1.000000000000000021e-03	9.367528785325678065e-02	8.230132781242201212e-02	8.359533017501234731e-02
1.000000000000000021e-03	8.996753266526558157e-02	7.871382521631205276e-02	7.867613239213824827e-02
1.000000000000000021e-03	9.238380159686442050e-02	8.809875497955302337e-02	8.853231603279709816e-02
1.000000000000000021e-03	9.094382419211355373e-02	8.346873457441154887e-02	7.789839524775743484e-02
1.000000000000000021e-03	8.547369779725280670e-02	7.468874034769247550e-02	7.144732913002371788e-02
1.000000000000000021e-03	8.678877909536136803e-02	7.692514186364193818e-02	7.532569523900747854e-02
1.000000000000000021e-03	8.698205151630390708e-02	9.066073313667512290e-02	8.455585297197103223e-02
1.000000000000000021e-03	8.710272175895397706e-02	8.114290834253370943e-02	7.370386086404323578e-02
1.000000000000000021e-03	8.516921775243253834e-02	6.958355621985740092e-02	6.500749606639147360e-02
1.000000000000000021e-03	8.232528209218180348e-02	8.009598055045018261e-02	7.644152520224452296e-02
1.000000000000000021e-03	8.023210027628405183e-02	8.610862263366189651e-02	8.480606460943818092e-02
1.000000000000000021e-03	8.031492750092673882e-02	6.798197877110610798e-02	6.336244614794850349e-02
1.000000000000000021e-03	7.914133195252248676e-02	8.745449818475707626e-02	8.509241100400685709e-02
1.000000000000000021e-03	7.789523238581651243e-02	6.887603615513022970e-02	7.678352324292063436e-02
1.000000000000000021e-03	7.888753784125873691e-02	7.428926962832506364e-02	7.256551822647452910e-02
1.000000000000000021e-03	7.705678514282393587e-02	6.719657060987661856e-02	6.573977349326014241e-02
1.000000000000000021e-03	7.555942005711353826e-02	6.794152324970480217e-02	6.461522188037634173e-02
1.000000000000000021e-03	7.493456719424781975e-02	6.549566689664156061e-02	6.311196871101856787e-02
1.000000000000000021e-03	7.611485452560784459e-02	7.345916309359809548e-02	7.155176671221852303e-02
1.000000000000000021e-03	7.428536102730497193e-02	7.290286247018744337e-02	6.928571099415421763e-02
1.000000000000000021e-03	7.343722223680750061e-02	7.198618801008344059e-02	7.049665758386254588e-02
1.000000000000000021e-03	7.345652199713832708e-02	6.222130857525071806e-02	5.906109530478716174e-02
1.000000000000000021e-03	7.109468910299185374e-02	6.836637725848801472e-02	6.549868304282427389e-02
1.000000000000000021e-03	7.278534060711427944e-02	7.782906972613010121e-02	7.553183650597930510e-02
1.000000000000000021e-03	7.034516624495204540e-02	7.065684601898593320e-02	6.457334887236357290e-02
1.000000000000000021e-03	7.087680205069980810e-02	7.022518996168805594e-02	7.023310195654630661e-02
1.000000000000000021e-03	6.886363758284591574e-02	7.376399170119725401e-02	6.964650657027959824e-02
1.000000000000000021e-03	6.937084252956372821e-02	6.202693597574508722e-02	5.596853271126746993e-02
1.000000000000000021e-03	6.992322738093301182e-02	6.126898355508974409e-02	5.657067317515611371e-02
1.000000000000000021e-03	6.761282246826415265e-02	7.537960955453792966e-02	6.669447142630816061e-02
1.000000000000000021e-03	6.693163966633262907e-02	6.179733225266346996e-02	5.549415163695812364e-02
1.000000000000000021e-03	6.801370455579504315e-02	6.050341086783958544e-02	5.464477408677339415e-02
1.000000000000000021e-03	6.656516812971471908e-02	5.774555058847546940e-02	5.011721113696694652e-02
1.000000000000000021e-03	6.559902934304429056e-02	6.214156514765080408e-02	5.358823575079441071e-02
1.000000000000000021e-03	6.604176741949412122e-02	6.990997879448986041e-02	6.559980204328894060e-02
1.000000000000000021e-03	6.727646914954932278e-02	5.920404853074962698e-02	5.303967194631695886e-02
1.000000000000000021e-03	6.509091680486962794e-02	5.974480184038895997e-02	5.294446586631238599e-02
1.000000000000000021e-03	6.336559670359122320e-02	6.107673119187979199e-02	5.562413102015852789e-02
1.000000000000000021e-03	6.430456609101646570e-02	5.724283429691616465e-02	5.539862001314758977e-02
1.000000000000000021e-03	6.448445503598315698e-02	7.121481658666545256e-02	6.764819808304309290e-02
1.000000000000000021e-03	6.326058465898591610e-02	6.935183130477735880e-02	6.288983481936157027e-02
1.000000000000000021e-03	6.305129275076988560e-02	5.735195231141219929e-02	5.203743991442024569e-02
1.000000000000000021e-03	6.082815633801751110e-02	6.933681524470838853e-02	6.400245260447263995e-02
1.000000000000000021e-03	6.293484387207405606e-02	6.840058831566291075e-02	6.399083444848656377e-02
1.000000000000000021e-03	6.241309977829490735e-02	5.675110964991971624e-02	5.016373246908188005e-02
1.000000000000000021e-03	6.005197467630238317e-02	6.345680898240722845e-02	5.925798909738659581e-02
1.000000000000000021e-03	6.031355222686041878e-02	6.363003675616224486e-02	5.812529670074582239e-02
1.000000000000000021e-03	5.978879390946476025e-02	6.354927293059089988e-02	5.271574715152382851e-02
1.000000000000000021e-03	6.082781636356059118e-02	6.211661046166070538e-02	5.656789345666766305e-02
1.000000000000000021e-03	5.990463977223429992e-02	5.359903508455965415e-02	4.865925600752234181e-02
1.000000000000000021e-03	5.863465668678006365e-02	7.178148122124022867e-02	6.785440631210803986e-02
1.000000000000000021e-03	6.045880553883095643e-02	5.735216532585196703e-02	5.107326228171586713e-02
1.000000000000000021e-03	5.889047285701175943e-02	5.376093235861568315e-02	4.924702188000083108e-02
1.000000000000000021e-03	5.821420241704231002e-02	5.355099014235728538e-02	5.009405198507010937e-02
1.000000000000000021e-03	5.808122881589031228e-02	5.520037822035282760e-02	4.952231547795236249e-02
1.000000000000000021e-03	5.808711847384667032e-02	5.972795951038754880e-02	5.432189712300896506e-02
1.000000000000000021e-03	5.773984799578725513e-02	5.568749871085451608e-02	5.551952635869383812e-02
1.000000000000000021e-03	5.656807061226268307e-02	6.334289397400710842e-02	5.824961806647479395e-02
1.000000000000000021e-03	5.587607979180682360e-02	5.464823156868287707e-02	4.916440108790993968e-02
1.000000000000000021e-03	5.596825140872412063e-02	5.008048767038664889e-02	4.564097011461853981e-02
1.000000000000000021e-03	5.650267288210157612e-02	5.014762884074168425e-02	4.546674927696585378e-02
1.000000000000000021e-03	5.607910513327418744e-02	5.995282844801223809e-02	5.475579574704170227e-02
1.000000000000000021e-03	5.474707837161835872e-02	5.146386834222296813e-02	4.761370611377060275e-02
1.000000000000000021e-03	5.664169268033544813e-02	5.728113241688743279e-02	5.369783062487840791e-02
1.000000000000000021e-03	5.382952025055087741e-02	4.783708822586773407e-02	4.305517571046948294e-02
1.000000000000000021e-03	5.459868213039383716e-02	5.204598686574953698e-02	4.823920712806284428e-02
1.000000000000000021e-03	5.416305238026702940e-02	5.437052858437543129e-02	4.836041762027889351e-02
1.000000000000000021e-03	5.383760088956099366e-02	5.312019425653974336e-02	4.614008809439838071e-02
1.000000000000000021e-03	5.419038783882405147e-02	5.402191818072533958e-02	4.820097405463456830e-02
1.000000000000000021e-03	5.407844498805558509e-02	5.741010976867526316e-02	5.311590479686856270e-02
1.000000000000000021e-03	5.397483403184963335e-02	5.541185418348661823e-02	4.991381284780800620e-02
1.000000000000000021e-03	5.431159543888800650e-02	5.376880105916430341e-02	4.758572694845497608e-02
1.000000000000000021e-03	5.204565696517973045e-02	5.563192317233035811e-02	4.962984193116426468e-02
1.000000000000000021e-03	5.327807251231798241e-02	5.362125337904036226e-02	4.840657617896795134e-02
1.000000000000000021e-03	5.398051045431932760e-02	5.067096390220195146e-02	4.616132061928510805e-02
1.000000000000000021e-03	5.262891498110958827e-02	5.414715564336763931e-02	4.963048500940203667e-02
1.000000000000000021e-03	5.177621143030836093e-02	5.501154119743726506e-02	4.840859947726130347e-02
1.000000000000000021e-03	5.136915694525624743e-02	4.929001004244956685e-02	4.774072486907243729e-02
1.000000000000000021e-03	5.258205597391303610e-02	6.324695370584258736e-02	5.544349886476993700e-02
1.000000000000000021e-03	5.234098893987397527e-02	5.079789251986286530e-02	4.552808138541877131e-02
1.000000000000000021e-03	5.024342207913137792e-02	5.724056925215022240e-02	5.209772326052188735e-02
1.000000000000000021e-03	5.169836221530452885e-02	4.823340783724609782e-02	4.184615979902446548e-02
1.000000000000000021e-03	5.091061945647053222e-02	4.985051766935131440e-02	4.333463157527148862e-02
1.000000000000000021e-03	5.235223911719969619e-02	5.635286362461394694e-02	4.997554840520024300e-02
1.000000000000000021e-03	5.041547034341038042e-02	5.348975913530869264e-02	4.908450469374656816e-02
1.000000000000000021e-03	5.034338935793590541e-02	6.641472534749520706e-02	6.071621216833591322e-02
5.000000000000000104e-04	4.315187264214323526e-02	4.206620885244526792e-02	3.762659844942391196e-02
5.000000000000000104e-04	4.208970852542957136e-02	4.253334769520772385e-02	3.714422225020826140e-02
5.000000000000000104e-04	4.164721230895557930e-02	4.469645271048496016e-02	3.986981469206511697e-02
5.000000000000000104e-04	4.097425019224415488e-02	5.222932167390254010e-02	4.704321259632706503e-02
5.000000000000000104e-04	4.080863614469645156e-02	4.632035002151396741e-02	4.121053162962198119e-02
5.000000000000000104e-04	4.042897550817178137e-02	4.674599186093083419e-02	4.107748940587043623e-02
5.000000000000000104e-04	4.069706887102113313e-02	4.127610857106003839e-02	3.584443549625575265e-02
5.000000000000000104e-04	3.998771422868242081e-02	4.512868277455499982e-02	3.947653900831937790e-02
5.000000000000000104e-04	3.979518115108723192e-02	4.401190459962290441e-02	3.872964666225016395e-02
5.000000000000000104e-04	3.987684364930670772e-02	4.513447301667086048e-02	3.913656929507851323e-02
5.000000000000000104e-04	3.938384029695708721e-02	4.362275152033224385e-02	3.819221081212163110e-02
5.000000000000000104e-04	3.891323092910978221e-02	4.346981468117985803e-02	3.764110291376709938e-02
5.000000000000000104e-04	3.937337139362405425e-02	4.136702041897474119e-02	3.632829445414244990e-02
5.000000000000000104e-04	3.890889957048748737e-02	4.499680107137607465e-02	3.891004603356122693e-02
5.000000000000000104e-04	3.869803492554126090e-02	4.304238171828667081e-02	3.867284902371466437e-02
5.000000000000000104e-04	3.851447265688383997e-02	5.200805367794648221e-02	4.729698840528726717e-02
5.000000000000000104e-04	3.786117365283630382e-02	4.372438849852035292e-02	3.837599549442529540e-02
5.000000000000000104e-04	3.834746508745865562e-02	4.400658115978640234e-02	3.839112413115799288e-02
5.000000000000000104e-04	3.830365180847879192e-02	4.450816593830186213e-02	3.857336752116680145e-02
5.000000000000000104e-04	3.805083126141763084e-02	4.365093798342487702e-02	3.710352820344268998e-02
5.000000000000000104e-04	3.799938732880606823e-02	4.709274933249226608e-02	4.131695106625556807e-02
5.000000000000000104e-04	3.773832460838289632e-02	4.501974292060467731e-02	3.938679285347461423e-02
5.000000000000000104e-04	3.794191810646467544e-02	4.429882377659150744e-02	3.845509742386639396e-02
5.000000000000000104e-04	3.768271547723225923e-02	4.260399760142046660e-02	3.668782715685665885e-02
5.000000000000000104e-04	3.710493847398372430e-02	4.513324880046058057e-02	3.959280941635370116e-02
5.000000000000000104e-04	3.746250543771544733e-02	5.187015807870482692e-02	4.533553877845406671e-02
5.000000000000000104e-04	3.739976531860091796e-02	4.200534575194588699e-02	3.670418732799589356e-02
5.000000000000000104e-04	3.706972168919962785e-02	4.143792566360603169e-02	3.575546382926404754e-02
2.500000000000000052e-04	3.351655472698445576e-02	4.344576853693155744e-02	4.505697805434465131e-02
2.500000000000000052e-04	3.316120150888586526e-02	4.399831394094447234e-02	3.764045764692127566e-02
2.500000000000000052e-04	3.278341059480350400e-02	3.979427106093361838e-02	3.385343728587031364e-02
2.500000000000000052e-04	3.280174082720466872e-02	3.938969013071497161e-02	3.361476375721395016e-02
2.500000000000000052e-04	3.259576658635395668e-02	5.003954905099893685e-02	4.408426084555685381e-02
2.500000000000000052e-04	3.231448712831860165e-02	3.929019283444781796e-02	3.430034588091075698e-02
2.500000000000000052e-04	3.262594176609114743e-02	4.316057570044595088e-02	3.872893131338060041e-02
2.500000000000000052e-04	3.177790389379454850e-02	4.058519921494715965e-02	3.445697170682251315e-02
2.500000000000000052e-04	3.214936898268191262e-02	3.932946723403106526e-02	3.389810798689722737e-02
2.500000000000000052e-04	3.236123389028632696e-02	4.184367095183639390e-02	3.641999778337776800e-02
2.500000000000000052e-04	3.161649322305189191e-02	4.022988177718916231e-02	3.480777936056256294e-02
2.500000000000000052e-04	3.198159188183848783e-02	4.320421783711897445e-02	3.712223339825868745e-02
2.500000000000000052e-04	3.219640281738376381e-02	3.882053138502917361e-02	3.309463011100888252e-02
2.500000000000000052e-04	3.155665693413455680e-02	4.018921436283601212e-02	3.422194863669573983e-02
2.500000000000000052e-04	3.161570232051656021e-02	4.298256799890733115e-02	3.690618732944130759e-02
2.500000000000000052e-04	3.154481327352983561e-02	4.205562069973084460e-02	3.686471353285014629e-02
2.500000000000000052e-04	3.143509086914936940e-02	3.944646626593866640e-02	3.351502530276775221e-02
2.500000000000000052e-04	3.174283974622487542e-02	4.169176720784908974e-02	3.604640467092394551e-02
2.500000000000000052e-04	3.147730607335705311e-02	4.333990409541192690e-02	3.691447675228119035e-02
2.500000000000000052e-04	3.102179538293884167e-02	3.913072445941845334e-02	3.285040818154812137e-02
2.500000000000000052e-04	3.144888161915100622e-02	4.779148546500979616e-02	4.203993203118443212e-02
2.500000000000000052e-04	3.117701512560413016e-02	4.646329514448243464e-02	4.026891090907156606e-02
2.500000000000000052e-04	3.091707755229097104e-02	3.975313225107666992e-02	3.406035872176289836e-02
2.500000000000000052e-04	3.127409145019302561e-02	4.116232640534171067e-02	3.549869032576680183e-02
2.500000000000000052e-04	3.057851814331704471e-02	3.878973039227942565e-02	3.275599661283194741e-02
2.500000000000000052e-04	3.092334423173021679e-02	3.663036322796531935e-02	3.106518138665705780e-02
2.500000000000000052e-04	3.088575435521697526e-02	3.850035564437586516e-02	3.299698834307492057e-02
2.500000000000000052e-04	3.077899890346642159e-02	3.986153489281057949e-02	3.452242179773747782e-02
2.500000000000000052e-04	3.057837219873076051e-02	3.946480525569766307e-02	3.437467892654240409e-02
2.500000000000000052e-04	3.042863215330105994e-02	4.132203670969496201e-02	3.654866600409149846e-02
2.500000000000000052e-04	3.073820693352286373e-02	3.734013342166914162e-02	3.213809868320822993e-02
2.500000000000000052e-04	3.061490517852956741e-02	3.815567111157622260e-02	3.247571047395467897e-02
2.500000000000000052e-04	3.070871227969691405e-02	4.301790384995063388e-02	3.718994087539613524e-02
2.500000000000000052e-04	3.016985483725466780e-02	4.049765976896772812e-02	3.511973996646702151e-02
2.500000000000000052e-04	3.051847551470929232e-02	3.717748735938709165e-02	3.226034676190465966e-02
2.500000000000000052e-04	3.037399814072443832e-02	4.313974633461829800e-02	3.716497824061661820e-02
2.500000000000000052e-04	3.056338848139811271e-02	4.054104784474323042e-02	3.436509873718023023e-02
2.500000000000000052e-04	3.026693613106442443e-02	4.492655344775522280e-02	3.974903062917291979e-02
2.500000000000000052e-04	3.013309681600630577e-02	3.975548388446188686e-02	3.374502342194318771e-02
2.500000000000000052e-04	3.013304645307210428e-02	3.766628163647277316e-02	3.165224690455943624e-02
2.500000000000000052e-04	2.996811161111388039e-02	4.041833400297227541e-02	3.500980460084975043e-02
2.500000000000000052e-04	2.980603007713485478e-02	4.268817737191447220e-02	3.666218877770006934e-02
2.500000000000000052e-04	3.017933509047638838e-02	4.049761629424482312e-02	3.464987352490424971e-02
2.500000000000000052e-04	2.978870657192994945e-02	3.971472746297639161e-02	3.562514432705939094e-02
2.500000000000000052e-04	3.016024771232619570e-02	4.153200215538134510e-02	3.589716637507080893e-02
2.500000000000000052e-04	2.994567780132953091e-02	4.254725707100012050e-02	3.711623298004269877e-02
2.500000000000000052e-04	2.978478795932763129e-02	3.718532383910024691e-02	3.231045133434236327e-02
1.250000000000000026e-04	2.814662930462996995e-02	3.661013174197436798e-02	4.081985410302877565e-02
1.250000000000000026e-04	2.782568150893971817e-02	4.215089322423747759e-02	3.631570450961589536e-02
1.250000000000000026e-04	2.744945173095987567e-02	3.931467955766235894e-02	3.357960865832865238e-02
1.250000000000000026e-04	2.752487944604838782e-02	3.830320736227547235e-02	3.271559844724834104e-02
1.250000000000000026e-04	2.742143405559123448e-02	3.666482989661668662e-02	3.123526545241474967e-02
1.250000000000000026e-04	2.735812943797166427e-02	4.194247422262011721e-02	3.609145521186292449e-02
1.250000000000000026e-04	2.738955322492687972e-02	4.361451725373093058e-02	3.773944084532558640e-02
1.250000000000000026e-04	2.737978267807940347e-02	3.665548674177124960e-02	4.164919732138514658e-02
1.250000000000000026e-04	2.726589446240486672e-02	3.895180462737669880e-02	3.349835225380957265e-02
1.250000000000000026e-04	2.715165482117746359e-02	3.765387121217413091e-02	3.197060255333781381e-02
1.250000000000000026e-04	2.711247050903906747e-02	3.875303917920402269e-02	3.315112292766571322e-02
1.250000000000000026e-04	2.694276943716148592e-02	3.859053565803622493e-02	3.233756904955953360e-02
1.250000000000000026e-04	2.705497419111617050e-02	3.766524483552154134e-02	3.173431330360472480e-02
1.250000000000000026e-04	2.692275525543702183e-02	3.973295075419061573e-02	3.308079973794519901e-02
1.250000000000000026e-04	2.728917736206864716e-02	3.822558267890471123e-02	3.182931658811867515e-02
1.250000000000000026e-04	2.679436254721956345e-02	3.681362808452851021e-02	3.008299297653138638e-02
1.250000000000000026e-04	2.687797489738034257e-02	4.036961997132650776e-02	3.391235782764852325e-02
1.250000000000000026e-04	2.692091587330623648e-02	3.976546396642767489e-02	3.433604831807315211e-02
1.250000000000000026e-04	2.693201568781670649e-02	3.845424497626839105e-02	3.267924506217241565e-02
1.250000000000000026e-04	2.705881627869248865e-02	4.199226424878180208e-02	3.527882434427738467e-02
1.250000000000000026e-04	2.692231016343003477e-02	3.663676952777420587e-02	2.987418044358491898e-02
1.250000000000000026e-04	2.658351487574915628e-02	3.596151283703237500e-02	2.951962596271186928e-02
1.250000000000000026e-04	2.699661362588995014e-02	3.780020183410631729e-02	3.163180160336196561e-02
1.250000000000000026e-04	2.683603094750933865e-02	3.813559261604129030e-02	3.219175571575760841e-02
1.250000000000000026e-04	2.652653554154298793e-02	4.436618295444556132e-02	3.795799631625414172e-02
1.250000000000000026e-04	2.670319647153860179e-02	3.665035222876446286e-02	3.249090267345309396e-02
1.250000000000000026e-04	2.657323352420413315e-02	4.218297083106340578e-02	3.526678341440856596e-02
1.250000000000000026e-04	2.656016743635198490e-02	3.801642842005684836e-02	3.118434064090251992e-02
1.250000000000000026e-04	2.665147611707743835e-02	4.132123150087464031e-02	3.442651969380676469e-02
1.250000000000000026e-04	2.650091432386043888e-02	3.863632977398902268e-02	3.194904150441289087e-02
1.250000000000000026e-04	2.643962434496797617e-02	3.758390736400456927e-02	3.193164248950779160e-02
1.250000000000000026e-04	2.666140064475770732e-02	3.903086820900128484e-02	3.281318745575845242e-02
1.250000000000000026e-04	2.634918025449360310e-02	3.764329717070332565e-02	3.155833738856017590e-02
1.250000000000000026e-04	2.652501572441437472e-02	3.602615297230750413e-02	3.006787295453250408e-02
1.250000000000000026e-04	2.636838293893868299e-02	3.820329276523040662e-02	3.160387687385082106e-02
1.250000000000000026e-04	2.642552200932361123e-02	3.812401708586053706e-02	3.156659766100346903e-02
1.250000000000000026e-04	2.647779675156155393e-02	3.692896444721059657e-02	2.965601864270865987e-02
1.250000000000000026e-04	2.613441951718092557e-02	4.287228352970477718e-02	3.722613719291985312e-02
1.250000000000000026e-04	2.606894031498600828e-02	3.718924911507449221e-02	3.103210399858653476e-02
1.250000000000000026e-04	2.646974192356876115e-02	4.034083512128959492e-02	3.457118067890405794e-02
1.250000000000000026e-04	2.608911942098985498e-02	3.785622352490406600e-02	3.153753555379808227e-02
1.250000000000000026e-04	2.615720197967989769e-02	4.302726269587484054e-02	3.707263474352658073e-02
1.250000000000000026e-04	2.624552520105767964e-02	3.867392940202932922e-02	3.211761219426989555e-02
6.250000000000000130e-05	2.531962289077778483e-02	3.664862644902542460e-02	3.109048628248274257e-02
6.250000000000000130e-05	2.486379852289807499e-02	3.595085846289446108e-02	3.017216073349118094e-02
6.250000000000000130e-05	2.494847424243809217e-02	4.107201012602339218e-02	3.447365760803222656e-02
6.250000000000000130e-05	2.497000378838817869e-02	3.881083287454712566e-02	3.251158404164015969e-02
6.250000000000000130e-05	2.488456096623684402e-02	3.760783364557471198e-02	3.155503068119287768e-02
6.250000000000000130e-05	2.491901125574680700e-02	3.826205890762244405e-02	3.222779394127428532e-02
6.250000000000000130e-05	2.500979643078860004e-02	3.701048979233384495e-02	3.058659918606281350e-02
6.250000000000000130e-05	2.503549109509408885e-02	4.080274675763090331e-02	3.427330590784549713e-02
6.250000000000000130e-05	2.496112105959442246e-02	3.872672532787498068e-02	3.239900493063032488e-02
6.250000000000000130e-05	2.476591917341049512e-02	3.630309790879956283e-02	2.982027181424200604e-02
6.250000000000000130e-05	2.502898504949971695e-02	3.722604653793167712e-02	3.168027820065617839e-02
6.250000000000000130e-05	2.501583361912598780e-02	3.815949956901098367e-02	3.158325431868434091e-02
6.250000000000000130e-05	2.468976962698136990e-02	3.835340167020315910e-02	3.223644350655376772e-02
6.250000000000000130e-05	2.475468286623557293e-02	3.753615254097428244e-02	3.104108567349612643e-02
6.250000000000000130e-05	2.497155716726171676e-02	3.635490065469791643e-02	3.008801641408354044e-02
6.250000000000000130e-05	2.468460475903496223e-02	3.717750693178925592e-02	3.093971912749111583e-02
6.250000000000000130e-05	2.463606885922048698e-02	3.719493097269722243e-02	3.093432979658245971e-02
6.250000000000000130e-05	2.457598957962910807e-02	3.651630734117867344e-02	3.009792368393391510e-02
6.250000000000000130e-05	2.460027671158487167e-02	3.905193512547390500e-02	3.170748963020741940e-02
6.250000000000000130e-05	2.482545619300626644e-02	3.768143839939102485e-02	3.167121112346649170e-02
6.250000000000000130e-05	2.445764103638893572e-02	3.790423437874979040e-02	3.157069180160761157e-02
6.250000000000000130e-05	2.441636797467624728e-02	3.530531820319397773e-02	2.898788105230778317e-02
6.250000000000000130e-05	2.454727514928132029e-02	3.460948060495847023e-02	2.827438139356672903e-02
6.250000000000000130e-05	2.437860406274241359e-02	3.736548862025063783e-02	3.140388466417789320e-02
6.250000000000000130e-05	2.446507564201352847e-02	3.708006540089065634e-02	3.122193142771721025e-02
6.250000000000000130e-05	2.438317789951336204e-02	3.868381009090945261e-02	3.242736663669347486e-02
6.250000000000000130e-05	2.447393153528094889e-02	3.669973750506084348e-02	3.033580286428332398e-02
6.250000000000000130e-05	2.450086526494687708e-02	3.873094724227933022e-02	3.336987472139298777e-02
6.250000000000000130e-05	2.441798623568915139e-02	3.773973497966821161e-02	3.176342002116143426e-02
6.250000000000000130e-05	2.455272318317472044e-02	3.938845406574104785e-02	3.335739891044795652e-02
6.250000000000000130e-05	2.450139081748142766e-02	3.652749103323327251e-02	3.020541453734040122e-02
6.250000000000000130e-05	2.433721572182392240e-02	3.878852769888508495e-02	3.276263037696480751e-02
6.250000000000000130e-05	2.424855761656915729e-02	3.790002020748810263e-02	3.139131441712379733e-02
6.250000000000000130e-05	2.460555791196052111e-02	3.650616134726564210e-02	3.030159259214997361e-02
6.250000000000000130e-05	2.436072293478278375e-02	3.762852974938160622e-02	3.101831711828708510e-02
6.250000000000000130e-05	2.456370890606465740e-02	3.799788074577666042e-02	3.167975889518857141e-02
6.250000000000000130e-05	2.426872246179766560e-02	3.642493895991310432e-02	3.050822122022509714e-02
6.250000000000000130e-05	2.448898040997801728e-02	3.844075786993297883e-02	3.254305473528802672e-02
6.250000000000000130e-05	2.439633846920094204e-02	3.666199836392364936e-02	4.025182900950312337e-02
6.250000000000000130e-05	2.433361940101057622e-02	3.883147240660265315e-02	3.253386639989912232e-02
6.250000000000000130e-05	2.433587352562654668e-02	4.300289466509019803e-02	3.614643621258437772e-02
6.250000000000000130e-05	2.423706961391518602e-02	3.789630347950607991e-02	3.155631651170551916e-02
6.250000000000000130e-05	2.437728148066439435e-02	3.984985572739421084e-02	3.363867630250751833e-02
6.250000000000000130e-05	2.439671778729604959e-02	3.992255721533798096e-02	3.377114403992891034e-02
3.125000000000000065e-05	2.388141009687874683e-02	3.899682441931120319e-02	3.250381019897759238e-02
3.125000000000000065e-05	2.388303851954738655e-02	3.652602363943429492e-02	3.018062692135572295e-02
3.125000000000000065e-05	2.367868456813989470e-02	3.741464405003642330e-02	3.083712849766016145e-02
3.125000000000000065e-05	2.376328697216812530e-02	3.705563669273366501e-02	3.041604077443480630e-02
3.125000000000000065e-05	2.364928353309128650e-02	3.566973670068835506e-02	2.959849098697304656e-02
3.125000000000000065e-05	2.360285513553770503e-02	3.659439123971924140e-02	2.980572837404906611e-02
3.125000000000000065e-05	2.361251813277749634e-02	3.830303455561555326e-02	3.190739364363252839e-02
3.125000000000000065e-05	2.360818232992071414e-02	3.851708868294174276e-02	3.176381797529757162e-02
3.125000000000000065e-05	2.361772277345311824e-02	3.779464102891415267e-02	3.148257518187165538e-02
3.125000000000000065e-05	2.365432879028797272e-02	3.648213085508783537e-02	3.056908296421170096e-02
3.125000000000000065e-05	2.368355339632487178e-02	4.233681877675168903e-02	3.533457689918577393e-02
3.125000000000000065e-05	2.374387308175027189e-02	4.043393940981770268e-02	3.381403367966413775e-02
3.125000000000000065e-05	2.348400235453478729e-02	3.676234870290880780e-02	3.062466639094054560e-02
3.125000000000000065e-05	2.354278569415844610e-02	3.709008671460351653e-02	3.108081747777759890e-02
3.125000000000000065e-05	2.364797944039401245e-02	3.591310703902656637e-02	2.929426566697657108e-02
3.125000000000000065e-05	2.378714627490409808e-02	3.699810898506828566e-02	3.040486769750714441e-02
3.125000000000000065e-05	2.361440685224990704e-02	3.511148409830182338e-02	2.856828742660582135e-02
3.125000000000000065e-05	2.376816155678262640e-02	3.707535311833257824e-02	3.066740226931869914e-02
3.125000000000000065e-05	2.355651135451836131e-02	3.812719732327923133e-02	3.194137816317379336e-02
3.125000000000000065e-05	2.370185337997561190e-02	3.730321686266292736e-02	4.014331945218145570e-02
3.125000000000000065e-05	2.362115841322058943e-02	3.986565927677441362e-02	3.328192206099629680e-02
1.562500000000000033e-05	2.338477521224587713e-02	3.515417058098846415e-02	5.840495538432151357e-02
1.562500000000000033e-05	2.307560938178036813e-02	3.877446504982666464e-02	3.181442115455865999e-02
1.562500000000000033e-05	2.336688443678125102e-02	3.900222165305265026e-02	3.234526612795889100e-02
1.562500000000000033e-05	2.333429067191375786e-02	3.654279035189388763e-02	2.980260592885315349e-02
1.562500000000000033e-05	2.323621160980831810e-02	3.802134358953118687e-02	3.172150636091828485e-02
1.562500000000000033e-05	2.322855912671229969e-02	3.575603298706377803e-02	2.917813551612198283e-02
1.562500000000000033e-05	2.332090936089720179e-02	3.706629543092238022e-02	3.067170986905693938e-02
1.562500000000000033e-05	2.324384956015463494e-02	3.842598781067663172e-02	3.188538039103150368e-02
1.562500000000000033e-05	2.313517818282672181e-02	3.928994332776643977e-02	3.257867577485740185e-02
1.562500000000000033e-05	2.324695200206947088e-02	3.761216133091774272e-02	3.116470887325704237e-02
1.562500000000000033e-05	2.338008421737052672e-02	3.978805962696437687e-02	3.336612442508339604e-02
1.562500000000000033e-05	2.299216750753504956e-02	3.997809443798364809e-02	3.336730655282735963e-02
1.562500000000000033e-05	2.317694675257519349e-02	3.742561610269296707e-02	3.124719234183430741e-02
1.562500000000000033e-05	2.321324960196985768e-02	3.652232017914194134e-02	2.970270253717899323e-02
1.562500000000000033e-05	2.294372044906774211e-02	3.803445814245658141e-02	3.189041949808597842e-02
1.562500000000000033e-05	2.331302599702951561e-02	3.938596988223610346e-02	3.281663050875067988e-02
1.562500000000000033e-05	2.318007344246742971e-02	3.821603523772112293e-02	3.189853332005441328e-02
1.562500000000000033e-05	2.312922002471346286e-02	3.641895803071909521e-02	2.974286694079637458e-02
1.562500000000000033e-05	2.304993854936400813e-02	3.630017843194969368e-02	2.979900473728775909e-02
1.562500000000000033e-05	2.309725387807482627e-02	3.837251615422870160e-02	3.190172868780791898e-02
1.562500000000000033e-05	2.319323477823419591e-02	3.665402249301447091e-02	3.011829107999801705e-02
7.812500000000000163e-06	2.303331114087359827e-02	3.697777700400789458e-02	3.924738187342882018e-02
7.812500000000000163e-06	2.311056076617799826e-02	3.672805601604165610e-02	3.024865719489753385e-02
7.812500000000000163e-06	2.319839091862076555e-02	3.563331336719203352e-02	2.942046062089502881e-02
7.812500000000000163e-06	2.298469790606962743e-02	3.506729116965651150e-02	2.850973913446068833e-02
7.812500000000000163e-06	2.308733883590684960e-02	3.905832864032053597e-02	3.277072017081082006e-02
7.812500000000000163e-06	2.291902894866092166e-02	3.889479191671491032e-02	3.354367204010486742e-02
7.812500000000000163e-06	2.302289581594857762e-02	3.717880668264877259e-02	3.074909136630594661e-02
7.812500000000000163e-06	2.303466800255717095e-02	3.770496955638780873e-02	3.104727715253829956e-02
7.812500000000000163e-06	2.305769875543782488e-02	3.450769789185355318e-02	2.786829844117164751e-02
7.812500000000000163e-06	2.296524912329123147e-02	3.808107626921843764e-02	3.181338445283472816e-02
7.812500000000000163e-06	2.286424779849492023e-02	3.768228150475087801e-02	3.118248577229678492e-02
7.812500000000000163e-06	2.305356118180087316e-02	3.846860418574036405e-02	3.183039259165525159e-02
7.812500000000000163e-06	2.299636886728718271e-02	3.738081682453917032e-02	3.080149088054895401e-02
7.812500000000000163e-06	2.292322363312192940e-02	3.705929075392128819e-02	3.035167560447007279e-02
7.812500000000000163e-06	2.292192325108685300e-02	3.630940274808419632e-02	3.050363305956125398e-02
7.812500000000000163e-06	2.289139405499716895e-02	3.741757287912031438e-02	3.087378921918570995e-02
7.812500000000000163e-06	2.300741320281978267e-02	3.800276830714410803e-02	3.143205530941486220e-02
7.812500000000000163e-06	2.309825312543428363e-02	3.675313984867945721e-02	3.087651224341243436e-02
7.812500000000000163e-06	2.304117323277022830e-02	4.253463609953513080e-02	3.570285332389176031e-02
7.812500000000000163e-06	2.313180553654795024e-02	3.886325109301437541e-02	3.225347972474992136e-02
7.812500000000000163e-06	2.326798922999384275e-02	3.732623627984710951e-02	3.096645134501159122e-02
7.812500000000000163e-06	2.312475484170110548e-02	3.673293218211665795e-02	3.026194781996309827e-02
7.812500000000000163e-06	2.291104623667544748e-02	3.647004739327736750e-02	2.982764423359185457e-02
7.812500000000000163e-06	2.302253414855629648e-02	3.792687122227321461e-02	3.148971823975443840e-02
7.812500000000000163e-06	2.302477764937681942e-02	3.685926674275186166e-02	3.862982336431741714e-02
7.812500000000000163e-06	2.286938110170338642e-02	3.657208081744416084e-02	3.123513488098978927e-02
7.812500000000000163e-06	2.305491406572392210e-02	3.903278261813193650e-02	3.219279977492987832e-02
7.812500000000000163e-06	2.328712556461319874e-02	3.741239872395368121e-02	3.056164402514695982e-02
7.812500000000000163e-06	2.299826048691651359e-02	3.981962088124914312e-02	3.301579831168055534e-02
7.812500000000000163e-06	2.293535286193326694e-02	3.928326554011300070e-02	3.296300144866108617e-02
3.906250000000000081e-06	2.283931033682552736e-02	3.896034902927138915e-02	3.182441494427621503e-02
3.906250000000000081e-06	2.301726984093101225e-02	3.787433673964121089e-02	3.110456056892871995e-02
3.906250000000000081e-06	2.292908709973027342e-02	3.723363183360761663e-02	3.081547203473746638e-02
3.906250000000000081e-06	2.275088862009420204e-02	3.625971292442988630e-02	2.967156004160642624e-02
3.906250000000000081e-06	2.295330761205307407e-02	4.252620587486247161e-02	3.564461353234946867e-02
3.906250000000000081e-06	2.296407080736009160e-02	3.762567142287941840e-02	3.110257298685610225e-02
3.906250000000000081e-06	2.287283125471642128e-02	3.797786970530193235e-02	3.244925644248723706e-02
3.906250000000000081e-06	2.292686780462818361e-02	3.685569045431327101e-02	3.050217158161103864e-02
3.906250000000000081e-06	2.304828932282361464e-02	4.359221667129331568e-02	3.674519220367074290e-02
3.906250000000000081e-06	2.280534811127213693e-02	3.702185908088665572e-02	3.018919681198894978e-02
3.906250000000000081e-06	2.286581896785094131e-02	3.868817824733818828e-02	3.199882386252284050e-02
3.906250000000000081e-06	2.281266730928868322e-02	3.571577619819740756e-02	2.906667548231780390e-02
3.906250000000000081e-06	2.304317910655457463e-02	3.759402124435489573e-02	3.066916610114276548e-02
3.906250000000000081e-06	2.293722415662578090e-02	3.711346727040113619e-02	3.041234142147004535e-02
3.906250000000000081e-06	2.295648663642275988e-02	4.182531214587351109e-02	3.476054416969418664e-02
3.906250000000000081e-06	2.298036432397563070e-02	3.548932515318792974e-02	2.926084897480905195e-02
3.906250000000000081e-06	2.278761069684215324e-02	3.551959611124393124e-02	2.946935161016881605e-02
3.906250000000000081e-06	2.263403118009949325e-02	3.840941145860087697e-02	3.176275142468511919e-02
3.906250000000000081e-06	2.285663152157983019e-02	3.804507485898065561e-02	3.112694649025797913e-02
3.906250000000000081e-06	2.294220526850608566e-02	3.649755898882581229e-02	2.987334029749035696e-02
3.906250000000000081e-06	2.295445174102331634e-02	3.763508113071868666e-02	3.105523972772061825e-02
1.953125000000000041e-06	2.277798025905132528e-02	3.697832280779696223e-02	3.052926999516785214e-02
1.953125000000000041e-06	2.280234778489551375e-02	3.735575130628665530e-02	3.040938177146017621e-02
1.953125000000000041e-06	2.285116493979327118e-02	3.734453069289941224e-02	3.071159454993903706e-02
1.953125000000000041e-06	2.306443638557816381e-02	3.461603972943821245e-02	3.071330683305859705e-02
1.953125000000000041e-06	2.281215367053156945e-02	3.618148150634391269e-02	2.953863658476620774e-02
1.953125000000000041e-06	2.284770991995609818e-02	3.546049675528759743e-02	2.922056687530130009e-02
1.953125000000000041e-06	2.291237184297837542e-02	3.844704254193923726e-02	3.178530698642134666e-02
1.953125000000000041e-06	2.284244747497596317e-02	4.035352228979789679e-02	3.378010950982570509e-02
1.953125000000000041e-06	2.305040597794290325e-02	3.539977891672968502e-02	2.945542447268962791e-02
1.953125000000000041e-06	2.281042158770536787e-02	3.618755895176326703e-02	2.969651278108358453e-02
1.953125000000000041e-06	2.297878177449705350e-02	3.615341246791223262e-02	2.910654186271131177e-02
1.953125000000000041e-06	2.284581574040869811e-02	3.505810362369757988e-02	2.807430559769272943e-02
1.953125000000000041e-06	2.274777689800229832e-02	3.562037806704406590e-02	2.922896058298647334e-02
1.953125000000000041e-06	2.272052894421723590e-02	3.582781947252013793e-02	2.918065236881375174e-02
1.953125000000000041e-06	2.292996709879190770e-02	3.675682875400906185e-02	3.009310318157076836e-02
1.953125000000000041e-06	2.272891424923545803e-02	3.745810757756857373e-02	3.090106961317360540e-02
1.953125000000000041e-06	2.288048480891467090e-02	3.719611252360630754e-02	3.056137580424547057e-02
1.953125000000000041e-06	2.269989613838030093e-02	3.775323871328100517e-02	3.256456679664552351e-02
1.953125000000000041e-06	2.270236587961306854e-02	3.511090702938003683e-02	2.823833459988236289e-02
1.953125000000000041e-06	2.285674637494529773e-02	3.578417678485522335e-02	2.901005814783275127e-02
1.953125000000000041e-06	2.287317074373702505e-02	3.689939042075453951e-02	3.039552262052893500e-02
9.765625000000000203e-07	2.296856462027944620e-02	3.542658483794846463e-02	2.889523487538099220e-02
9.765625000000000203e-07	2.270209424873817147e-02	3.656857426604987610e-02	3.087074193172156811e-02
9.765625000000000203e-07	2.289699573977836689e-02	3.853462540900520067e-02	3.211901425383985320e-02
9.765625000000000203e-07	2.278261408133951463e-02	3.703361934938356054e-02	3.025240288116037846e-02
9.765625000000000203e-07	2.308628088109294929e-02	3.660487930695111719e-02	2.981522609479725361e-02
9.765625000000000203e-07	2.286954313720326870e-02	3.775972871997281682e-02	3.076537854503840277e-02
9.765625000000000203e-07	2.267462545014384614e-02	4.003325606944985182e-02	3.337295446544885635e-02
9.765625000000000203e-07	2.272233588663279125e-02	3.723011878733547414e-02	3.056216808035969873e-02
9.765625000000000203e-07	2.273249022398250024e-02	3.706646235220875663e-02	3.013557665981352399e-02
9.765625000000000203e-07	2.277320034860472533e-02	3.794979541050513827e-02	3.114916137419641157e-02
9.765625000000000203e-07	2.270912141780249277e-02	3.664411783842515952e-02	3.017959841527044842e-02
9.765625000000000203e-07	2.285237753370461533e-02	3.743183464592039766e-02	3.058597133494913439e-02
9.765625000000000203e-07	2.272811553962723885e-02	3.860758376644232021e-02	3.172696684487164021e-02
9.765625000000000203e-07	2.284991306021436769e-02	4.056113651168596207e-02	3.399446685798466344e-02
9.765625000000000203e-07	2.274988130181420862e-02	3.643239509918926727e-02	3.001725072972476552e-02
9.765625000000000203e-07	2.286326350430768761e-02	3.711209374026478575e-02	3.040579869411885738e-02
9.765625000000000203e-07	2.274946307892401418e-02	3.942688505765030993e-02	3.308171224780380448e-02
9.765625000000000203e-07	2.282227773745958838e-02	3.623067235076770504e-02	3.025233643129467825e-02
9.765625000000000203e-07	2.273730228429117484e-02	4.165567388436244856e-02	3.489529318176209927e-02
9.765625000000000203e-07	2.275096726565339553e-02	3.743088654003530469e-02	3.105056220665574143e-02
9.765625000000000203e-07	2.281698514775109057e-02	3.618535975784219205e-02	2.943476731888949871e-02
4.882812500000000102e-07	2.285021393537660025e-02	3.808293003998501625e-02	3.160248859785497189e-02
4.882812500000000102e-07	2.268941156563976033e-02	3.632936231713956854e-02	2.976814305875450511e-02
4.882812500000000102e-07	2.277300747435425168e-02	3.593667659967045291e-02	2.996544027701020241e-02
4.882812500000000102e-07	2.278958635655009210e-02	3.693181399197478787e-02	3.049933682195842335e-02
4.882812500000000102e-07	2.270011174957928257e-02	3.854470277760977531e-02	3.218131531029939929e-02
4.882812500000000102e-07	2.260903326427177173e-02	3.734887632204911961e-02	3.075665361247956892e-02
4.882812500000000102e-07	2.284715144660425662e-02	3.778170551422066481e-02	3.120445301756262849e-02
4.882812500000000102e-07	2.279253701401474583e-02	3.549954990968498536e-02	2.911418164148926735e-02
4.882812500000000102e-07	2.270215414377788760e-02	3.611523236747811449e-02	3.961459302809089422e-02
4.882812500000000102e-07	2.285056737039743019e-02	3.718330756961051031e-02	3.051322074607014725e-02
4.882812500000000102e-07	2.273091148214502477e-02	3.681488717901301028e-02	3.960909941233694415e-02
4.882812500000000102e-07	2.256231063325662284e-02	3.643798874934930238e-02	2.982478816993534496e-02
4.882812500000000102e-07	2.266589956874934947e-02	3.571163815158511640e-02	2.877237924840301414e-02
4.882812500000000102e-07	2.257764790751096498e-02	3.614455936915431100e-02	2.915954124182462692e-02
4.882812500000000102e-07	2.272791947753381725e-02	3.844321406012430470e-02	3.183202119544148445e-02
4.882812500000000102e-07	2.295232359200733221e-02	3.714635155860978449e-02	3.029747335240244935e-02
4.882812500000000102e-07	2.276263266439923841e-02	3.701808602983102520e-02	4.077253513969480991e-02
4.882812500000000102e-07	2.265792319885931438e-02	3.820881867264421666e-02	3.140181652270257473e-02
4.882812500000000102e-07	2.280307371156325980e-02	3.848606014516964963e-02	3.134528384543955326e-02
4.882812500000000102e-07	2.269440538880001731e-02	3.851422143817259669e-02	3.146149078384041786e-02
4.882812500000000102e-07	2.280063487897091359e-02	3.740164772144163180e-02	3.104737997055053572e-02
2.441406250000000051e-07	2.301405325430104509e-02	3.757191964312997512e-02	3.147973837330937663e-02
2.441406250000000051e-07	2.278122819099768007e-02	3.702493634133438571e-02	3.022035411559045176e-02
2.441406250000000051e-07	2.266685677981605460e-02	3.695655628765753126e-02	3.005462465807795525e-02
2.441406250000000051e-07	2.275272644460287971e-02	3.653669361200632265e-02	2.991325384937226772e-02
2.441406250000000051e-07	2.276144720291054663e-02	3.781013108828928937e-02	3.123632236383855343e-02
2.441406250000000051e-07	2.284357994588968530e-02	3.687899723571008703e-02	3.042344949208199839e-02
2.441406250000000051e-07	2.280221319984408399e-02	3.664982472960861409e-02	2.981429630890488486e-02
2.441406250000000051e-07	2.276145348703535395e-02	3.776309550471643184e-02	3.096978543326258521e-02
2.441406250000000051e-07	2.288378794461384813e-02	3.741291021996455413e-02	3.094713077880442004e-02
2.441406250000000051e-07	2.266460543453970716e-02	3.513291618586834864e-02	2.863910323940217426e-02
2.441406250000000051e-07	2.257430999214181735e-02	3.761782394770864235e-02	3.118490276392549276e-02
2.441406250000000051e-07	2.278005204056760685e-02	3.668831346351750927e-02	3.073906209319830080e-02
2.441406250000000051e-07	2.269217066646679951e-02	3.800967208924093538e-02	3.138874417636543235e-02
2.441406250000000051e-07	2.270799371510865555e-02	3.665827512155964835e-02	3.020365708507597585e-02
2.441406250000000051e-07	2.275126921300141963e-02	3.877616684435238048e-02	3.194955363869667053e-02
2.441406250000000051e-07	2.283902448255822198e-02	3.479207007224179027e-02	2.890161671675741534e-02
2.441406250000000051e-07	2.277936722537141773e-02	3.708371243083664198e-02	3.011857769452035496e-02
2.441406250000000051e-07	2.280515598955630899e-02	3.897447271652870748e-02	3.233851906843483726e-02
2.441406250000000051e-07	2.287556756983460601e-02	3.739293506710317239e-02	3.046570371370762448e-02
2.441406250000000051e-07	2.284892893235408728e-02	3.492804306086289001e-02	2.839157232083380084e-02
2.441406250000000051e-07	2.274769103266147119e-02	3.512465167810155386e-02	2.866407432593405177e-02
1.220703125000000025e-07	2.288263707262978147e-02	3.770398153528493196e-02	3.097860508132726023e-02
1.220703125000000025e-07	2.261706169449776913e-02	3.662204873109363434e-02	2.990440248977392981e-02
1.220703125000000025e-07	2.272426974789010234e-02	3.836292233220569420e-02	3.171495404094457765e-02
1.220703125000000025e-07	2.265939771871170946e-02	3.903720884813063896e-02	3.212121501564979553e-02
1.220703125000000025e-07	2.258873688530581986e-02	3.695884518598386431e-02	3.016704339534044196e-02
1.220703125000000025e-07	2.276740377360370743e-02	3.634120166028669691e-02	2.996097139548510244e-02
1.220703125000000025e-07	2.287839910036051569e-02	3.876245840018644612e-02	3.251376892440020760e-02
1.220703125000000025e-07	2.279958722017458306e-02	3.519179029829058725e-02	2.843964903149753809e-02
1.220703125000000025e-07	2.278302909796618703e-02	3.584740745849634286e-02	2.912819508928805520e-02
1.220703125000000025e-07	2.273476006297384805e-02	3.885439136772567831e-02	3.208541809581220289e-02
1.220703125000000025e-07	2.269108649700828095e-02	3.616340802641127006e-02	2.939353049732744763e-02
1.220703125000000025e-07	2.278519027127974897e-02	3.640765146259706403e-02	3.027913090772926807e-02
1.220703125000000025e-07	2.284354949722184475e-02	3.613221516627915936e-02	2.954844553023576806e-02
1.220703125000000025e-07	2.276562482341820681e-02	3.935763717711907722e-02	3.257528431713581363e-02
1.220703125000000025e-07	2.281841354248497974e-02	3.810619735475922337e-02	3.153829411603510657e-02
1.220703125000000025e-07	2.278258906240689455e-02	3.670058026909828186e-02	2.964572731871157815e-02
1.220703125000000025e-07	2.279603362100772121e-02	3.754791969443178890e-02	3.271244606003165245e-02
1.220703125000000025e-07	2.282403800864078042e-02	3.812561512812581710e-02	3.162140562199056149e-02
1.220703125000000025e-07	2.281921633170866728e-02	3.694799013377328412e-02	3.042377606034278939e-02
1.220703125000000025e-07	2.258960674492476589e-02	3.832910168935491080e-02	3.129674373194575587e-02
1.220703125000000025e-07	2.255914395934034700e-02	3.678538730241241034e-02	3.000208488665521284e-02
6.103515625000000127e-08	2.275754404571199777e-02	3.775810109968272960e-02	3.098349403589963774e-02
6.103515625000000127e-08	2.283570572241941377e-02	3.780151889001199389e-02	3.124910942278802395e-02
6.103515625000000127e-08	2.268505802864578466e-02	3.879929367082281255e-02	3.205085862427949767e-02
6.103515625000000127e-08	2.288574149258924481e-02	3.625039218959071746e-02	2.969446536153554778e-02
6.103515625000000127e-08	2.279956673920466650e-02	3.598718475842975495e-02	2.934293099679052830e-02
6.103515625000000127e-08	2.277613188442950340e-02	3.674544352082369930e-02	3.022347786463797092e-02
6.103515625000000127e-08	2.278027567446856000e-02	3.804784828884751058e-02	3.147593429312110086e-02
6.103515625000000127e-08	2.275449947853328339e-02	3.720330506446161561e-02	3.110151495784520964e-02
6.103515625000000127e-08	2.267120212182151262e-02	3.797881201358209446e-02	3.146245898678898950e-02
6.103515625000000127e-08	2.284374423357568573e-02	3.588258039147754208e-02	2.914626286365091731e-02
6.103515625000000127e-08	2.287737720707185354e-02	3.683013610873391019e-02	3.005810244940221310e-02
6.103515625000000127e-08	2.275968437939622155e-02	4.136734041360972530e-02	3.455053628422320028e-02
6.103515625000000127e-08	2.290288090257276352e-02	3.499930374402338007e-02	2.836182406172156265e-02
6.103515625000000127e-08	2.258803205344654674e-02	3.813214585458108569e-02	3.145784465596079826e-02
6.103515625000000127e-08	2.279151845105759425e-02	3.657680365174072884e-02	2.989329458214342455e-02
6.103515625000000127e-08	2.277717275361878721e-02	3.708435740341378684e-02	3.053412325680255821e-02
6.103515625000000127e-08	2.263088013983313718e-02	4.256857339663343287e-02	3.654352626763283929e-02
6.103515625000000127e-08	2.268171943334072738e-02	3.547049871601983678e-02	2.888879319652915001e-02
6.103515625000000127e-08	2.289345589157035579e-02	4.007279685654565465e-02	3.332466068677604476e-02
6.103515625000000127e-08	2.276726643359283306e-02	3.878702352028242512e-02	3.192239501513540606e-02
6.103515625000000127e-08	2.277131616167719919e-02	3.649984937921868511e-02	3.066570977680384974e-02
3.051757812500000064e-08	2.262575233841684560e-02	3.555340803574517233e-02	2.920069121755659511e-02
3.051757812500000064e-08	2.282291562840940702e-02	3.550021011499366469e-02	2.897779911290854216e-02
3.051757812500000064e-08	2.281045259657538474e-02	3.698200673957145745e-02	3.062741146422922472e-02
3.051757812500000064e-08	2.269203217408645445e-02	3.912349019921262938e-02	3.228326411917805533e-02
3.051757812500000064e-08	2.286890646092780074e-02	3.577742943081868576e-02	2.897682597395032783e-02
