1.000000000000000021e-03	4.127407193599987312e-01	1.534625550215156897e+00	1.521121793985366732e+00
1.000000000000000021e-03	3.228102391060179710e-01	3.319753459922930583e-01	3.127152521163225063e-01
1.000000000000000021e-03	2.558228460039213004e-01	1.028082186326930714e+00	1.016138522326946347e+00
1.000000000000000021e-03	2.333387646774277568e-01	1.752460768241532740e-01	1.650024004280567225e-01
1.000000000000000021e-03	2.163621904919007521e-01	2.893164235883982638e-01	2.772605467587709316e-01
1.000000000000000021e-03	2.067045423442225860e-01	2.396155449108303415e-01	2.257710617035627310e-01
1.000000000000000021e-03	2.045569604500009908e-01	1.700319540906326810e-01	1.596680715680122431e-01
1.000000000000000021e-03	1.894838571669821004e-01	1.898977850900270548e-01	1.805236060172319412e-01
1.000000000000000021e-03	1.821031813672838451e-01	1.617855909451140217e-01	1.512973612174391691e-01
1.000000000000000021e-03	1.741305217970381403e-01	2.155665671014036777e-01	2.043909594416618292e-01
1.000000000000000021e-03	1.715643411462150214e-01	1.297295881893622271e-01	1.239902047440409605e-01
1.000000000000000021e-03	1.615198099462357706e-01	1.647536706627975578e-01	1.561459382995963041e-01
1.000000000000000021e-03	1.576528584583510306e-01	1.447909847682058992e-01	1.487764075398445018e-01
1.000000000000000021e-03	1.537827039749695979e-01	1.238367922253009595e-01	1.143479457125067683e-01
1.000000000000000021e-03	1.452184551985475913e-01	1.016199490864863608e-01	9.567729784175753316e-02
1.000000000000000021e-03	1.376130223911366246e-01	1.224854037321674860e-01	1.167763609439134570e-01
1.000000000000000021e-03	1.351175305648658620e-01	1.229609555676969557e-01	1.411803366616368183e-01
1.000000000000000021e-03	1.283872377706031798e-01	1.094605400378167309e-01	1.033414142206311170e-01
1.000000000000000021e-03	1.214451359161254351e-01	1.187827885540992112e-01	1.141255505383014651e-01
1.000000000000000021e-03	1.199984705880709074e-01	1.049765485743577587e-01	1.034269491210579872e-01
1.000000000000000021e-03	1.127329410041328639e-01	9.884334004518249839e-02	8.735087262466549596e-02
1.000000000000000021e-03	1.102553657849317664e-01	1.162794552626410099e-01	1.112501290626823902e-01
1.000000000000000021e-03	1.065172811600619690e-01	8.818551673705041227e-02	8.240692010149359981e-02
1.000000000000000021e-03	1.061010888694780691e-01	1.085790783478951527e-01	9.791303016245364588e-02
1.000000000000000021e-03	1.065177607494707107e-01	1.065249649798058751e-01	1.028197618201374952e-01
1.000000000000000021e-03	1.035773182540282444e-01	8.700071146506913045e-02	8.069417942315340597e-02
1.000000000000000021e-03	9.822647605760975731e-02	8.922699606777485803e-02	8.483624812215566358e-02
1.000000000000000021e-03	9.850183964304413953e-02	1.033594297801012779e-01	9.556947862729429921e-02
1.000000000000000021e-03	9.999458713499247142e-02	9.969784161417272195e-02	9.853360727429390231e-02
1.000000000000000021e-03	9.241779389346388429e-02	9.448998029397420728e-02	8.813199410215019625e-02
1.000000000000000021e-03	9.572072247170028414e-02	8.511646499574496150e-02	8.232557270675897043e-02
1.000000000000000021e-03	8.990251318209735443e-02	8.106147359413001796e-02	7.420626515522599220e-02
1.000000000000000021e-03	9.338303789964520762e-02	7.715658730393304410e-02	7.027102969586848658e-02
1.000000000000000021e-03	8.986366781178015128e-02	7.795496222548459198e-02	7.258146293461323340e-02
1.000000000000000021e-03	8.880178175905611981e-02	8.229706188693096391e-02	7.832187535241245946e-02
1.000000000000000021e-03	8.984717767016009438e-02	8.485189138750755256e-02	8.111876016482710838e-02
1.000000000000000021e-03	8.921570675864755329e-02	7.521233261021643968e-02	6.846889201551675797e-02
1.000000000000000021e-03	8.859235974307182182e-02	1.018506658521934338e-01	9.857870358973741531e-02
1.000000000000000021e-03	8.582002574435980413e-02	7.779580456112067388e-02	7.157619697973131856e-02
1.000000000000000021e-03	8.469865099679182996e-02	7.391933874466032062e-02	6.795631283894180974e-02
1.000000000000000021e-03	8.324341115787182999e-02	9.439850586871202653e-02	1.083493229933083085e-01
1.000000000000000021e-03	8.481336525224751621e-02	7.443610957155677443e-02	6.628070538863539696e-02
1.000000000000000021e-03	8.466944829661045280e-02	8.089632632610685437e-02	7.118010595440864285e-02
1.000000000000000021e-03	8.100517558767186821e-02	7.118433538375724956e-02	6.767374202609062472e-02
1.000000000000000021e-03	7.842889856579624008e-02	7.307681648050927403e-02	7.106008678674698154e-02
1.000000000000000021e-03	8.024397913047988384e-02	7.934233799810809507e-02	6.974006211385130882e-02
1.000000000000000021e-03	7.914832779414920916e-02	7.421696427916980865e-02	7.441236712038516721e-02
1.000000000000000021e-03	7.758415116992989358e-02	6.716418498395625158e-02	6.470712032169104178e-02
1.000000000000000021e-03	7.582708514052258209e-02	7.575749075381543740e-02	7.604134911671281416e-02
1.000000000000000021e-03	7.863971873372359311e-02	7.369429286549852853e-02	6.841915501281618794e-02
1.000000000000000021e-03	7.618374791193521789e-02	6.904356050943828704e-02	6.825924534350633066e-02
1.000000000000000021e-03	7.572119220129065742e-02	7.717456255127622122e-02	7.500310819596052447e-02
1.000000000000000021e-03	7.405806117630961416e-02	8.825057916616270426e-02	8.496167482808232585e-02
1.000000000000000021e-03	7.471895949083957877e-02	6.889521863057974926e-02	7.054378241300582331e-02
1.000000000000000021e-03	7.279012535350345980e-02	7.680924100245481445e-02	7.432380160316824635e-02
1.000000000000000021e-03	7.473062036245835260e-02	8.260355523119422561e-02	7.468931302428245822e-02
1.000000000000000021e-03	7.190788271574172219e-02	6.538425852100886171e-02	6.219099471345544000e-02
1.000000000000000021e-03	7.220833793438541370e-02	7.583714974800329078e-02	7.807445982471108992e-02
1.000000000000000021e-03	7.395243930341616201e-02	9.497426777922046703e-02	8.663627970963716507e-02
1.000000000000000021e-03	7.347832165914194857e-02	8.428634313076578677e-02	7.592855822294949930e-02
1.000000000000000021e-03	6.842255230002655675e-02	6.897685998631397641e-02	6.961807468906044960e-02
1.000000000000000021e-03	7.069071377516486510e-02	7.482671279323663271e-02	7.494821976870298663e-02
1.000000000000000021e-03	6.872695861920635751e-02	7.087280070750501260e-02	6.860525328665971478e-02
1.000000000000000021e-03	6.628835622336089195e-02	6.870501299257053551e-02	6.465768786147237102e-02
1.000000000000000021e-03	6.665116814878044305e-02	6.518117112170963845e-02	6.001047166064381322e-02
1.000000000000000021e-03	6.486663923053251346e-02	7.082524324196795562e-02	7.756849238649010658e-02
1.000000000000000021e-03	7.036066632837040258e-02	7.549081928052826795e-02	7.697411989793181974e-02
1.000000000000000021e-03	6.619413020203042397e-02	9.530227221743599320e-02	9.392442572861910144e-02
1.000000000000000021e-03	6.641945692127079748e-02	7.279146751340147270e-02	7.191932592540979663e-02
1.000000000000000021e-03	6.550265388989115478e-02	6.192324727929699596e-02	5.552046718075871745e-02
1.000000000000000021e-03	6.550283667291750822e-02	6.263958563277234604e-02	6.076940856873989244e-02
1.000000000000000021e-03	6.526214072568566060e-02	6.438421851989487021e-02	6.043706713244319240e-02
1.000000000000000021e-03	6.434435844139660410e-02	6.035399357958926014e-02	5.660329498350620547e-02
1.000000000000000021e-03	6.543651327746527468e-02	6.541187255716449100e-02	6.616954905912279805e-02
1.000000000000000021e-03	6.411705834876665899e-02	6.497448579413105108e-02	7.215303145349025171e-02
1.000000000000000021e-03	6.252364991877472356e-02	7.473780634125490319e-02	6.989855356514454443e-02
1.000000000000000021e-03	6.416311143524186522e-02	6.906105527234951413e-02	7.232709722593426427e-02
1.000000000000000021e-03	6.175229776544478161e-02	6.563136118088716553e-02	6.358883562497794073e-02
1.000000000000000021e-03	6.312208298275191753e-02	7.505674435908257780e-02	7.914947364479303638e-02
1.000000000000000021e-03	6.176617860993442732e-02	6.245624835734592262e-02	6.283449642360210141e-02
1.000000000000000021e-03	6.408503626588647750e-02	6.757990963249931038e-02	6.575781162828206461e-02
1.000000000000000021e-03	6.289430266141093906e-02	6.771258038532047829e-02	7.226884094998239916e-02
1.000000000000000021e-03	6.174796831172659622e-02	6.228523498586335111e-02	6.114902608096599301e-02
1.000000000000000021e-03	5.918565925932367522e-02	5.819933860518857610e-02	5.619278941303491870e-02
1.000000000000000021e-03	6.222100929292639221e-02	6.428157105183726627e-02	6.043699476867914200e-02
1.000000000000000021e-03	6.026159706154383955e-02	6.376856239756364952e-02	6.696277605369686803e-02
1.000000000000000021e-03	6.106138963375832424e-02	6.028102679636465622e-02	6.129076411016285558e-02
1.000000000000000021e-03	5.959086712079210424e-02	5.991237487702469333e-02	5.616971063427626809e-02
1.000000000000000021e-03	5.835922257655092732e-02	5.606249734486273145e-02	5.173211772926152030e-02
1.000000000000000021e-03	6.051106718349866243e-02	6.252075811721267973e-02	5.804085535928606848e-02
1.000000000000000021e-03	5.920430110933268958e-02	6.072718398499239029e-02	5.542462728917598586e-02
1.000000000000000021e-03	5.741269670864605074e-02	6.108338887076727314e-02	6.118592051789164404e-02
1.000000000000000021e-03	5.845028605830052126e-02	5.646126384783477919e-02	6.155977332964539250e-02
1.000000000000000021e-03	5.678639628010443557e-02	5.323506585512485789e-02	5.536038205027580400e-02
1.000000000000000021e-03	5.722903985467291121e-02	5.696561970596850100e-02	5.482938727363943776e-02
1.000000000000000021e-03	5.793107851121819668e-02	5.621076617097355010e-02	5.312774116173386851e-02
1.000000000000000021e-03	5.732954006020137688e-02	5.852718652269914973e-02	6.552126379683613500e-02
1.000000000000000021e-03	5.732454962859395015e-02	5.795402563523247702e-02	5.863880878314375877e-02
1.000000000000000021e-03	5.663298834451171299e-02	5.811329010425438091e-02	5.879797982051968713e-02
1.000000000000000021e-03	5.658751317863897068e-02	5.513120948761233292e-02	1.214745090343058165e-01
1.000000000000000021e-03	5.651085198991794012e-02	5.442427458602408508e-02	5.188469924032688280e-02
1.000000000000000021e-03	5.674846109746153194e-02	5.526606830236799328e-02	6.082565067335963388e-02
1.000000000000000021e-03	5.593357558636868898e-02	5.859109499925718029e-02	5.586043223738670210e-02
1.000000000000000021e-03	5.608301682136584282e-02	5.925435619672555360e-02	5.665201093070208749e-02
1.000000000000000021e-03	5.564047407668783890e-02	6.550472775835017303e-02	6.136302254162728786e-02
1.000000000000000021e-03	5.236131161421000296e-02	5.709432897338380386e-02	5.361069664359092990e-02
1.000000000000000021e-03	5.486228629955377384e-02	6.623848792926179119e-02	7.285960372537374219e-02
1.000000000000000021e-03	5.431834949422118669e-02	5.348282772560081916e-02	4.950488312169909477e-02
1.000000000000000021e-03	5.306487156640588704e-02	6.219991117091703409e-02	5.800001798197627206e-02
1.000000000000000021e-03	5.512671119090843674e-02	6.153063021639254560e-02	5.527040362358093262e-02
1.000000000000000021e-03	5.441087641584762408e-02	5.373667138604281551e-02	6.141627640463411669e-02
1.000000000000000021e-03	5.272336018343801167e-02	5.589888114189602020e-02	6.183680118992924968e-02
1.000000000000000021e-03	5.289560283678884645e-02	5.754650280815768598e-02	6.430356707423925955e-02
1.000000000000000021e-03	5.249409344092817453e-02	5.165305024705320325e-02	4.907892355695366721e-02
1.000000000000000021e-03	5.117650045522983276e-02	5.330339222366273222e-02	5.606028279289602956e-02
1.000000000000000021e-03	5.259229298388458373e-02	5.745142346238278630e-02	5.019489978440105915e-02
1.000000000000000021e-03	5.343397495452230361e-02	6.441770864562838816e-02	6.791011141613126356e-02
1.000000000000000021e-03	5.268367472873516227e-02	5.841998804692198621e-02	6.293501094914973060e-02
1.000000000000000021e-03	5.185308952779531244e-02	6.467424976732094599e-02	6.383628128096460741e-02
1.000000000000000021e-03	5.071519320985651974e-02	5.599598243286472293e-02	5.264331279322505275e-02
1.000000000000000021e-03	5.154746416858665276e-02	5.790353021267508754e-02	5.469460343010723591e-02
1.000000000000000021e-03	5.120514379407931083e-02	5.143502626704608144e-02	5.029899491928517541e-02
1.000000000000000021e-03	5.048403335673438963e-02	5.938656513057453956e-02	5.651484448462724963e-02
1.000000000000000021e-03	5.077856537030490947e-02	4.946477976456986614e-02	4.451867341995239397e-02
1.000000000000000021e-03	4.951659789273148149e-02	5.040996463198936517e-02	4.430367196910083016e-02
1.000000000000000021e-03	4.998268876300605845e-02	5.667708807317686087e-02	5.259682331234216690e-02
1.000000000000000021e-03	5.101335213702213461e-02	6.461646591181530175e-02	5.914981858804822107e-02
1.000000000000000021e-03	5.096267554052975879e-02	5.185605590451138058e-02	5.124229830689728399e-02
1.000000000000000021e-03	4.959548690690593342e-02	5.744096825962291542e-02	5.259417053312063356e-02
1.000000000000000021e-03	4.957763936723853099e-02	6.518784617878380094e-02	6.077778013423085213e-02
1.000000000000000021e-03	4.931675167803052651e-02	4.981740622620307868e-02	4.766610953956842284e-02
1.000000000000000021e-03	4.731710826400548076e-02	5.325701973201092676e-02	5.218450580723583976e-02
1.000000000000000021e-03	4.856888508860839060e-02	5.033138094967260640e-02	5.141767403110861917e-02
1.000000000000000021e-03	4.759708253115224608e-02	5.515251502745750767e-02	5.836657555773853978e-02
1.000000000000000021e-03	4.803570813199786044e-02	5.255238494362818313e-02	5.670740236528217654e-02
1.000000000000000021e-03	4.707575014479774972e-02	6.081647892038859887e-02	6.045205821283161640e-02
1.000000000000000021e-03	4.836277456747160863e-02	5.505363737764470966e-02	5.724742580205201964e-02
1.000000000000000021e-03	4.771454396498903822e-02	5.076940315751193172e-02	4.401090750470757623e-02
1.000000000000000021e-03	4.854821008394422099e-02	5.229500620699053387e-02	4.809628324583172659e-02
1.000000000000000021e-03	4.732793745210414627e-02	5.600088660200541052e-02	5.320265702903270721e-02
1.000000000000000021e-03	4.816051714182974924e-02	6.383987939404567324e-02	5.992105063050985614e-02
1.000000000000000021e-03	4.632389483460858798e-02	5.227526865353446933e-02	5.119327940046787540e-02
1.000000000000000021e-03	4.691190703719455568e-02	4.770761580055296602e-02	4.455091734416782856e-02
1.000000000000000021e-03	4.650465631017752788e-02	5.705073331507088535e-02	5.179217937402427058e-02
1.000000000000000021e-03	4.672807425048165764e-02	5.236195965977239603e-02	5.083380234427749972e-02
1.000000000000000021e-03	4.633506900214261204e-02	5.302474556090944202e-02	5.582130886614322662e-02
1.000000000000000021e-03	4.577973340987431111e-02	5.562376205599744994e-02	5.079751932062208375e-02
1.000000000000000021e-03	4.808559376202467539e-02	5.092005302924760418e-02	5.394084090366959433e-02
1.000000000000000021e-03	4.648686201247175659e-02	5.046865686345163027e-02	4.524706923402845721e-02
1.000000000000000021e-03	4.584900637597729561e-02	5.566695791849603225e-02	5.033000782132148604e-02
1.000000000000000021e-03	4.527001447516204591e-02	5.120329282865786202e-02	5.172532964497804364e-02
1.000000000000000021e-03	4.543193326011481931e-02	4.769635002533490625e-02	5.018074051477015157e-02
1.000000000000000021e-03	4.478122977027371859e-02	6.144126073618209893e-02	6.127309752628207207e-02
1.000000000000000021e-03	4.640874244303048318e-02	4.663353534269083084e-02	4.259073715656995496e-02
1.000000000000000021e-03	4.507767258904367413e-02	5.110252172691035627e-02	4.943774621933698377e-02
1.000000000000000021e-03	4.496492791775703185e-02	4.969391680239695214e-02	4.488918827846646170e-02
1.000000000000000021e-03	4.437650329801251514e-02	5.413719443165507239e-02	4.891987126320600232e-02
1.000000000000000021e-03	4.552859007454043011e-02	4.822314021553044533e-02	4.438249622471630851e-02
1.000000000000000021e-03	4.604555288608196129e-02	5.271342030058356193e-02	5.057518798857927461e-02
1.000000000000000021e-03	4.442332161307646632e-02	4.920233468188665166e-02	4.552690265700221062e-02
1.000000000000000021e-03	4.642704425898660364e-02	4.587872764241945206e-02	4.582750559784472266e-02
1.000000000000000021e-03	4.441484658739953961e-02	5.424628672019349285e-02	5.316057801246643066e-02
1.000000000000000021e-03	4.372157439710859517e-02	4.689736163038858013e-02	4.864623427856713811e-02
1.000000000000000021e-03	4.395607821188256270e-02	4.728031780629257663e-02	4.990355921909213344e-02
1.000000000000000021e-03	4.435361647103989308e-02	5.215146105873023213e-02	5.427213357761502543e-02
1.000000000000000021e-03	4.353767400580377950e-02	4.837760761263170534e-02	4.984762342646718164e-02
1.000000000000000021e-03	4.322882311731802291e-02	4.765170726788605510e-02	4.765335973352193694e-02
1.000000000000000021e-03	4.307766878298023572e-02	4.597565366920688262e-02	4.559430228546261510e-02
1.000000000000000021e-03	4.336233828010914448e-02	5.390943750661081335e-02	5.770761389285326143e-02
1.000000000000000021e-03	4.489770193799350745e-02	4.947248858970185181e-02	4.881129185669123849e-02
1.000000000000000021e-03	4.381199215753887183e-02	5.164634000451465146e-02	5.379909621551633159e-02
1.000000000000000021e-03	4.365044244938356965e-02	4.924757813752009272e-02	5.189792769961058816e-02
1.000000000000000021e-03	4.364028657120698484e-02	4.320562273966080391e-02	4.387139091268181523e-02
1.000000000000000021e-03	4.271389609023954620e-02	5.509221418248733126e-02	5.816214447841048379e-02
1.000000000000000021e-03	4.372317638679463353e-02	4.810779186755574643e-02	4.726627296768128733e-02
1.000000000000000021e-03	4.285127376902408275e-02	5.369251231170449334e-02	5.736836949363351146e-02
1.000000000000000021e-03	4.182725997317697508e-02	4.746546336883649547e-02	4.262679717503488341e-02
1.000000000000000021e-03	4.268505170490590611e-02	4.363285209886066246e-02	4.203934459947049340e-02
1.000000000000000021e-03	4.357283903744207931e-02	4.665587529423036867e-02	4.508837056346237659e-02
1.000000000000000021e-03	4.240806965529051592e-02	4.636296336368428417e-02	4.374199353624134978e-02
1.000000000000000021e-03	4.456589565898978061e-02	5.022575589218689074e-02	5.070998412556946416e-02
1.000000000000000021e-03	4.269107651570080292e-02	5.463777344030235766e-02	5.581710152328014235e-02
1.000000000000000021e-03	4.286225319099398745e-02	5.777286628934101553e-02	5.559167531318962713e-02
1.000000000000000021e-03	4.324570282374862185e-02	5.229063638295802785e-02	5.446670218370854716e-02
1.000000000000000021e-03	4.319873984866255678e-02	4.759630983139519905e-02	5.206449166871607304e-02
1.000000000000000021e-03	4.190218914354381513e-02	5.989813720758672966e-02	6.687086205929518301e-02
1.000000000000000021e-03	4.150508059087951868e-02	4.886176555139544464e-02	5.194551711902022084e-02
1.000000000000000021e-03	4.296981246406218063e-02	5.208336348347950701e-02	5.669665327295660834e-02
1.000000000000000021e-03	4.101069748440649976e-02	5.357995426467575956e-02	5.629754578694701195e-02
1.000000000000000021e-03	4.125168032341740981e-02	5.948295465704658141e-02	5.808067936450243135e-02
1.000000000000000021e-03	4.247423395657518724e-02	5.383048371377727875e-02	5.679691056720912595e-02
1.000000000000000021e-03	4.297939112703594994e-02	5.449341845098902570e-02	5.521218166686594347e-02
1.000000000000000021e-03	4.157459082806817807e-02	4.589711027268651711e-02	4.901957074180245122e-02
1.000000000000000021e-03	4.060024672002033458e-02	4.712626054219862248e-02	4.997136197052896162e-02
5.000000000000000104e-04	3.467218748848059640e-02	4.262474212424917364e-02	4.561112797819077969e-02
5.000000000000000104e-04	3.418801346638821598e-02	4.236197400428549920e-02	4.492884622886776647e-02
5.000000000000000104e-04	3.391929363280343779e-02	4.638420022946065924e-02	4.774164059199392796e-02
5.000000000000000104e-04	3.393911533577800149e-02	4.895765311937994024e-02	5.486841551028191766e-02
5.000000000000000104e-04	3.373579981933505501e-02	4.520254663108843468e-02	4.617738290689885755e-02
5.000000000000000104e-04	3.361963466624661584e-02	4.264505795588355991e-02	4.760324493981897553e-02
5.000000000000000104e-04	3.272193104002696362e-02	4.108956408399249555e-02	4.611926241777837554e-02
5.000000000000000104e-04	3.314965239868495478e-02	4.779106317117264024e-02	4.845154378563165665e-02
5.000000000000000104e-04	3.331752788923451197e-02	4.688813557838582280e-02	4.875252768397331238e-02
5.000000000000000104e-04	3.269095701957040051e-02	4.086873722287060612e-02	4.465465229004621228e-02
5.000000000000000104e-04	3.258763434372976414e-02	3.982072023196994021e-02	4.247661489062011519e-02
5.000000000000000104e-04	3.226355309183685099e-02	4.469717484143079927e-02	4.324248805642127991e-02
5.000000000000000104e-04	3.257439664655504413e-02	4.042612482349910302e-02	3.843391113914549490e-02
5.000000000000000104e-04	3.319913053959867855e-02	4.084913284366667452e-02	3.685469967313111106e-02
5.000000000000000104e-04	3.227763656535472675e-02	4.306904617599479485e-02	4.555754992179572582e-02
5.000000000000000104e-04	3.184101365641010817e-02	4.253998295408892988e-02	4.018604997545480867e-02
5.000000000000000104e-04	3.246476364318214014e-02	4.818270012190204593e-02	5.152977611869573316e-02
5.000000000000000104e-04	3.217483568912748310e-02	4.155581587857289094e-02	3.933774917386471948e-02
5.000000000000000104e-04	3.226441190940495390e-02	4.466677732102533604e-02	4.035261590033769469e-02
5.000000000000000104e-04	3.213063453948813292e-02	4.365405319404851853e-02	5.370493540540337285e-02
5.000000000000000104e-04	3.206054786563682785e-02	4.162474171653467864e-02	4.125574813224375248e-02
5.000000000000000104e-04	3.204710673217928824e-02	4.102324347221414369e-02	4.098666738718748093e-02
5.000000000000000104e-04	3.190475223892611650e-02	4.197038334662689385e-02	3.850333765149116516e-02
5.000000000000000104e-04	3.153865990283671178e-02	4.235562566102175214e-02	4.149341811425984183e-02
5.000000000000000104e-04	3.225107170119145134e-02	5.058151935056554027e-02	5.041477312333882133e-02
5.000000000000000104e-04	3.141603737835484828e-02	4.364289005935503840e-02	4.163398342207073888e-02
5.000000000000000104e-04	3.131248809098156893e-02	4.177891836545542109e-02	4.192298958078026494e-02
5.000000000000000104e-04	3.112163129054040106e-02	4.579838477465182633e-02	4.765048623085021973e-02
5.000000000000000104e-04	3.147373441823472784e-02	3.972242021669892403e-02	3.652582755312323848e-02
5.000000000000000104e-04	3.135718658042030427e-02	4.111201201043827858e-02	4.004285680130124231e-02
5.000000000000000104e-04	3.139566470732898379e-02	4.298442156488046367e-02	4.273992697708308558e-02
5.000000000000000104e-04	3.118271971313221064e-02	4.085345918322420833e-02	3.955836715176701268e-02
5.000000000000000104e-04	3.068832403949314086e-02	4.209987596847623859e-02	3.880152986384928504e-02
5.000000000000000104e-04	3.086404701604910511e-02	4.426663442080869953e-02	4.358907975256443024e-02
5.000000000000000104e-04	3.085597283995172163e-02	4.320616758774712546e-02	4.412267915904521942e-02
5.000000000000000104e-04	3.046721892909229693e-02	3.929251372931203551e-02	3.817617269232868871e-02
5.000000000000000104e-04	3.097729470067207141e-02	3.999664859738961270e-02	4.026404186151921749e-02
5.000000000000000104e-04	3.044382316277618669e-02	4.182849609883043662e-02	4.271634663455188552e-02
5.000000000000000104e-04	3.096968384915795014e-02	4.392881852364977080e-02	4.577690660953522006e-02
5.000000000000000104e-04	3.086870638713231849e-02	4.924001174135357595e-02	4.911816539242863655e-02
5.000000000000000104e-04	3.054907732145289642e-02	4.205087316831992994e-02	4.655078528448939462e-02
5.000000000000000104e-04	3.044924949939997044e-02	4.030126809137653948e-02	4.367339955642819682e-02
5.000000000000000104e-04	3.055346612680385002e-02	4.377143372688930417e-02	4.810316031798720499e-02
5.000000000000000104e-04	3.090168549308099435e-02	4.106480393227170123e-02	3.934069965034723421e-02
5.000000000000000104e-04	3.015756411526683903e-02	4.539662574208219725e-02	4.633894618600607057e-02
5.000000000000000104e-04	3.059148100552047667e-02	4.364771729442461917e-02	4.637744878418743888e-02
5.000000000000000104e-04	3.039483835735402179e-02	4.342104312207998446e-02	4.276607548817992072e-02
5.000000000000000104e-04	3.068342844621343990e-02	4.316847951819447610e-02	4.419908979907631597e-02
5.000000000000000104e-04	3.028909754281112685e-02	4.488211720986828163e-02	4.890268656890839338e-02
5.000000000000000104e-04	3.026098120738733230e-02	4.216693536773401946e-02	4.308439181186259070e-02
5.000000000000000104e-04	3.023319992162569123e-02	4.206837427007590474e-02	4.690283485688269416e-02
5.000000000000000104e-04	2.970787950094145799e-02	4.024123913408574060e-02	4.083063695579767366e-02
5.000000000000000104e-04	2.996534222727202657e-02	4.428789828031162723e-02	4.573230077512561997e-02
5.000000000000000104e-04	3.008335441732351220e-02	3.776294903839445827e-02	3.934379233978688856e-02
5.000000000000000104e-04	2.984708027915250125e-02	4.210783324706617037e-02	4.129430411849170646e-02
5.000000000000000104e-04	3.021363711928371290e-02	4.235304807220142270e-02	4.167335233651101728e-02
5.000000000000000104e-04	2.986048492686980277e-02	4.584276841963148830e-02	4.764863452874124050e-02
5.000000000000000104e-04	2.989069960411115667e-02	4.294578113754070336e-02	4.451133189722895900e-02
5.000000000000000104e-04	2.994598595370224700e-02	4.358878039330712356e-02	4.705169424414634705e-02
5.000000000000000104e-04	2.945126507944877819e-02	4.237329179703877569e-02	4.199393433518707613e-02
5.000000000000000104e-04	3.007378563319548087e-02	3.907437955092697007e-02	3.845012895762920518e-02
5.000000000000000104e-04	2.955609303750119515e-02	4.865971347073298064e-02	4.675475168041885038e-02
5.000000000000000104e-04	3.003967199756299444e-02	3.852979027963589903e-02	3.812147681601345262e-02
5.000000000000000104e-04	2.948290615224990682e-02	4.169277440151931274e-02	4.141209898516536037e-02
5.000000000000000104e-04	2.963076114986111509e-02	4.578734072247100939e-02	4.522189497947692871e-02
5.000000000000000104e-04	2.949368104895597545e-02	3.984450660060837729e-02	4.225778984837234159e-02
5.000000000000000104e-04	2.975066658597029859e-02	3.998392408820971439e-02	4.033448346890509267e-02
5.000000000000000104e-04	2.929957414564956716e-02	4.610830467408864181e-02	4.892214895226061622e-02
5.000000000000000104e-04	2.923494277098294750e-02	5.160153057445718283e-02	5.103519787080586234e-02
5.000000000000000104e-04	2.924810440798028544e-02	4.079577259485322321e-02	4.411970949731767316e-02
5.000000000000000104e-04	2.954427149783930492e-02	3.839081807637401839e-02	4.122834699228405952e-02
5.000000000000000104e-04	2.923889474378743927e-02	4.602794855325945816e-02	4.483717475086450299e-02
5.000000000000000104e-04	2.911862678427103862e-02	4.282963678669866880e-02	4.118817914277315279e-02
5.000000000000000104e-04	2.926918469128860292e-02	4.626465372312131563e-02	4.859044468030333797e-02
5.000000000000000104e-04	2.916439650271471576e-02	4.085746063260820016e-02	4.014442260377108773e-02
2.500000000000000052e-04	2.613845650039487573e-02	3.887917325680792513e-02	3.836317849345505238e-02
2.500000000000000052e-04	2.605755609764114425e-02	4.373170468585653448e-02	4.541086396202444891e-02
2.500000000000000052e-04	2.599562796774369453e-02	4.106471434001523341e-02	4.035114478319883069e-02
2.500000000000000052e-04	2.564321236913550198e-02	4.003374111785002604e-02	4.373001693747937541e-02
2.500000000000000052e-04	2.588229721228940336e-02	4.281517286926352084e-02	4.481910453177988252e-02
2.500000000000000052e-04	2.579757865895411506e-02	3.767181420942563447e-02	4.015724994242191037e-02
2.500000000000000052e-04	2.526483180433719902e-02	3.891977950618528970e-02	3.897245116531848630e-02
2.500000000000000052e-04	2.557137262438049716e-02	4.418347215192168498e-02	4.987722374498844424e-02
2.500000000000000052e-04	2.584915308399887701e-02	3.835394112539541184e-02	3.986651720479130606e-02
2.500000000000000052e-04	2.564569287773583658e-02	3.997116771902089333e-02	3.957686633802950243e-02
2.500000000000000052e-04	2.543604311085219047e-02	3.974058070458978686e-02	3.844737852923572202e-02
2.500000000000000052e-04	2.571283767369335685e-02	3.911854090724940086e-02	3.840445387177169462e-02
2.500000000000000052e-04	2.524257166806333219e-02	4.285075142979621887e-02	4.258647705428302010e-02
2.500000000000000052e-04	2.560393707344547909e-02	4.078890308152630789e-02	4.091501794755458832e-02
2.500000000000000052e-04	2.516889053333492068e-02	3.576544852664021584e-02	4.001363338902592937e-02
2.500000000000000052e-04	2.530841348197586382e-02	4.237424101465971787e-02	4.602221087552606921e-02
2.500000000000000052e-04	2.542935385422400926e-02	4.131873512728363729e-02	4.132432960905134400e-02
2.500000000000000052e-04	2.552828029309545110e-02	4.036207242590907074e-02	4.150490430183708529e-02
2.500000000000000052e-04	2.529958637627388943e-02	3.719910202031048024e-02	3.716808371245861053e-02
2.500000000000000052e-04	2.511519861395116945e-02	4.265182880752997618e-02	4.255198156461119374e-02
2.500000000000000052e-04	2.518501588906778624e-02	3.929661518616202331e-02	4.170285696163773814e-02
2.500000000000000052e-04	2.511205709224578753e-02	4.326858246669719466e-02	4.255287977866828442e-02
2.500000000000000052e-04	2.480385150519861040e-02	3.755947472576383339e-02	4.093146906234323978e-02
2.500000000000000052e-04	2.504000147515306543e-02	4.391071835230470066e-02	4.786873168777674298e-02
2.500000000000000052e-04	2.502945992540852108e-02	4.066273555432626391e-02	4.251835476607083997e-02
2.500000000000000052e-04	2.488509088986536402e-02	3.960271938387011775e-02	4.352566474117338519e-02
2.500000000000000052e-04	2.457213380990020193e-02	3.862670683228845020e-02	3.818171261809766293e-02
2.500000000000000052e-04	2.462168150419426910e-02	4.023894782699839745e-02	4.275046214461326877e-02
2.500000000000000052e-04	2.444200456324464171e-02	3.878176074806620466e-02	4.068408226594329158e-02
2.500000000000000052e-04	2.482599656868546278e-02	4.088153969984092279e-02	3.982740985229611674e-02
2.500000000000000052e-04	2.462167455692878051e-02	4.204020656996372562e-02	4.486248348839581152e-02
2.500000000000000052e-04	2.495310636569917501e-02	3.900927716758862546e-02	4.151225392706692219e-02
2.500000000000000052e-04	2.429049914521818135e-02	3.796973512434834858e-02	3.842296712100505551e-02
2.500000000000000052e-04	2.447863844228196500e-02	3.868720435698307092e-02	3.990820851176977296e-02
2.500000000000000052e-04	2.457799909635294613e-02	4.290862455574005752e-02	4.151307516731321534e-02
2.500000000000000052e-04	2.437910271040258717e-02	3.951139491617055438e-02	3.784564416855573654e-02
1.250000000000000026e-04	2.291657290908487993e-02	3.987814754208657275e-02	4.228490898385643681e-02
1.250000000000000026e-04	2.294484333369779111e-02	3.949533998771175697e-02	4.173433873802423477e-02
1.250000000000000026e-04	2.262323991671300050e-02	3.888223468477189360e-02	3.879387490451335907e-02
1.250000000000000026e-04	2.276818485092967775e-02	4.025254919344842253e-02	3.963343971408903738e-02
1.250000000000000026e-04	2.254073014791671201e-02	3.993751035505876262e-02	3.879167647100985328e-02
1.250000000000000026e-04	2.286045637562515720e-02	3.673041251083319220e-02	3.593227812089026113e-02
1.250000000000000026e-04	2.245295065584624467e-02	3.578416036724732519e-02	3.601119504310190678e-02
1.250000000000000026e-04	2.272930977960323576e-02	3.668355767698031761e-02	3.644737019203603268e-02
1.250000000000000026e-04	2.263071504543432907e-02	3.672497056385609637e-02	3.648617188446223736e-02
1.250000000000000026e-04	2.260935195158774932e-02	4.081426248812550922e-02	4.133252874016761502e-02
1.250000000000000026e-04	2.232082527555599022e-02	3.793685237696657608e-02	3.725825604051351270e-02
1.250000000000000026e-04	2.263195818390885752e-02	3.590434730169973082e-02	3.661314928904176036e-02
1.250000000000000026e-04	2.254153132804903939e-02	3.740965071773029449e-02	3.823175635188817700e-02
1.250000000000000026e-04	2.232205630575348487e-02	3.895243266061026305e-02	3.850085102021694183e-02
1.250000000000000026e-04	2.244709896811172140e-02	3.803481565330041336e-02	3.667995193973183632e-02
1.250000000000000026e-04	2.230034497311341943e-02	4.003025072563381331e-02	4.040443296544253549e-02
1.250000000000000026e-04	2.238466733348203064e-02	3.716909139373227727e-02	3.695089230313897133e-02
1.250000000000000026e-04	2.220572374810948421e-02	3.813194043700295771e-02	3.773714662529528002e-02
1.250000000000000026e-04	2.242392492212394103e-02	3.570919065536316828e-02	3.495776038616895537e-02
1.250000000000000026e-04	2.220618078477546234e-02	4.606309357581962749e-02	4.467370687052607536e-02
1.250000000000000026e-04	2.230068846427471843e-02	3.691411032999685621e-02	3.648021463304758349e-02
1.250000000000000026e-04	2.228173126378261981e-02	3.842277194895045433e-02	3.983377632685005526e-02
1.250000000000000026e-04	2.240492514626639398e-02	4.499178510451816437e-02	4.414134747348726073e-02
1.250000000000000026e-04	2.225473437971885876e-02	3.703372382817311792e-02	3.626918760128319125e-02
1.250000000000000026e-04	2.218183726906654968e-02	3.591408457665543064e-02	3.868756135925650874e-02
1.250000000000000026e-04	2.218620149649510459e-02	3.957094047316082192e-02	4.151836014352738857e-02
1.250000000000000026e-04	2.224152892938511053e-02	3.586066665898286765e-02	3.555040452629328052e-02
1.250000000000000026e-04	2.229384568624453999e-02	3.710816284709887725e-02	3.732704529538750926e-02
1.250000000000000026e-04	2.210677232227053687e-02	3.662017368618886853e-02	3.720076498575508595e-02
1.250000000000000026e-04	2.204832851338466362e-02	3.611740363147402516e-02	3.775261826813221255e-02
1.250000000000000026e-04	2.225016946609090218e-02	4.113019824379089695e-02	4.255482726730406423e-02
1.250000000000000026e-04	2.195400030716794168e-02	3.974867410255664146e-02	4.050684524700045447e-02
1.250000000000000026e-04	2.185581066581209972e-02	3.758628814632355986e-02	3.781231171451508721e-02
1.250000000000000026e-04	2.219234066763421317e-02	4.268625245005360641e-02	4.346272470429539403e-02
1.250000000000000026e-04	2.212689528994829860e-02	4.181279197179210011e-02	4.184828330762684068e-02
1.250000000000000026e-04	2.193993118165224465e-02	3.915495155330415977e-02	3.796732616610824784e-02
1.250000000000000026e-04	2.213172884002423402e-02	3.830992635241977501e-02	3.809194299392402311e-02
1.250000000000000026e-04	2.209194213121591990e-02	3.696957027724900174e-02	3.854477657005191127e-02
1.250000000000000026e-04	2.197074527034688710e-02	3.605498248681972273e-02	3.739309380762279034e-02
1.250000000000000026e-04	2.182887937470516515e-02	3.886721791280189908e-02	3.925605113618076125e-02
6.250000000000000130e-05	2.119158736011311425e-02	3.711042786260861787e-02	3.684150748886168281e-02
6.250000000000000130e-05	2.111681948571426243e-02	3.612681186675089501e-02	3.539956077001989165e-02
6.250000000000000130e-05	2.115438515759263463e-02	3.594430258097761066e-02	3.547501680441200733e-02
6.250000000000000130e-05	2.097679469073456676e-02	3.731942733661978984e-02	3.672634791582822522e-02
6.250000000000000130e-05	2.101030364771302658e-02	3.659760506326303203e-02	3.628315301612019400e-02
6.250000000000000130e-05	2.124491400275554942e-02	3.770219033379205303e-02	3.653689441271126132e-02
6.250000000000000130e-05	2.121200064092076953e-02	3.802210939024131681e-02	3.791577373631298264e-02
6.250000000000000130e-05	2.099354480517299018e-02	3.894182824144500760e-02	3.980260202661156654e-02
6.250000000000000130e-05	2.111879924562537134e-02	3.449329402278231149e-02	3.376157078891992708e-02
6.250000000000000130e-05	2.106288592252553160e-02	3.888427913774058359e-02	3.797812010161578933e-02
6.250000000000000130e-05	2.105770413636502345e-02	3.605955864512483400e-02	3.624819326214492182e-02
6.250000000000000130e-05	2.107841422301329898e-02	3.854079427519394030e-02	3.793075033463537415e-02
6.250000000000000130e-05	2.119211344359363605e-02	3.619066578048373700e-02	3.501160442829132080e-02
6.250000000000000130e-05	2.099598792271602926e-02	3.512490536354442860e-02	3.394827907904982706e-02
6.250000000000000130e-05	2.102545303156585360e-02	4.027209821015752256e-02	3.990621366538107256e-02
6.250000000000000130e-05	2.100344409991690767e-02	3.882446557439434703e-02	3.722776249051094194e-02
6.250000000000000130e-05	2.091951634184418748e-02	3.849141984319811444e-02	3.686052528209984164e-02
6.250000000000000130e-05	2.103766802223773144e-02	3.621801008416720286e-02	3.472011792473495007e-02
6.250000000000000130e-05	2.094594729709947645e-02	3.829404620053880604e-02	3.830367824994027753e-02
6.250000000000000130e-05	2.099455116612488834e-02	3.724399555220966190e-02	3.621519706211984158e-02
6.250000000000000130e-05	2.074528441543909210e-02	3.781645146261958940e-02	3.676640577614307542e-02
6.250000000000000130e-05	2.092908487837802714e-02	3.747195375995486522e-02	3.667830061167478423e-02
6.250000000000000130e-05	2.075170700174473054e-02	4.020738429072951564e-02	3.883997937664389333e-02
6.250000000000000130e-05	2.080701347743878910e-02	3.850793002748676558e-02	3.718665991909801682e-02
6.250000000000000130e-05	2.093919650762579923e-02	3.726199012815328143e-02	3.705066600814461986e-02
6.250000000000000130e-05	2.096067151946512386e-02	3.861274537069635249e-02	3.858741610310971459e-02
6.250000000000000130e-05	2.068299431637701108e-02	4.114888659166415774e-02	4.097527614794671535e-02
6.250000000000000130e-05	2.066986759666216908e-02	3.984046903931345862e-02	3.856964777223766128e-02
6.250000000000000130e-05	2.089716498092588498e-02	3.912421204734847086e-02	3.757389963138848404e-02
6.250000000000000130e-05	2.088304353556083917e-02	3.752966518684519581e-02	3.604422225616872588e-02
3.125000000000000065e-05	2.044353562874753200e-02	4.240063892882219715e-02	4.075373332016170302e-02
3.125000000000000065e-05	2.040940378275182474e-02	3.835557991180432724e-02	3.741824356839060922e-02
3.125000000000000065e-05	2.048139625465699928e-02	3.720546867795952034e-02	3.675001827068626742e-02
3.125000000000000065e-05	2.050280608637708099e-02	3.919098078619435294e-02	3.809369099326431751e-02
3.125000000000000065e-05	2.034411820680024491e-02	3.851989347546200260e-02	3.748885556124150614e-02
3.125000000000000065e-05	2.024702215106716913e-02	3.721642247961921834e-02	3.603063160553574701e-02
3.125000000000000065e-05	2.035674242082811947e-02	3.620120368078741380e-02	3.508086646907031259e-02
3.125000000000000065e-05	2.033531536153664401e-02	4.026602574316930777e-02	3.869023439474403997e-02
3.125000000000000065e-05	2.036534099709058285e-02	3.618835019074497644e-02	3.557373774237930497e-02
3.125000000000000065e-05	2.042519314666433120e-02	3.679142182410075068e-02	3.640814796090126315e-02
3.125000000000000065e-05	2.031677745503696758e-02	3.678973195635523719e-02	3.640534156002104421e-02
3.125000000000000065e-05	2.029469833341429955e-02	3.657146813396695839e-02	3.616568720899522582e-02
3.125000000000000065e-05	2.036598283979541152e-02	3.836028996601466984e-02	3.705690228380262990e-02
3.125000000000000065e-05	2.035548276505787929e-02	4.010874172428827850e-02	3.846314908005297323e-02
3.125000000000000065e-05	2.019883232887936114e-02	3.846524076546049831e-02	3.710978184826672216e-02
3.125000000000000065e-05	2.042477153059595735e-02	3.605362382858835757e-02	3.553320835344493667e-02
3.125000000000000065e-05	2.037620157709885832e-02	3.666565046494543734e-02	3.537387452088296136e-02
3.125000000000000065e-05	2.023710064652823812e-02	3.596937828038999224e-02	3.616382316686213294e-02
3.125000000000000065e-05	2.057241901068353890e-02	4.200544669561048772e-02	4.095507138408720216e-02
3.125000000000000065e-05	2.029425654085726879e-02	3.701089216269435461e-02	3.579360037110745907e-02
3.125000000000000065e-05	2.031328588878002217e-02	4.075653214222161452e-02	3.956819083541631560e-02
1.562500000000000033e-05	2.009472456273642821e-02	4.095355160924464555e-02	3.996937563642859181e-02
1.562500000000000033e-05	2.018873996267646700e-02	3.652324975122019785e-02	3.675197809934616089e-02
1.562500000000000033e-05	2.024400785701905084e-02	3.639833466271767681e-02	3.579761255532502850e-02
1.562500000000000033e-05	2.009208631875679385e-02	3.983437592719549919e-02	3.844267334789037982e-02
1.562500000000000033e-05	2.009804730767892483e-02	3.858208633393673398e-02	3.730994067154824734e-02
1.562500000000000033e-05	1.997578880788109315e-02	3.992705072485963624e-02	3.872373583726584911e-02
1.562500000000000033e-05	2.006046205093740820e-02	3.949622669457140967e-02	3.926357226446271220e-02
1.562500000000000033e-05	2.010315072025460267e-02	3.798825179680167391e-02	3.671841467730700692e-02
1.562500000000000033e-05	2.008641826031147548e-02	3.641519424412887479e-02	3.518940368667244911e-02
1.562500000000000033e-05	2.002975462549574578e-02	3.814108838468634188e-02	3.764674211852252206e-02
1.562500000000000033e-05	2.000807770465594382e-02	4.041974876485569801e-02	3.883220017887652198e-02
1.562500000000000033e-05	1.986648041403886455e-02	3.812268448515711977e-02	3.661128054372966151e-02
1.562500000000000033e-05	2.016621506965267721e-02	3.628859785019727252e-02	4.453478222712874135e-02
1.562500000000000033e-05	1.997597928799866446e-02	3.888573518013142827e-02	3.733480996452272216e-02
1.562500000000000033e-05	2.003119917453167684e-02	4.261568377857433143e-02	4.105318263173103610e-02
1.562500000000000033e-05	1.998783235989159968e-02	3.957878977684450156e-02	3.810145058669149598e-02
1.562500000000000033e-05	2.000962822996578405e-02	3.944224526822878718e-02	3.827487467788159847e-02
1.562500000000000033e-05	1.986278760679816013e-02	3.977481962342536981e-02	3.866245052777230601e-02
1.562500000000000033e-05	1.995546472762180917e-02	3.799099437112271604e-02	3.682332751341164251e-02
1.562500000000000033e-05	1.992603459185798842e-02	3.687912315442300193e-02	3.560618790797889094e-02
1.562500000000000033e-05	1.999314938232502059e-02	3.843012852935578927e-02	3.742463919334113737e-02
7.812500000000000163e-06	2.002744495201207869e-02	3.703376740041671583e-02	3.583721350878477097e-02
7.812500000000000163e-06	1.993251079395456579e-02	3.622577835791086082e-02	3.511756290681659898e-02
7.812500000000000163e-06	1.994674819846133096e-02	3.829728716409019212e-02	3.652905414346605678e-02
7.812500000000000163e-06	2.009079114541003838e-02	3.802399266101615105e-02	3.725978862494230132e-02
7.812500000000000163e-06	1.975983836692977308e-02	3.907582025331352710e-02	3.759691743180156032e-02
7.812500000000000163e-06	1.988019105133672498e-02	3.665964226409090809e-02	3.580443179234862189e-02
7.812500000000000163e-06	1.976980804560522775e-02	3.785133205783304533e-02	3.682069689966738224e-02
7.812500000000000163e-06	1.995296306190811816e-02	4.050023224770398639e-02	3.913767528720200201e-02
7.812500000000000163e-06	1.986977330410615722e-02	3.855108121575797492e-02	3.760347855277359347e-02
7.812500000000000163e-06	1.986325981768325907e-02	3.751324343431682723e-02	3.612928204238415042e-02
7.812500000000000163e-06	1.995773238810933173e-02	3.573627157517128561e-02	3.460462647490203381e-02
7.812500000000000163e-06	1.990110222564456591e-02	3.690267950101360633e-02	3.560333915520459691e-02
7.812500000000000163e-06	1.996370980926746516e-02	3.893314162513036164e-02	3.882441022433340272e-02
7.812500000000000163e-06	1.989664654819042408e-02	3.719849510030596995e-02	3.635524837300181666e-02
7.812500000000000163e-06	1.980197798989500810e-02	3.619084352169049668e-02	3.471858929842710356e-02
7.812500000000000163e-06	1.982473840242454308e-02	3.703848825504330727e-02	3.587814364582300047e-02
7.812500000000000163e-06	1.975093110951574998e-02	3.719905878938929711e-02	3.685443527065217217e-02
7.812500000000000163e-06	1.991462460792189568e-02	3.834505879481113488e-02	3.697993173263967176e-02
7.812500000000000163e-06	1.988964048043595501e-02	3.848749812672899728e-02	3.728854199871420999e-02
7.812500000000000163e-06	1.975733823066554498e-02	3.942510533434246539e-02	3.834702302701771537e-02
7.812500000000000163e-06	1.985793293157398290e-02	4.168239162737474163e-02	4.013870912604033947e-02
3.906250000000000081e-06	1.986339213429511724e-02	3.709643478480933315e-02	3.621728518046438833e-02
3.906250000000000081e-06	1.969938448707747938e-02	3.847884191736501008e-02	3.724200092256069183e-02
3.906250000000000081e-06	1.989080431021060871e-02	4.088622719751602852e-02	3.941768021322786947e-02
3.906250000000000081e-06	1.973070190442534344e-02	3.650001899207605538e-02	3.514389675110578259e-02
3.906250000000000081e-06	1.985742182022804878e-02	3.696543656055528010e-02	3.576638633385300498e-02
3.906250000000000081e-06	1.976762617948514197e-02	3.923999737577600622e-02	3.855395717546343526e-02
3.906250000000000081e-06	1.957068759828823126e-02	3.694820963821485865e-02	3.589385873638093610e-02
3.906250000000000081e-06	1.981020956221640761e-02	3.482565208196795881e-02	3.366525946184992929e-02
3.906250000000000081e-06	1.967557182469431912e-02	3.952551575582376880e-02	3.848685375414788445e-02
3.906250000000000081e-06	1.983893428045504365e-02	3.580579485900271114e-02	3.515446954406797886e-02
3.906250000000000081e-06	1.975597904528068188e-02	3.908424506558797612e-02	3.754531559534370760e-02
3.906250000000000081e-06	1.975512981724694000e-02	3.793972762818424022e-02	3.666384834796190123e-02
3.906250000000000081e-06	1.976490979813745955e-02	3.721203091334922275e-02	3.605154473334550719e-02
3.906250000000000081e-06	1.994037962073829870e-02	3.785907263570118669e-02	3.651514453813433508e-02
3.906250000000000081e-06	1.985243640172578566e-02	3.907673118431218701e-02	3.809571694582700868e-02
3.906250000000000081e-06	1.975340230434855654e-02	3.741200007888347001e-02	3.652986506931484023e-02
3.906250000000000081e-06	1.968314321500364700e-02	3.561033193919203171e-02	3.437249138951301713e-02
3.906250000000000081e-06	1.988315300494779281e-02	3.841898680045342795e-02	4.769537756219506541e-02
3.906250000000000081e-06	1.975728328696789785e-02	3.864491143853876487e-02	3.714310051873326302e-02
3.906250000000000081e-06	1.968885748579430814e-02	3.795626028123950252e-02	3.658043849281966686e-02
3.906250000000000081e-06	1.966664931179393228e-02	3.667719412536521451e-02	3.493389203213155547e-02
1.953125000000000041e-06	1.984179349602083545e-02	4.027026965824097304e-02	3.932637441903352737e-02
1.953125000000000041e-06	1.969669069314658461e-02	3.762748508826288529e-02	3.586708763614297052e-02
1.953125000000000041e-06	1.965920857157625254e-02	3.943147182620632824e-02	3.788153924979269227e-02
1.953125000000000041e-06	1.952016943444808209e-02	3.863806623711948246e-02	4.763182811439037323e-02
1.953125000000000041e-06	1.973499382676479827e-02	3.842605920557264076e-02	3.757617259398102899e-02
1.953125000000000041e-06	1.966992313765019568e-02	3.903195316566846623e-02	3.738567382097244401e-02
1.953125000000000041e-06	1.978123467903174573e-02	3.616912227065463559e-02	3.613343029282987257e-02
1.953125000000000041e-06	1.978509232278321747e-02	3.738522412577224840e-02	3.593339212238788605e-02
1.953125000000000041e-06	1.972660033325943779e-02	3.854650354588218947e-02	3.771722563542425494e-02
1.953125000000000041e-06	1.976350167362044344e-02	3.477708600871069755e-02	3.350043152458966056e-02
1.953125000000000041e-06	1.975327033393513981e-02	3.651093383422072958e-02	3.522203504107892374e-02
1.953125000000000041e-06	1.979294763482487146e-02	3.768158867877191565e-02	3.748421464115381241e-02
1.953125000000000041e-06	1.967981134212471242e-02	3.946439247012762525e-02	3.804144510067999224e-02
1.953125000000000041e-06	1.977559754060426514e-02	3.757181120987650169e-02	3.628810863010585586e-02
1.953125000000000041e-06	1.986058977383246826e-02	4.401905730327698718e-02	4.226209986954927722e-02
1.953125000000000041e-06	1.952375011402656194e-02	3.678119873033144221e-02	3.623162298463285247e-02
1.953125000000000041e-06	1.959924844763804783e-02	3.525082860141992569e-02	3.464608073700219115e-02
1.953125000000000041e-06	1.982926316895219226e-02	3.958326010569852144e-02	3.802180634811520854e-02
1.953125000000000041e-06	1.979942850816242966e-02	3.888724429328092175e-02	3.754331041127443452e-02
1.953125000000000041e-06	1.988635426295087827e-02	4.196057522289103892e-02	4.024198604747653008e-02
1.953125000000000041e-06	1.990413871323424427e-02	3.721543724273199821e-02	3.633752474561333795e-02
9.765625000000000203e-07	1.954866315380666270e-02	3.746908186832491328e-02	3.645102083683014055e-02
9.765625000000000203e-07	1.982266384536111176e-02	3.795387146321578531e-02	3.670709440484642982e-02
9.765625000000000203e-07	1.986959701108162793e-02	4.144177039724369904e-02	4.011243791319429874e-02
9.765625000000000203e-07	1.968318039855858695e-02	3.819296692366375146e-02	3.696221918798982958e-02
9.765625000000000203e-07	1.974219280777801330e-02	3.846835859939065627e-02	3.705681245774030547e-02
9.765625000000000203e-07	1.975985288071712212e-02	3.694986133636292414e-02	3.561057876795530042e-02
9.765625000000000203e-07	1.975983527823285679e-02	3.862636721649095189e-02	3.758617243729531904e-02
9.765625000000000203e-07	1.981274813571820212e-02	3.900148926293038609e-02	3.763069920241832872e-02
9.765625000000000203e-07	1.971471624274441850e-02	3.917804918208047521e-02	3.777410448528826376e-02
9.765625000000000203e-07	1.942117329374814030e-02	3.674445115029811859e-02	3.531737076118588586e-02
9.765625000000000203e-07	1.962102839529271739e-02	3.639141238582228183e-02	3.528150948695838590e-02
9.765625000000000203e-07	1.969397735769506594e-02	3.937283561062750181e-02	3.853148394264280935e-02
9.765625000000000203e-07	1.959045679991660779e-02	3.749050934316287831e-02	3.659182107076049129e-02
9.765625000000000203e-07	1.983691857170926873e-02	3.752760400907843852e-02	3.622157373465597491e-02
9.765625000000000203e-07	1.974551382118650694e-02	4.097133194198783468e-02	3.930323347449302812e-02
9.765625000000000203e-07	1.960428513493334829e-02	3.880710823763727779e-02	3.970664180815219879e-02
9.765625000000000203e-07	1.963057951138090854e-02	3.813950242523435341e-02	3.677133128512651006e-02
9.765625000000000203e-07	1.961596928636579612e-02	3.951530042470125653e-02	3.844354138709604740e-02
9.765625000000000203e-07	1.984259914801850960e-02	3.746056276817284064e-02	3.641633423976600031e-02
9.765625000000000203e-07	1.972141712546400527e-02	3.675381211242126356e-02	3.569548567757010321e-02
