1.000000000000000021e-03	4.089430826843443723e-01	6.710476953321726779e-01	6.589308112859726396e-01
1.000000000000000021e-03	3.054230085824935492e-01	1.260578827708179306e+00	1.245086404681205794e+00
1.000000000000000021e-03	2.597862446703420036e-01	2.723610324697344764e-01	2.549387302249669918e-01
1.000000000000000021e-03	2.348779933510858620e-01	2.164849971289410091e-01	1.960026793181896265e-01
1.000000000000000021e-03	2.179676372993470945e-01	2.950587608115211036e-01	2.772841773927211539e-01
1.000000000000000021e-03	2.041845308262432157e-01	3.209921255005591667e-01	3.084594160318374634e-01
1.000000000000000021e-03	1.914201783164772297e-01	2.049510264427873985e-01	1.883610457181930653e-01
1.000000000000000021e-03	1.880785788627749866e-01	1.475348969560643098e-01	1.334728054702281896e-01
1.000000000000000021e-03	1.790619536783543964e-01	1.615280593252930996e-01	1.475317254662513733e-01
1.000000000000000021e-03	1.737742782844021450e-01	1.762058497723484607e-01	1.646855410188436397e-01
1.000000000000000021e-03	1.630283482654487082e-01	1.482621123965497945e-01	1.319341490045189969e-01
1.000000000000000021e-03	1.558385526435260016e-01	1.289528580626267962e-01	1.195169361308217049e-01
1.000000000000000021e-03	1.474862004553876282e-01	1.226920614613912497e-01	1.118566915392875671e-01
1.000000000000000021e-03	1.389060325924915962e-01	1.297972366135781985e-01	1.116994702257216032e-01
1.000000000000000021e-03	1.304023225465058000e-01	1.245317757909834705e-01	1.183510536327958135e-01
1.000000000000000021e-03	1.253793364029904267e-01	1.043226943590254002e-01	9.666177798062562665e-02
1.000000000000000021e-03	1.189241913397031947e-01	1.053221250508780266e-01	9.210380464792251864e-02
1.000000000000000021e-03	1.182918614529641088e-01	1.152491748957109735e-01	1.203819990158081082e-01
1.000000000000000021e-03	1.115749629973983859e-01	1.125746760224796694e-01	1.032632574439048823e-01
1.000000000000000021e-03	1.102074253881581006e-01	1.197231933864623399e-01	1.098402073606848661e-01
1.000000000000000021e-03	1.066653864017193115e-01	1.011613989882756276e-01	9.331650268286466321e-02
1.000000000000000021e-03	1.067253408055273550e-01	9.203264273274007479e-02	8.542616683989763537e-02
1.000000000000000021e-03	1.014486431897796137e-01	9.105087116516696888e-02	8.373708724975585660e-02
1.000000000000000021e-03	9.900892405202389723e-02	8.251216442017031416e-02	7.443740740418433588e-02
1.000000000000000021e-03	1.013981949683189915e-01	8.955281580851964796e-02	8.426216682419181148e-02
1.000000000000000021e-03	9.773919694970831240e-02	1.032466419938347091e-01	9.941683243960142136e-02
1.000000000000000021e-03	9.573647027717141489e-02	1.124810270223942088e-01	1.038607189431786509e-01
1.000000000000000021e-03	9.734625280891621990e-02	8.701092164709929577e-02	8.034490570425986689e-02
1.000000000000000021e-03	9.141213402429453072e-02	8.032813479060901818e-02	7.593064457178115567e-02
1.000000000000000021e-03	9.217124474150903413e-02	9.439496711598641121e-02	9.572461554780602178e-02
1.000000000000000021e-03	8.881925962921698170e-02	7.811725703287498990e-02	7.754050409421324452e-02
1.000000000000000021e-03	9.282999772875373534e-02	8.288383247886652039e-02	7.535387333482504446e-02
1.000000000000000021e-03	8.689107445305416233e-02	8.789806171315502070e-02	8.463420141488313397e-02
1.000000000000000021e-03	8.716719408821338444e-02	7.744834726159485760e-02	6.964864348992705345e-02
1.000000000000000021e-03	8.542706098335992038e-02	7.436616572488040366e-02	6.926688859239220342e-02
1.000000000000000021e-03	8.565598132046521596e-02	7.096774450927505196e-02	6.463202098384498995e-02
1.000000000000000021e-03	8.242315565598364036e-02	7.531766193621446115e-02	6.779787875711917877e-02
1.000000000000000021e-03	8.277527871582313068e-02	7.347482226359906832e-02	6.887885574251413623e-02
1.000000000000000021e-03	8.167591049981158535e-02	8.075149080360123632e-02	7.318623634055257399e-02
1.000000000000000021e-03	7.990783510849945592e-02	6.713630143962605323e-02	6.245026774704456191e-02
1.000000000000000021e-03	7.887929726290175692e-02	6.871443988843113637e-02	6.297439555637537878e-02
1.000000000000000021e-03	7.799866044630554551e-02	7.605521985529604956e-02	6.891474341973662099e-02
1.000000000000000021e-03	7.787849927465190225e-02	6.768693679368308069e-02	6.166713647544384141e-02
1.000000000000000021e-03	7.569858069039139825e-02	7.191835718317181325e-02	6.612835889682174006e-02
1.000000000000000021e-03	7.762311411552334783e-02	8.265391446611020099e-02	7.421662816777825633e-02
1.000000000000000021e-03	7.600871506491117813e-02	6.520128954221440787e-02	5.725293057039380212e-02
1.000000000000000021e-03	7.962671399047167864e-02	8.451970830481714270e-02	7.632182324305177012e-02
1.000000000000000021e-03	7.389547674547732037e-02	6.672280441716078869e-02	5.802507568150758882e-02
1.000000000000000021e-03	7.398783180206025545e-02	6.925896451813388921e-02	6.226968169212341447e-02
1.000000000000000021e-03	7.123258698855186588e-02	7.078829152187751661e-02	6.457531275227665346e-02
1.000000000000000021e-03	7.127768831970110464e-02	7.247679233941108079e-02	6.318324040621518811e-02
1.000000000000000021e-03	7.063058500761656977e-02	5.984440588280168227e-02	5.219573634676635127e-02
1.000000000000000021e-03	7.063478746339288405e-02	6.047039122091538155e-02	6.259338697418570518e-02
1.000000000000000021e-03	7.083545772140978358e-02	6.413300747919768729e-02	5.325733227655291696e-02
1.000000000000000021e-03	6.944994211691003783e-02	6.518079457482742201e-02	5.664570145308971127e-02
1.000000000000000021e-03	6.908916104899165411e-02	6.556035742085641882e-02	5.950456913560629030e-02
1.000000000000000021e-03	6.767850152068945191e-02	6.295306768014792553e-02	5.552340215072035928e-02
1.000000000000000021e-03	6.867974125923737017e-02	9.511730363543745292e-02	9.093000590801239569e-02
1.000000000000000021e-03	6.859632686361315235e-02	7.396009070945035180e-02	7.052768981084227284e-02
1.000000000000000021e-03	6.628081844193149663e-02	6.320239012544068280e-02	5.770473778247833113e-02
1.000000000000000021e-03	6.730516843493418444e-02	6.127274348473673443e-02	5.395910162478685657e-02
1.000000000000000021e-03	6.538790909312297561e-02	7.247580940888814771e-02	6.477484032511711398e-02
1.000000000000000021e-03	6.310784017180653960e-02	6.412117235869636833e-02	5.901622334495186528e-02
1.000000000000000021e-03	6.554376073896781008e-02	6.029762645588495479e-02	5.281379884108901301e-02
1.000000000000000021e-03	6.493708227586093840e-02	5.912656660791466845e-02	5.145476805046200752e-02
1.000000000000000021e-03	6.197192781475340667e-02	5.837404458778690935e-02	4.960023825988173207e-02
1.000000000000000021e-03	6.314782856802665656e-02	5.823085727218869911e-02	4.890645244158804694e-02
1.000000000000000021e-03	6.381689622530138661e-02	6.650737368779656433e-02	5.810269545763731280e-02
1.000000000000000021e-03	6.345374591826283273e-02	6.649215829544041778e-02	6.923036631196737012e-02
1.000000000000000021e-03	6.265685233488514638e-02	7.472496464146369255e-02	6.764401141554117480e-02
1.000000000000000021e-03	6.209031744291784033e-02	6.321055348474942381e-02	5.610038163140416284e-02
1.000000000000000021e-03	6.149533448427690202e-02	6.611184760226004875e-02	6.372571270912885666e-02
1.000000000000000021e-03	6.205636311328951993e-02	6.540575808801575575e-02	6.045790663920343200e-02
1.000000000000000021e-03	6.316251283129022120e-02	6.396765203376091058e-02	5.559646729379892627e-02
1.000000000000000021e-03	6.190563601600423266e-02	6.251529512527101429e-02	5.686059212312102179e-02
1.000000000000000021e-03	5.982317505247236600e-02	5.899412272722309031e-02	5.389354610815644264e-02
1.000000000000000021e-03	5.943709059492178343e-02	7.030398420092323630e-02	6.807104228064417284e-02
1.000000000000000021e-03	5.980058812653865630e-02	7.290671092911540918e-02	7.079295199364424307e-02
1.000000000000000021e-03	5.890015009173028143e-02	5.901096559358828819e-02	4.868572670966386795e-02
1.000000000000000021e-03	5.920218810040358409e-02	5.990990477550716536e-02	5.073350891470908980e-02
1.000000000000000021e-03	5.866652000381233911e-02	5.968575229312424874e-02	5.524081941694021503e-02
1.000000000000000021e-03	5.853122298201029333e-02	6.730963174663288917e-02	6.102481428533792357e-02
1.000000000000000021e-03	5.769224020740783276e-02	5.480752092498446942e-02	4.745888831093907079e-02
1.000000000000000021e-03	5.873166058383721966e-02	6.559623391684436811e-02	6.490233205258846838e-02
1.000000000000000021e-03	5.723574785640275775e-02	6.546634921306715427e-02	5.914578316733241220e-02
1.000000000000000021e-03	5.642547451908883765e-02	6.122980444297116548e-02	5.827106507495045939e-02
1.000000000000000021e-03	5.673521183487494068e-02	6.475788686443997855e-02	6.434934278950095454e-02
1.000000000000000021e-03	5.620215116843468167e-02	5.075997859239578247e-02	4.641769439913332601e-02
1.000000000000000021e-03	5.454795064384019426e-02	5.557489144513431956e-02	4.726442289538681368e-02
1.000000000000000021e-03	5.620704227305380746e-02	6.295246098444100269e-02	5.766834020614623746e-02
1.000000000000000021e-03	5.708374618322367700e-02	5.163115224952161131e-02	4.574701618403196474e-02
1.000000000000000021e-03	5.462903012220875903e-02	5.486630033994220612e-02	4.562690034508705417e-02
1.000000000000000021e-03	5.420587223874857169e-02	5.035294488033387195e-02	4.592727483250200887e-02
1.000000000000000021e-03	5.421599815098472608e-02	5.611851450582449469e-02	5.036335242912173132e-02
1.000000000000000021e-03	5.376659911028377342e-02	5.053205011870848251e-02	4.397338312119245668e-02
1.000000000000000021e-03	5.278541171872352250e-02	5.651325104436324964e-02	4.777988186106085777e-02
1.000000000000000021e-03	5.255637665069540221e-02	5.237509051815689848e-02	4.683510204777121405e-02
1.000000000000000021e-03	5.300048666986148516e-02	5.928811965344463891e-02	5.474299881607293944e-02
1.000000000000000021e-03	5.400404459219848574e-02	6.452980982773591501e-02	5.387888420373201231e-02
1.000000000000000021e-03	5.399542255516728839e-02	5.703115521769248908e-02	5.006966344080865383e-02
1.000000000000000021e-03	5.162638164688294201e-02	5.007227327850164583e-02	4.468932398594915867e-02
1.000000000000000021e-03	5.277050579310226669e-02	5.466598211860781292e-02	4.972875956445932388e-02
1.000000000000000021e-03	5.139999198681258208e-02	5.855285306095452807e-02	5.293909837491810044e-02
1.000000000000000021e-03	5.047013088215603765e-02	5.279575822709118432e-02	4.636786389164626598e-02
1.000000000000000021e-03	5.157539038471942866e-02	5.207281637722285111e-02	4.662993499077856818e-02
1.000000000000000021e-03	5.033850215847857079e-02	5.837391233022924675e-02	5.174826169386505942e-02
1.000000000000000021e-03	5.207030595631846615e-02	5.042835376688634824e-02	4.392926250584423820e-02
1.000000000000000021e-03	5.127977130695128560e-02	5.163550679206223987e-02	4.311211281456053118e-02
1.000000000000000021e-03	5.033769667009894283e-02	5.397185502837153342e-02	5.013555735349654874e-02
1.000000000000000021e-03	5.202360523386775210e-02	5.999024900856442244e-02	5.043077990412712236e-02
1.000000000000000021e-03	4.934274974220051457e-02	5.290353239674842889e-02	4.624492507427931109e-02
1.000000000000000021e-03	4.890131500916400364e-02	5.178896048111129163e-02	4.700007261708379069e-02
1.000000000000000021e-03	5.007458939376856905e-02	5.029871963276601188e-02	4.571051672101020952e-02
1.000000000000000021e-03	4.907883460448709406e-02	5.015347150997966075e-02	4.316172110848128657e-02
1.000000000000000021e-03	4.940754302938259179e-02	5.813957268069863682e-02	5.059894155710935315e-02
1.000000000000000021e-03	4.938497687210482989e-02	6.482305572763163992e-02	5.831200182437897006e-02
1.000000000000000021e-03	4.942342878978671361e-02	5.726471826122069009e-02	5.011801561340689659e-02
1.000000000000000021e-03	4.864026539877204514e-02	5.613786370264298164e-02	4.855570807121693810e-02
1.000000000000000021e-03	4.860964012204942175e-02	4.890103227610051451e-02	4.249347271397709708e-02
1.000000000000000021e-03	5.009333068020576513e-02	5.036723907276285939e-02	4.441642118617892404e-02
1.000000000000000021e-03	5.049557923087379108e-02	5.112594167131404022e-02	5.165751958265900334e-02
1.000000000000000021e-03	4.769090834274723051e-02	5.142016647412826769e-02	4.339310941286385337e-02
1.000000000000000021e-03	4.719689405410008171e-02	5.291630441800774382e-02	4.592002411372959891e-02
1.000000000000000021e-03	4.757895381008386132e-02	5.578943281507616619e-02	5.710529759526252608e-02
1.000000000000000021e-03	4.785646374135290454e-02	5.270036716618774902e-02	4.467895855195820609e-02
1.000000000000000021e-03	4.736717911832654532e-02	4.854753527653778850e-02	4.089701701886951785e-02
1.000000000000000021e-03	4.712384750653728083e-02	5.206552714460495335e-02	4.578257719986141006e-02
1.000000000000000021e-03	4.783703517244609904e-02	6.353431984938251453e-02	5.603949129581451555e-02
1.000000000000000021e-03	4.668257577499724392e-02	5.538757932396771305e-02	4.912901464849710187e-02
1.000000000000000021e-03	4.681769662784274894e-02	5.497365571675500578e-02	4.952573664486407956e-02
1.000000000000000021e-03	4.635550816602454494e-02	4.949805499371433964e-02	4.088763361796736440e-02
1.000000000000000021e-03	4.831394342214753029e-02	6.585704482584724129e-02	5.659913020208477696e-02
1.000000000000000021e-03	4.782542001094112344e-02	5.235426651596711278e-02	4.895891286432742934e-02
1.000000000000000021e-03	4.640042667838984586e-02	4.991683573583970135e-02	4.360457966104149680e-02
1.000000000000000021e-03	4.711893486284876587e-02	5.030141515335487257e-02	4.300662414170801362e-02
1.000000000000000021e-03	4.610945751707418161e-02	4.701616951503366504e-02	4.091680878773331503e-02
1.000000000000000021e-03	4.632955926311716627e-02	4.848988563875565594e-02	4.052235898561775546e-02
1.000000000000000021e-03	4.598251281391749212e-02	4.897752233551747048e-02	4.117713738232851167e-02
1.000000000000000021e-03	4.626877016781755225e-02	5.110146227190319468e-02	4.594902689568698684e-02
1.000000000000000021e-03	4.591754266321485672e-02	5.326496719026752730e-02	4.872215986251830777e-02
1.000000000000000021e-03	4.460856701513409017e-02	5.319847492257338134e-02	4.680863735266029696e-02
1.000000000000000021e-03	4.637426472095086682e-02	5.155179196120244361e-02	4.640666418708860874e-02
1.000000000000000021e-03	4.624072504254223698e-02	5.068597029797069359e-02	4.636596073396503925e-02
1.000000000000000021e-03	4.610195985348887471e-02	5.037863441396758096e-02	4.300922960974275927e-02
1.000000000000000021e-03	4.439377086264161693e-02	4.725847860398404987e-02	4.065739042125642022e-02
1.000000000000000021e-03	4.482564217843865162e-02	5.818263546646577217e-02	5.366485910490155498e-02
1.000000000000000021e-03	4.453271699266388162e-02	4.868430797381238795e-02	4.244176479987800399e-02
1.000000000000000021e-03	4.492738011654481833e-02	5.060233828167953057e-02	4.606140460819006105e-02
1.000000000000000021e-03	4.491888550654651868e-02	5.126991809506691034e-02	4.630084997043013711e-02
1.000000000000000021e-03	4.383311983698533892e-02	5.352398563976062951e-02	4.732477637007832805e-02
1.000000000000000021e-03	4.453937656020202918e-02	4.889892718476775146e-02	4.262061556801199913e-02
1.000000000000000021e-03	4.417159311243654130e-02	4.439643928439829246e-02	3.969312845729291300e-02
1.000000000000000021e-03	4.393989175943838893e-02	4.781452454236477523e-02	4.021208025515079360e-02
1.000000000000000021e-03	4.420900366953322419e-02	4.980564665497909382e-02	4.034469267353415350e-02
1.000000000000000021e-03	4.411630176761907607e-02	4.816353515141609531e-02	3.999134232290089269e-02
1.000000000000000021e-03	4.342255169344787225e-02	4.980501247794216074e-02	4.052990712225437026e-02
1.000000000000000021e-03	4.342299872936725147e-02	5.408281422371327696e-02	4.872946683317423006e-02
1.000000000000000021e-03	4.443391231216442527e-02	5.285373306711306507e-02	4.089895710349082669e-02
1.000000000000000021e-03	4.406959919986023350e-02	4.718738889897056837e-02	4.501860155723989149e-02
1.000000000000000021e-03	4.361773014324324405e-02	5.273532529034851563e-02	4.679110664874315539e-02
1.000000000000000021e-03	4.300112029783527412e-02	4.878173564702116549e-02	4.365913639776408672e-02
1.000000000000000021e-03	4.239438257899098839e-02	4.866709752271624473e-02	4.130020495504140715e-02
1.000000000000000021e-03	4.286859504804838711e-02	4.876548433139998168e-02	4.138240469619632045e-02
1.000000000000000021e-03	4.275195608744446207e-02	5.372001442336599153e-02	4.611597107723355154e-02
1.000000000000000021e-03	4.316988580227938688e-02	4.797010822953041986e-02	4.044878678396344324e-02
1.000000000000000021e-03	4.278145586923328553e-02	4.865490656872694525e-02	3.924574581906199733e-02
1.000000000000000021e-03	4.246902503203243279e-02	4.676799341568147611e-02	4.098657849244773110e-02
1.000000000000000021e-03	4.195898661846127198e-02	4.938337252675238653e-02	4.453215971589088301e-02
1.000000000000000021e-03	4.244460914784597277e-02	4.846773694479028505e-02	4.109239378012716909e-02
1.000000000000000021e-03	4.209326628060310049e-02	4.701426639879873609e-02	3.850834714248776297e-02
1.000000000000000021e-03	4.166687336393294638e-02	5.345719902537256207e-02	4.726851382292807102e-02
1.000000000000000021e-03	4.131942153748486418e-02	5.003709304122088558e-02	4.295459501445293704e-02
1.000000000000000021e-03	4.148153706392519041e-02	5.427115078020782607e-02	4.621356865391135216e-02
5.000000000000000104e-04	3.599837246616958975e-02	4.961800596710898986e-02	4.177411766722798070e-02
5.000000000000000104e-04	3.499215847794714257e-02	4.150832788677427665e-02	3.509920556098222733e-02
5.000000000000000104e-04	3.403163206865962576e-02	4.380198394518872163e-02	3.808487937785685201e-02
5.000000000000000104e-04	3.388570978752120100e-02	4.640166026525472526e-02	3.812095546163618565e-02
5.000000000000000104e-04	3.379708842101868116e-02	4.437446674205245550e-02	3.717956501059234420e-02
5.000000000000000104e-04	3.333154099236539103e-02	4.301271611990416938e-02	3.690106668509542803e-02
5.000000000000000104e-04	3.391741617967945072e-02	4.471605396902685742e-02	3.844357738271355490e-02
5.000000000000000104e-04	3.311173268715748852e-02	4.526865348726979293e-02	3.857196974568068842e-02
5.000000000000000104e-04	3.310114291885032228e-02	4.234331165542777609e-02	3.593486575409769734e-02
5.000000000000000104e-04	3.313603122686666763e-02	4.269577119089858208e-02	3.581350189633667608e-02
5.000000000000000104e-04	3.290023470818649598e-02	4.470137540855644714e-02	3.786524157039820870e-02
5.000000000000000104e-04	3.285646649134963543e-02	4.421225176509762517e-02	3.808769281022250652e-02
5.000000000000000104e-04	3.319315729015889088e-02	4.864938948205940056e-02	4.318475094623863697e-02
5.000000000000000104e-04	3.268630644106081118e-02	4.420418179160013478e-02	3.653506790287792960e-02
5.000000000000000104e-04	3.256722973251131165e-02	4.167046236040080481e-02	3.338294941931962967e-02
5.000000000000000104e-04	3.266381661322589891e-02	4.164840068414573521e-02	3.466546013951301436e-02
5.000000000000000104e-04	3.267036272302798611e-02	4.542878968397360412e-02	3.916608546860515794e-02
5.000000000000000104e-04	3.193953142237566240e-02	4.634483771993539586e-02	3.949085571803152839e-02
5.000000000000000104e-04	3.200110325881254381e-02	4.206961415786081293e-02	3.509934530593454560e-02
5.000000000000000104e-04	3.207088556246850269e-02	4.065013762699996175e-02	3.446423835121095042e-02
5.000000000000000104e-04	3.213466892919355361e-02	4.367251874615696999e-02	3.787446520291268964e-02
5.000000000000000104e-04	3.236369410916564715e-02	4.239221189307604970e-02	3.508586217649280886e-02
5.000000000000000104e-04	3.169222235183354747e-02	4.302052678589109169e-02	3.786596553400158743e-02
5.000000000000000104e-04	3.190867517982166196e-02	4.719122779111899896e-02	4.104461385868489465e-02
5.000000000000000104e-04	3.151403389028108182e-02	4.887688467132795395e-02	4.168374859727919102e-02
5.000000000000000104e-04	3.181354320863258311e-02	5.020821239818765158e-02	4.363059303723275384e-02
5.000000000000000104e-04	3.167562298054106551e-02	4.229812146559435576e-02	3.461443469859659672e-02
5.000000000000000104e-04	3.170538058969310513e-02	4.012648694958362294e-02	3.326239332091063261e-02
5.000000000000000104e-04	3.159082039362854505e-02	4.224958851036288848e-02	3.412482817657291889e-02
5.000000000000000104e-04	3.147380683763974230e-02	4.075586347211718197e-02	3.372807959094643870e-02
5.000000000000000104e-04	3.135649377990507719e-02	3.944193930682087651e-02	3.217568099498748641e-02
5.000000000000000104e-04	3.104446774349700275e-02	4.271898896516305305e-02	3.581101614981889447e-02
5.000000000000000104e-04	3.105824704023555857e-02	4.230130690086574691e-02	3.618507282808423181e-02
5.000000000000000104e-04	3.129611817720048816e-02	4.327377359046361699e-02	3.641857691109180728e-02
5.000000000000000104e-04	3.105651697337869985e-02	4.218429069556491051e-02	3.453568019904196262e-02
5.000000000000000104e-04	3.086734696390533092e-02	4.578653436290656270e-02	3.730352926068007668e-02
5.000000000000000104e-04	3.107712669119264831e-02	4.299971370601841231e-02	3.701948802918195863e-02
5.000000000000000104e-04	3.113869019123601672e-02	4.317185540161831703e-02	3.680410338565707346e-02
5.000000000000000104e-04	3.064351565019813109e-02	3.942278824278509092e-02	3.196493461728096286e-02
5.000000000000000104e-04	3.108202217503246503e-02	4.168613594395952082e-02	3.410257892683148107e-02
5.000000000000000104e-04	3.117088333461401004e-02	4.194973936762796951e-02	3.567392709665000161e-02
5.000000000000000104e-04	3.036936986465451488e-02	4.602294191913142846e-02	3.969494500197470049e-02
5.000000000000000104e-04	3.016219004921489449e-02	4.213742571468440806e-02	3.519304185174405852e-02
5.000000000000000104e-04	3.054606298839650583e-02	4.784855827767187098e-02	4.057951010763645450e-02
5.000000000000000104e-04	3.029258249283114240e-02	4.547769289600287618e-02	3.860359159298241277e-02
5.000000000000000104e-04	3.027184870052885418e-02	3.976825725150669871e-02	3.288112315349280695e-02
5.000000000000000104e-04	3.102723978852085090e-02	4.270104104311678306e-02	3.664878658019006530e-02
5.000000000000000104e-04	3.046041262217425230e-02	4.140070573236617757e-02	3.449775064364075938e-02
5.000000000000000104e-04	3.064933796957733381e-02	4.628008342694237692e-02	3.911584825254976749e-02
5.000000000000000104e-04	3.029880018329433183e-02	4.569039417733072872e-02	4.020140161737799367e-02
5.000000000000000104e-04	3.047081866096260777e-02	4.426752580866139680e-02	3.839116939343512058e-02
5.000000000000000104e-04	3.023923133998901100e-02	4.121455124028378103e-02	3.636959861032664637e-02
5.000000000000000104e-04	2.998760132603412246e-02	4.102202283501313329e-02	5.534092509187758108e-02
5.000000000000000104e-04	3.034404701801962992e-02	4.366210905630239086e-02	3.722161068581044535e-02
5.000000000000000104e-04	2.994888899289830167e-02	4.184540346537896777e-02	3.592473380267620364e-02
5.000000000000000104e-04	3.002565776427569555e-02	4.371362888493150745e-02	3.743205377832055369e-02
5.000000000000000104e-04	2.980850084558554075e-02	4.449154383927115403e-02	3.803582289256155630e-02
5.000000000000000104e-04	2.998249978910635244e-02	4.433897914881793773e-02	3.859101072885096073e-02
5.000000000000000104e-04	3.003689901087348499e-02	4.466267783409325759e-02	3.897749427706002912e-02
5.000000000000000104e-04	2.981971456642723561e-02	4.030927387675689588e-02	3.554054601117968837e-02
2.500000000000000052e-04	2.730997472485703972e-02	3.937372554542194203e-02	3.405515812337398668e-02
2.500000000000000052e-04	2.675884921502467290e-02	4.096854530781975784e-02	3.690936584025621137e-02
2.500000000000000052e-04	2.647273533356144654e-02	4.014707016344157969e-02	3.513020165264606198e-02
2.500000000000000052e-04	2.656875401594442632e-02	4.190181617025305616e-02	3.616664954461157322e-02
2.500000000000000052e-04	2.608253279838487759e-02	3.856626653273380334e-02	3.334429212845861634e-02
2.500000000000000052e-04	2.649024302934130035e-02	3.914777966245462648e-02	3.268342004157602509e-02
2.500000000000000052e-04	2.617043416639394313e-02	4.068606681341588316e-02	3.386543067172169408e-02
2.500000000000000052e-04	2.590384068094310835e-02	4.146136727710669073e-02	3.595693428069353381e-02
2.500000000000000052e-04	2.592834631612804877e-02	3.688536532691324282e-02	3.041761242784559588e-02
2.500000000000000052e-04	2.581303203808942362e-02	3.986564856900282755e-02	3.352495087310671668e-02
2.500000000000000052e-04	2.581399805798320624e-02	4.350777238568398486e-02	3.788342969492077689e-02
2.500000000000000052e-04	2.564472952015684967e-02	4.036914018904351475e-02	3.385971542447805543e-02
2.500000000000000052e-04	2.546841496251709899e-02	4.249946307878531976e-02	3.638439159840345383e-02
2.500000000000000052e-04	2.581810614569822471e-02	3.704657356854508532e-02	3.058499335311353276e-02
2.500000000000000052e-04	2.579082765981095468e-02	4.161648505918330576e-02	3.524612882174551348e-02
2.500000000000000052e-04	2.596304934783911708e-02	3.969241838648681492e-02	3.284985530190169534e-02
2.500000000000000052e-04	2.554533210132810608e-02	4.029764643631368604e-02	5.428558969870209833e-02
2.500000000000000052e-04	2.536365389607200815e-02	4.402746318678581183e-02	3.763251933269202987e-02
2.500000000000000052e-04	2.561398251756913033e-02	4.394426833623679002e-02	3.795948345214128494e-02
2.500000000000000052e-04	2.570817668214137042e-02	4.117400986166836613e-02	3.514920026063918929e-02
2.500000000000000052e-04	2.535648371671056153e-02	3.946863729214168670e-02	3.439742084592580657e-02
2.500000000000000052e-04	2.525277086167903445e-02	3.764275275170803070e-02	3.193542757071554661e-02
2.500000000000000052e-04	2.569766758348946550e-02	4.063473006037517099e-02	3.747694171033799648e-02
2.500000000000000052e-04	2.525894279001739129e-02	3.700456728778428461e-02	3.217045094352215251e-02
2.500000000000000052e-04	2.544651196379953476e-02	3.975178375450104384e-02	3.407344259321689467e-02
2.500000000000000052e-04	2.532869740863346458e-02	3.834926249235088430e-02	3.184982589446008067e-02
2.500000000000000052e-04	2.562198489460142808e-02	3.658235686982333479e-02	3.118871627375483652e-02
2.500000000000000052e-04	2.536960069681753333e-02	3.800817071923410367e-02	3.331572152674198289e-02
2.500000000000000052e-04	2.514544737900738930e-02	3.981939128829234398e-02	3.495570020750164708e-02
2.500000000000000052e-04	2.511831550734846749e-02	3.704403991767093313e-02	3.189499415457248965e-02
2.500000000000000052e-04	2.499213782228516464e-02	3.913405059753912590e-02	3.301389478147030015e-02
2.500000000000000052e-04	2.511299651716426828e-02	4.312004375208110946e-02	3.652134737931191782e-02
2.500000000000000052e-04	2.531822805291279038e-02	4.006046844714598876e-02	3.415435273200273514e-02
2.500000000000000052e-04	2.533082187515989583e-02	4.171717070355153434e-02	3.565503344871103625e-02
2.500000000000000052e-04	2.497342287781125630e-02	3.832393514080197072e-02	4.424694902263581753e-02
2.500000000000000052e-04	2.493147212858114192e-02	3.886845064256828214e-02	3.314951988868415633e-02
2.500000000000000052e-04	2.488249481437319194e-02	4.033633414168320136e-02	3.439443204551935473e-02
2.500000000000000052e-04	2.511958903326951334e-02	4.279992554863398108e-02	3.674611090682446818e-02
2.500000000000000052e-04	2.492897268525558208e-02	4.102128179480580422e-02	3.499692683108150681e-02
2.500000000000000052e-04	2.485680636972050286e-02	4.107471461851559119e-02	3.512142123654484610e-02
2.500000000000000052e-04	2.527071963757311288e-02	3.848924208920039697e-02	3.379365047439932684e-02
2.500000000000000052e-04	2.493626008394275728e-02	4.089571533636897349e-02	3.565738969482481341e-02
2.500000000000000052e-04	2.478070948663026185e-02	4.063249819214743291e-02	3.499642852693796158e-02
2.500000000000000052e-04	2.470529929817659107e-02	4.042939006970190652e-02	3.470203801989555498e-02
2.500000000000000052e-04	2.499062036190652369e-02	3.955344654892751360e-02	3.422135505825281421e-02
2.500000000000000052e-04	2.498381175458379289e-02	3.701133242959439573e-02	3.030720250681042532e-02
2.500000000000000052e-04	2.476532819207894268e-02	4.089243032272261297e-02	3.495286819525063315e-02
2.500000000000000052e-04	2.482188807680136763e-02	3.935111297479786802e-02	3.318406245671212673e-02
1.250000000000000026e-04	2.339156573218980836e-02	3.664916403669649103e-02	3.073086091317236285e-02
1.250000000000000026e-04	2.301448836560735303e-02	3.648663810527449231e-02	3.085566859226673841e-02
1.250000000000000026e-04	2.291148583447520648e-02	3.876292775750784375e-02	3.265074510127306123e-02
1.250000000000000026e-04	2.307335439735699531e-02	3.805119168813003716e-02	3.263574712909757952e-02
1.250000000000000026e-04	2.272922347108505617e-02	4.129157395770100686e-02	3.537009481806308031e-02
1.250000000000000026e-04	2.287554113847735035e-02	3.666251254175346280e-02	3.078595602419227292e-02
1.250000000000000026e-04	2.283522001358747125e-02	3.796896957719201465e-02	3.267663898877799789e-02
1.250000000000000026e-04	2.254073269591558987e-02	3.906360516295383223e-02	3.351318612694740434e-02
1.250000000000000026e-04	2.252776648658541894e-02	3.548704600693043665e-02	3.023776076734065871e-02
1.250000000000000026e-04	2.281253986816946314e-02	3.877091400949430472e-02	3.314855396747588834e-02
1.250000000000000026e-04	2.272968102461068313e-02	4.177227651417567134e-02	3.565475735813379565e-02
1.250000000000000026e-04	2.289110033839525035e-02	3.868815043443784435e-02	3.255201010033488551e-02
1.250000000000000026e-04	2.265586421530804348e-02	4.220136151653933881e-02	3.690355992875993252e-02
1.250000000000000026e-04	2.255829816566018442e-02	3.633787106547056028e-02	3.120190943591296534e-02
1.250000000000000026e-04	2.261119172759375878e-02	3.807015628285745357e-02	3.213280700147151669e-02
1.250000000000000026e-04	2.265189283371942669e-02	4.127019562841397621e-02	3.568527461029589315e-02
1.250000000000000026e-04	2.261974742888554768e-02	3.764671770397437500e-02	3.350246238987893144e-02
1.250000000000000026e-04	2.266339271764393828e-02	3.673010849008697537e-02	3.209054907783866206e-02
1.250000000000000026e-04	2.259734513616236048e-02	4.022333679320924671e-02	3.474826822057366232e-02
1.250000000000000026e-04	2.252944571699095483e-02	3.803162188001016353e-02	3.268001028336584707e-02
1.250000000000000026e-04	2.250177060687885353e-02	3.710222131138696949e-02	3.193739643320440968e-02
1.250000000000000026e-04	2.246082978135645683e-02	3.826162365328578813e-02	3.300554682500660142e-02
1.250000000000000026e-04	2.254695164927169454e-02	3.952879724897327002e-02	3.544956110417842726e-02
1.250000000000000026e-04	2.238522310984505589e-02	4.174399630444523834e-02	3.672814024612307271e-02
1.250000000000000026e-04	2.223705435892292873e-02	3.873957844733880163e-02	3.399301390163600445e-02
1.250000000000000026e-04	2.254866334268906813e-02	3.795705470427168660e-02	3.262820928357541839e-02
1.250000000000000026e-04	2.255644497026566483e-02	4.099811849559788918e-02	3.495795419439673424e-02
1.250000000000000026e-04	2.256699308477788657e-02	3.875438196106730654e-02	3.345976411364972453e-02
1.250000000000000026e-04	2.237675610199406015e-02	3.830124570437126730e-02	3.281993865966796597e-02
1.250000000000000026e-04	2.211122158557228545e-02	3.805908458356145607e-02	3.311247532255947451e-02
6.250000000000000130e-05	2.144230342372047127e-02	3.577110923690165339e-02	3.045810074545442919e-02
6.250000000000000130e-05	2.158811862118338587e-02	3.995116137904334425e-02	3.465706524439156333e-02
6.250000000000000130e-05	2.147492591276496318e-02	3.593677501267319302e-02	3.113992253784090419e-02
6.250000000000000130e-05	2.154632053896568186e-02	3.633861359774442218e-02	3.090683948248624732e-02
6.250000000000000130e-05	2.152423615935255760e-02	3.817144139664959551e-02	3.309680926613509794e-02
6.250000000000000130e-05	2.151445663410036721e-02	3.761375707657080986e-02	3.241829061880707741e-02
6.250000000000000130e-05	2.147413002963136086e-02	3.975717107038847370e-02	3.478356432169675549e-02
6.250000000000000130e-05	2.143557524333484371e-02	3.595756368311756046e-02	3.081176262348890235e-02
6.250000000000000130e-05	2.133635886299568504e-02	3.849579800524948608e-02	3.346293950453400889e-02
6.250000000000000130e-05	2.140827251163730099e-02	3.819880202529630370e-02	3.263188111595809182e-02
6.250000000000000130e-05	2.164440707982435985e-02	3.847992677651150550e-02	3.327895682305097302e-02
6.250000000000000130e-05	2.139162716421625504e-02	3.962932973710030227e-02	4.388231891207396845e-02
6.250000000000000130e-05	2.123433127923456468e-02	3.903501667082309723e-02	3.353206824976950884e-02
6.250000000000000130e-05	2.133126491317747717e-02	3.982155970956018781e-02	3.466942058876156668e-02
6.250000000000000130e-05	2.142487902415308315e-02	3.773259243766986792e-02	3.380452124401926717e-02
6.250000000000000130e-05	2.144337039323845548e-02	3.685745061497101849e-02	3.167426753789186200e-02
6.250000000000000130e-05	2.124173533596172142e-02	3.980076753812310242e-02	3.463087249547243396e-02
6.250000000000000130e-05	2.121728586673372538e-02	3.934853592234131836e-02	3.429808570072055002e-02
6.250000000000000130e-05	2.131718186008212459e-02	3.929838636665756307e-02	3.366041500121354918e-02
6.250000000000000130e-05	2.115141245124210409e-02	3.828791390460823535e-02	3.306025564670563022e-02
6.250000000000000130e-05	2.105380879653321810e-02	3.794896240828861400e-02	3.265546499751507958e-02
3.125000000000000065e-05	2.104179613961859249e-02	3.625699422317337633e-02	3.107250090688467095e-02
3.125000000000000065e-05	2.082493591462026422e-02	3.659310499059904159e-02	3.143238201737404147e-02
3.125000000000000065e-05	2.080510648258936113e-02	3.869311315499987525e-02	3.374568009749055048e-02
3.125000000000000065e-05	2.074964770612725690e-02	3.878594408328620707e-02	3.318686499260366241e-02
3.125000000000000065e-05	2.054972458390249071e-02	3.939022113086353138e-02	3.451372757554053983e-02
3.125000000000000065e-05	2.079531225175913767e-02	4.070027789871417945e-02	3.598090070299804488e-02
3.125000000000000065e-05	2.090083097485330096e-02	4.174181426928929434e-02	3.697469085454940796e-02
3.125000000000000065e-05	2.077882116093772089e-02	3.589047480335566531e-02	3.164627277292311053e-02
3.125000000000000065e-05	2.068423488409783240e-02	3.744119524721700037e-02	3.234777846373617510e-02
3.125000000000000065e-05	2.072694004633057058e-02	3.703253726470064761e-02	3.193471459671855250e-02
3.125000000000000065e-05	2.070976933491497016e-02	3.594190088047095194e-02	3.099745321087539127e-02
3.125000000000000065e-05	2.069516935715708800e-02	3.863251594465752503e-02	3.301366399973630628e-02
3.125000000000000065e-05	2.082912428840916902e-02	3.997958923509607743e-02	3.465833920054137846e-02
3.125000000000000065e-05	2.081821318889181052e-02	3.852632684701400023e-02	3.370070778764784614e-02
3.125000000000000065e-05	2.060529471436269369e-02	3.793550849311951023e-02	3.290255023166537007e-02
3.125000000000000065e-05	2.073969533954112682e-02	4.075054676120817843e-02	3.539544832892715931e-02
3.125000000000000065e-05	2.069886362937524427e-02	4.040171964708422908e-02	3.553015817888081213e-02
3.125000000000000065e-05	2.069262323013618815e-02	3.820763435702361627e-02	3.315888862125575265e-02
3.125000000000000065e-05	2.074011226757329143e-02	3.905013408414356041e-02	3.388741137459874014e-02
3.125000000000000065e-05	2.075996535378895474e-02	3.719644763394799880e-02	3.206547996960580627e-02
3.125000000000000065e-05	2.063179429005040574e-02	3.584120562056284515e-02	3.096497212536632876e-02
1.562500000000000033e-05	2.028238481867445167e-02	3.822014466201135302e-02	3.297995608299970904e-02
1.562500000000000033e-05	2.034026259689690821e-02	3.809356839634985004e-02	3.325265869498252730e-02
1.562500000000000033e-05	2.038697012412454476e-02	3.491914609729931951e-02	3.041565902531146934e-02
1.562500000000000033e-05	2.036813110841298458e-02	3.727369421985760739e-02	3.258316540159285346e-02
1.562500000000000033e-05	2.054517971944451807e-02	3.519227880379916656e-02	2.998648234643042088e-02
1.562500000000000033e-05	2.015957044336756307e-02	3.670157906623722904e-02	3.170291949063539644e-02
1.562500000000000033e-05	2.036744039809117862e-02	3.695787802455625243e-02	3.194672139361500601e-02
1.562500000000000033e-05	2.037689100556539304e-02	3.709890090748277358e-02	3.204149869270622730e-02
1.562500000000000033e-05	2.020547599729460506e-02	3.914670220025234793e-02	3.410596754401921948e-02
1.562500000000000033e-05	2.009586191943664099e-02	3.636168139981817843e-02	3.134526091162115335e-02
1.562500000000000033e-05	2.030605359632497997e-02	3.672084251311436703e-02	3.182961917482316633e-02
1.562500000000000033e-05	2.031891248142861373e-02	3.666592398122030944e-02	3.153446395881474157e-02
1.562500000000000033e-05	2.022285681486632458e-02	3.864134148894492193e-02	3.389735040254891058e-02
1.562500000000000033e-05	2.034154190037696514e-02	3.895883784868330035e-02	3.414140264503658095e-02
1.562500000000000033e-05	2.023964782081297265e-02	3.885141230573516818e-02	3.400932508520781994e-02
1.562500000000000033e-05	2.024124753230737220e-02	3.748125304999463947e-02	3.323609083890914639e-02
1.562500000000000033e-05	2.017990524873545036e-02	3.667772771956408911e-02	3.149279817007481774e-02
1.562500000000000033e-05	2.040336244815983344e-02	3.711146264488160429e-02	3.221115292981267114e-02
1.562500000000000033e-05	2.025491609213708050e-02	3.671625199001184864e-02	3.215201068669557710e-02
1.562500000000000033e-05	2.028181861193201554e-02	3.708325571219646399e-02	3.243581652641296109e-02
1.562500000000000033e-05	2.019967005326433682e-02	3.869929617144050177e-02	3.343989038839936118e-02
1.562500000000000033e-05	2.038691546215332800e-02	3.783957510991558387e-02	3.285939614288509170e-02
1.562500000000000033e-05	2.021864800290824882e-02	3.740791315261605965e-02	3.284859466366470138e-02
1.562500000000000033e-05	2.036196519547575981e-02	3.762232254781024132e-02	3.274852498434484283e-02
7.812500000000000163e-06	2.010795661129616621e-02	3.742256021390410331e-02	3.276277529075741907e-02
7.812500000000000163e-06	2.030054501291968932e-02	3.884886810799855622e-02	3.375056739896535596e-02
7.812500000000000163e-06	1.997768786617182615e-02	3.715507610072016353e-02	3.242243849672377110e-02
7.812500000000000163e-06	2.001150809293434155e-02	3.800928619012470394e-02	3.297565584070980688e-02
7.812500000000000163e-06	2.007110893819535197e-02	3.514686208315857124e-02	3.025928689166903357e-02
7.812500000000000163e-06	2.018033127978209954e-02	3.840987361889547369e-02	3.386944700032472333e-02
7.812500000000000163e-06	2.009983795438744295e-02	3.751964298081803678e-02	3.315041260793805122e-02
7.812500000000000163e-06	2.007267873630213736e-02	3.601741929738465353e-02	3.117422810755670140e-02
7.812500000000000163e-06	2.003385265991134909e-02	3.734936441797080675e-02	3.244589301757514616e-02
7.812500000000000163e-06	2.012512760281285479e-02	3.670081465032087875e-02	3.171891251113265892e-02
7.812500000000000163e-06	2.016292928017506675e-02	3.762386414510105609e-02	3.330231443978846212e-02
7.812500000000000163e-06	2.006374321197478688e-02	3.814905248972445817e-02	3.313238583505153517e-02
7.812500000000000163e-06	2.002132672614972270e-02	3.746809966433110872e-02	3.255363309290260077e-02
7.812500000000000163e-06	2.021266308728520908e-02	3.607246371873542440e-02	3.289976273663341999e-02
7.812500000000000163e-06	2.012852315724312016e-02	3.817209910542865292e-02	3.323411191813648025e-02
7.812500000000000163e-06	2.018668227506678972e-02	3.779003215241806546e-02	3.292178055271506587e-02
7.812500000000000163e-06	2.001637561542565433e-02	4.076624019022699608e-02	3.560892804525792738e-02
7.812500000000000163e-06	2.003832672760020445e-02	3.702660544204930404e-02	3.193189338780939857e-02
7.812500000000000163e-06	2.007882570909632139e-02	3.544520535530688160e-02	3.063792032189667155e-02
7.812500000000000163e-06	2.004604646908969903e-02	3.665262729865718244e-02	3.191281678155064722e-02
7.812500000000000163e-06	2.003534382546169959e-02	3.969171728100139712e-02	3.485026159323752204e-02
3.906250000000000081e-06	2.002060380582808621e-02	3.709140256125265100e-02	3.243005732074379782e-02
3.906250000000000081e-06	1.991798832563985641e-02	3.598018717118271065e-02	3.123819250613451073e-02
3.906250000000000081e-06	2.008301326262787803e-02	3.801912771469635743e-02	3.311460493132471761e-02
3.906250000000000081e-06	2.013190126684757247e-02	4.149025624998264883e-02	3.674337631091475348e-02
3.906250000000000081e-06	2.006729523022293335e-02	3.622932231336520315e-02	3.159730671904981136e-02
3.906250000000000081e-06	2.019850405961396561e-02	3.931947112941617389e-02	3.451666315086186071e-02
3.906250000000000081e-06	2.009719776487007073e-02	3.596004274191032246e-02	3.125824010930955410e-02
3.906250000000000081e-06	1.996746983697693031e-02	3.871766784038219167e-02	3.377661639824509898e-02
3.906250000000000081e-06	1.996225803069783325e-02	3.600667258090686079e-02	3.156779925338924070e-02
3.906250000000000081e-06	2.020747325350077950e-02	3.583111416509482394e-02	3.131590005941688876e-02
3.906250000000000081e-06	2.002682547080111147e-02	3.825525400175162211e-02	3.415534971281886101e-02
3.906250000000000081e-06	2.009998970091290971e-02	3.995013866983158912e-02	3.522935262881219526e-02
3.906250000000000081e-06	1.998258651997579863e-02	3.928228835355861148e-02	3.425988764502108097e-02
3.906250000000000081e-06	2.010542237529788084e-02	4.093793749380174318e-02	3.620773409493267814e-02
3.906250000000000081e-06	2.023050108997106675e-02	3.689474716333975002e-02	3.212871737778186937e-02
3.906250000000000081e-06	2.005283110961968152e-02	3.927181633823204759e-02	3.453397946432232996e-02
3.906250000000000081e-06	1.998326978946907487e-02	3.605521828696833797e-02	3.099235233385115931e-02
3.906250000000000081e-06	2.007749978910184502e-02	3.591831877866652478e-02	3.301283321343362331e-02
3.906250000000000081e-06	2.006522264903700531e-02	3.594885271588701275e-02	3.132554632611572742e-02
3.906250000000000081e-06	2.004257596405076627e-02	3.863106899119484600e-02	4.377137031406164169e-02
3.906250000000000081e-06	2.012501919719023730e-02	3.650209449075591389e-02	3.157304285559803247e-02
1.953125000000000041e-06	1.988958777483810711e-02	3.597455842820293515e-02	3.114884756505489211e-02
1.953125000000000041e-06	1.995633326204295302e-02	3.512844869486636545e-02	3.116833996027707984e-02
1.953125000000000041e-06	1.994358435318679956e-02	3.823228745053263572e-02	3.333342070691287795e-02
1.953125000000000041e-06	2.015871643302761737e-02	4.284920356192514074e-02	3.776827063411473950e-02
1.953125000000000041e-06	2.005742445432078663e-02	3.866999057067938700e-02	3.365802611224353452e-02
1.953125000000000041e-06	2.004548656543442622e-02	3.755634883662480744e-02	3.272066451609134674e-02
1.953125000000000041e-06	1.999609085442438650e-02	3.759801265886004995e-02	3.299563261680305004e-02
1.953125000000000041e-06	2.004321503229200899e-02	4.501309552039775563e-02	4.018356897868215899e-02
1.953125000000000041e-06	1.988736678395959870e-02	3.926848392953111166e-02	3.452275963500141959e-02
1.953125000000000041e-06	2.008902385978243721e-02	3.610812574722536278e-02	3.192391949705779275e-02
1.953125000000000041e-06	1.997025968932772746e-02	3.670042794178293710e-02	3.198526897467672547e-02
1.953125000000000041e-06	1.998913342457149869e-02	3.563598306430260099e-02	3.116490403190255026e-02
1.953125000000000041e-06	2.005098027205869451e-02	3.923113744569386302e-02	3.419924890622496466e-02
1.953125000000000041e-06	2.011776158294666106e-02	4.771996994566230638e-02	4.305869657546281676e-02
1.953125000000000041e-06	1.989860793303670217e-02	3.923227033377942041e-02	3.459364785812794885e-02
1.953125000000000041e-06	2.005469134817503343e-02	3.700372936564902404e-02	3.234455930069089075e-02
1.953125000000000041e-06	1.994149706100502295e-02	3.714558903459479200e-02	3.246932411566376409e-02
1.953125000000000041e-06	2.004878441822119731e-02	3.816451619413354507e-02	3.342039650306105614e-02
1.953125000000000041e-06	1.983844625984100205e-02	3.697246386723212347e-02	4.379188702441751818e-02
1.953125000000000041e-06	2.007572277036775640e-02	3.883514648878761549e-02	3.394959634169936180e-02
1.953125000000000041e-06	1.990357921320626625e-02	3.737427886204881811e-02	3.229107130318879804e-02
9.765625000000000203e-07	1.990340776100035097e-02	3.957394891813475341e-02	3.469377860892564058e-02
9.765625000000000203e-07	1.982707309375726645e-02	3.725210217398186585e-02	3.256661440245807448e-02
9.765625000000000203e-07	1.995277292202939090e-02	3.985587371932586276e-02	5.441687549464404444e-02
9.765625000000000203e-07	2.001829972515590389e-02	4.177557466385876245e-02	3.730180137790739536e-02
9.765625000000000203e-07	1.989755193242903966e-02	3.828718692688417441e-02	3.353655748069286208e-02
9.765625000000000203e-07	1.996250491028022170e-02	3.651970995502322459e-02	3.199973371811211387e-02
9.765625000000000203e-07	1.984639463750098240e-02	3.544356104922700285e-02	3.118959730491042276e-02
9.765625000000000203e-07	1.981323840797658345e-02	3.898265002129589624e-02	3.389941593632102290e-02
9.765625000000000203e-07	1.994883687001907172e-02	3.864651799436014806e-02	3.400880023837089816e-02
9.765625000000000203e-07	1.990554338226819750e-02	3.845224502198982958e-02	3.400631076656281809e-02
9.765625000000000203e-07	2.013851040806307127e-02	3.779670166056505604e-02	3.326228107325732847e-02
9.765625000000000203e-07	2.003150867485701744e-02	3.665139793823058573e-02	3.581946338526904861e-02
9.765625000000000203e-07	1.996367426189296634e-02	3.785243597252206660e-02	3.313685129396617274e-02
9.765625000000000203e-07	1.990259219060688117e-02	3.901541482715706333e-02	3.523232708685099940e-02
9.765625000000000203e-07	1.993526795791237746e-02	3.836197330962613089e-02	3.352946247905493060e-02
9.765625000000000203e-07	1.997296100697973711e-02	3.794329927463806207e-02	3.326526749879121780e-02
9.765625000000000203e-07	2.005035006573912398e-02	3.837153047362235059e-02	3.414359786547720155e-02
9.765625000000000203e-07	2.010536015384796482e-02	3.655270907384251117e-02	3.174969339743256846e-02
9.765625000000000203e-07	1.997979570596265797e-02	3.685733325857454279e-02	3.191788708791136464e-02
9.765625000000000203e-07	1.997686271599605906e-02	3.742508453692441200e-02	3.242633882910013476e-02
9.765625000000000203e-07	1.988958562504870853e-02	3.902500336355876204e-02	3.403634824790060381e-02
4.882812500000000102e-07	1.982828388678656642e-02	4.020176193047880764e-02	3.584059807471930842e-02
4.882812500000000102e-07	2.003390324172531906e-02	3.649345197329658536e-02	3.197772298008203645e-02
4.882812500000000102e-07	1.998070825526296682e-02	3.849762696675292778e-02	3.350052339956164499e-02
4.882812500000000102e-07	1.995128760663678752e-02	3.764613398901767161e-02	3.284005713649094244e-02
4.882812500000000102e-07	1.981316580219869353e-02	3.833749123814842591e-02	3.350281892344355444e-02
4.882812500000000102e-07	1.999326393554348019e-02	3.728103221281972579e-02	3.278279122896492204e-02
4.882812500000000102e-07	2.008461832909163788e-02	3.899255711877845643e-02	3.438634383492171487e-02
4.882812500000000102e-07	1.984038333440499638e-02	3.848125781688390562e-02	3.363420213572680673e-02
4.882812500000000102e-07	2.003001376342867026e-02	3.507071188334082851e-02	3.027959208702668548e-02
4.882812500000000102e-07	2.003939244072665271e-02	3.821424952664300573e-02	3.559954096563160142e-02
4.882812500000000102e-07	2.005793348576715221e-02	3.882577431178529936e-02	3.453180422075093070e-02
4.882812500000000102e-07	2.020412399214131793e-02	4.085366331352925651e-02	3.618855737149715562e-02
4.882812500000000102e-07	2.001263153451587548e-02	3.634077640669663989e-02	3.166078594513237199e-02
4.882812500000000102e-07	1.997384769216812780e-02	3.717578836370512979e-02	3.207198064774274826e-02
4.882812500000000102e-07	2.006032878729130733e-02	4.011516056525769869e-02	3.487126855179667473e-02
4.882812500000000102e-07	1.988235732498229436e-02	3.545441883201686656e-02	3.052293574437498977e-02
4.882812500000000102e-07	2.000350798379983003e-02	3.740027195320547865e-02	3.280694480054080486e-02
4.882812500000000102e-07	2.001602829115951832e-02	3.727655152726860183e-02	3.326098443940282007e-02
4.882812500000000102e-07	1.998169690808319215e-02	3.628471293315993496e-02	3.148474702611565867e-02
4.882812500000000102e-07	1.997818613891912815e-02	3.587506095152250690e-02	3.078690497204661369e-02
4.882812500000000102e-07	1.993291629093670372e-02	3.651167312880772980e-02	3.168133487924933156e-02
2.441406250000000051e-07	2.002980803107542659e-02	3.739428626012583634e-02	3.302882839925587455e-02
2.441406250000000051e-07	1.981978759726530162e-02	3.754756853218477880e-02	3.308827476575970650e-02
2.441406250000000051e-07	1.998171650540731675e-02	3.800131018756260082e-02	3.320907987654209137e-02
2.441406250000000051e-07	1.978002428800439833e-02	3.779673455429326950e-02	3.309876108542084833e-02
2.441406250000000051e-07	2.009183927989061438e-02	4.103036899685235522e-02	3.585787969641387324e-02
2.441406250000000051e-07	2.004541995934600376e-02	3.715575240669450469e-02	3.250699504278600077e-02
2.441406250000000051e-07	1.994232323460623166e-02	3.917463526558813414e-02	3.486110689118504524e-02
2.441406250000000051e-07	1.996129652330301887e-02	3.438247371640505007e-02	2.964233872480690618e-02
2.441406250000000051e-07	2.003388028156278741e-02	4.074063983926286270e-02	3.632571813650429388e-02
2.441406250000000051e-07	1.998324003048921466e-02	3.912576672216360602e-02	3.435381604358554025e-02
2.441406250000000051e-07	1.982421449582250084e-02	3.852886557383999183e-02	3.380324584431946416e-02
2.441406250000000051e-07	1.986768791682849006e-02	4.172737225500076919e-02	3.707281649112701555e-02
2.441406250000000051e-07	1.987285141785991374e-02	3.712577257714970436e-02	3.228040207177400311e-02
2.441406250000000051e-07	1.989180302174806472e-02	3.706835345877090848e-02	3.226116350851952752e-02
2.441406250000000051e-07	1.983940124418532430e-02	3.664658135242018777e-02	3.178565418347716054e-02
2.441406250000000051e-07	1.986890724725228277e-02	3.749063931873643923e-02	3.253315482288599014e-02
2.441406250000000051e-07	2.004555338390123786e-02	4.009465542646290653e-02	4.687884910963475982e-02
2.441406250000000051e-07	1.990733398238349675e-02	3.650453392201693376e-02	3.193044173531234264e-02
