1.000000000000000021e-03	4.116849274379420498e-01	4.507397690992704931e-01	4.275760354474186786e-01
1.000000000000000021e-03	3.018627262881774520e-01	3.597619291687511045e-01	3.515332996845245139e-01
1.000000000000000021e-03	2.573126127045122780e-01	2.858105413420662377e-01	2.811234958469867595e-01
1.000000000000000021e-03	2.371389890840540360e-01	2.155010746255595078e-01	2.022931570187211092e-01
1.000000000000000021e-03	2.177161912088688145e-01	1.795331818973206761e-01	1.633978279307484738e-01
1.000000000000000021e-03	2.058466317445265259e-01	1.588346232996561136e-01	1.465313928201794624e-01
1.000000000000000021e-03	1.952623720646528560e-01	9.122574279445627710e-01	9.021678850054740684e-01
1.000000000000000021e-03	1.881828960063777756e-01	1.462749286081778399e-01	1.328087491914629881e-01
1.000000000000000021e-03	1.773537218293317064e-01	1.388210959693524094e-01	1.230735039338469450e-01
1.000000000000000021e-03	1.717317352258860841e-01	2.432958919808502485e-01	2.226508215069770702e-01
1.000000000000000021e-03	1.655671852464728477e-01	1.324365609057286675e-01	1.200375180691480581e-01
1.000000000000000021e-03	1.609077034751088819e-01	1.653125831437984583e-01	1.506468428298831097e-01
1.000000000000000021e-03	1.514687538493712793e-01	1.185201843761648777e-01	1.006912752985954229e-01
1.000000000000000021e-03	1.466852255152574225e-01	1.313734964238411351e-01	1.232429660856723813e-01
1.000000000000000021e-03	1.431582413479434435e-01	1.025661971829636560e-01	9.501446401700378019e-02
1.000000000000000021e-03	1.387324814509693638e-01	1.192206158765947571e-01	1.083142539486288969e-01
1.000000000000000021e-03	1.276379540831353299e-01	1.109458859132222419e-01	1.017664255574345644e-01
1.000000000000000021e-03	1.231197054222130799e-01	1.042609405338140033e-01	9.978914400562644005e-02
1.000000000000000021e-03	1.172456243717441560e-01	1.102036762377978651e-01	1.000368362292647362e-01
1.000000000000000021e-03	1.143951458491302697e-01	9.952895421320230585e-02	9.427676722407341003e-02
1.000000000000000021e-03	1.134998224948713247e-01	1.064143137547982343e-01	1.020336715504527036e-01
1.000000000000000021e-03	1.068575291581768255e-01	9.543238589978966790e-02	8.575030406937003691e-02
1.000000000000000021e-03	1.041717954552090347e-01	1.019219664456956637e-01	9.640504736453295309e-02
1.000000000000000021e-03	1.023829054388630949e-01	1.114264237475020708e-01	1.024409865960478755e-01
1.000000000000000021e-03	1.018473825646632608e-01	8.219015098991194757e-02	7.419328372925519666e-02
1.000000000000000021e-03	9.881181157193535958e-02	8.212588329589803893e-02	7.480621812865137499e-02
1.000000000000000021e-03	9.850554673381500814e-02	9.255781377719335401e-02	8.327027745544909876e-02
1.000000000000000021e-03	9.457766076570475744e-02	7.675677245356025968e-02	6.819946439936756810e-02
1.000000000000000021e-03	9.599150372251928631e-02	9.634266132537606941e-02	9.116387739777565002e-02
1.000000000000000021e-03	9.073459448692686169e-02	1.020833373030754915e-01	8.941243011504411420e-02
1.000000000000000021e-03	8.914492424055196762e-02	7.560780995491286904e-02	7.252742415294051448e-02
1.000000000000000021e-03	8.970354968565989739e-02	7.907599087863068088e-02	7.645253231748938560e-02
1.000000000000000021e-03	8.773585633006880657e-02	8.580519738777769856e-02	8.422571066766977588e-02
1.000000000000000021e-03	8.489588410780483929e-02	9.198249246515528832e-02	8.976152949035168249e-02
1.000000000000000021e-03	8.329905948800496451e-02	7.916747043348107415e-02	7.122500278055668432e-02
1.000000000000000021e-03	8.732728556084591587e-02	8.697675679522659520e-02	8.007748462259769995e-02
1.000000000000000021e-03	8.342964160556776143e-02	7.519211602538668215e-02	7.129053780809044283e-02
1.000000000000000021e-03	8.323611357856657011e-02	8.920482791843215020e-02	8.070564111694693288e-02
1.000000000000000021e-03	7.977453803014034062e-02	7.961169811677558383e-02	7.182417325675487241e-02
1.000000000000000021e-03	8.071289267640185949e-02	7.149322055943349574e-02	6.712233787402510643e-02
1.000000000000000021e-03	7.877100202937054041e-02	7.596149681750392901e-02	6.772788949310779016e-02
1.000000000000000021e-03	7.679831627767193247e-02	7.283110029176267930e-02	6.890145009383559505e-02
1.000000000000000021e-03	7.742171245884452158e-02	6.922408684854107486e-02	6.538222199305891713e-02
1.000000000000000021e-03	7.733455245502816877e-02	7.200105201589498960e-02	6.858944930136204321e-02
1.000000000000000021e-03	7.623785315271100482e-02	6.562300831937664669e-02	6.193838771432638030e-02
1.000000000000000021e-03	7.582425314406450456e-02	6.773603906494160554e-02	6.262016110122203827e-02
1.000000000000000021e-03	7.541205849522349125e-02	8.349085503613760950e-02	7.659778594970703680e-02
1.000000000000000021e-03	7.517882063768158152e-02	7.270538210088670072e-02	6.691515799611806592e-02
1.000000000000000021e-03	7.371859247035034146e-02	6.884169970585413134e-02	6.520007364451885223e-02
1.000000000000000021e-03	7.200973738827907977e-02	6.756595957107569550e-02	6.163528580218553821e-02
1.000000000000000021e-03	7.061460493928890803e-02	6.557070261052765081e-02	6.219442281872034073e-02
1.000000000000000021e-03	6.964990239830957941e-02	6.971487746188777257e-02	6.501427432522177696e-02
1.000000000000000021e-03	7.244206628631616462e-02	6.887092402312143535e-02	6.318719433620571813e-02
1.000000000000000021e-03	7.255015846443703398e-02	9.000477758455650845e-02	8.424889203161001205e-02
1.000000000000000021e-03	6.880732976363938824e-02	8.494972396661473746e-02	7.945357123389840126e-02
1.000000000000000021e-03	6.986718712598866121e-02	7.128421964211613393e-02	6.659008115530014316e-02
1.000000000000000021e-03	6.660722567764321145e-02	7.015125463224206048e-02	6.587032638490200598e-02
1.000000000000000021e-03	6.668924554259261783e-02	6.718571647923654577e-02	6.740055391564965526e-02
1.000000000000000021e-03	6.767439327098173640e-02	8.008075203180936574e-02	7.313259718939661702e-02
1.000000000000000021e-03	6.785161877099755989e-02	6.419265888514319451e-02	5.751841329038143158e-02
1.000000000000000021e-03	6.558901706949925303e-02	7.466308019704219479e-02	6.923139318823814947e-02
1.000000000000000021e-03	6.686386755120969638e-02	6.077320130629688955e-02	5.802174573764205118e-02
1.000000000000000021e-03	6.483035439916860765e-02	6.675870291381606758e-02	6.719343885779380243e-02
1.000000000000000021e-03	6.460391902573375811e-02	6.357830911094605741e-02	5.850488618016243259e-02
1.000000000000000021e-03	6.321258313624472658e-02	6.976029916583555146e-02	6.499815564602613727e-02
1.000000000000000021e-03	6.328459302155239885e-02	6.648219920967886332e-02	6.251875972375273149e-02
1.000000000000000021e-03	6.400878205158601342e-02	7.475411804168635710e-02	6.227769004181027412e-02
1.000000000000000021e-03	6.646661002485816649e-02	5.899454109097650861e-02	5.288392477668821950e-02
1.000000000000000021e-03	6.350231875837231144e-02	9.174459665545618703e-02	8.369920644909142893e-02
1.000000000000000021e-03	6.228983480810529327e-02	6.701230599071966720e-02	6.033969353884458681e-02
1.000000000000000021e-03	6.362639082061509466e-02	7.522886041649348710e-02	6.846538977697491646e-02
1.000000000000000021e-03	6.361710084055037517e-02	6.144546575025114366e-02	5.732948891818523407e-02
1.000000000000000021e-03	6.246726393890353335e-02	6.558552401930249631e-02	6.214337116107344905e-02
1.000000000000000021e-03	6.247560644371694116e-02	6.088772326395773538e-02	5.363094494678079943e-02
1.000000000000000021e-03	6.322288856564772797e-02	6.206673531944215116e-02	6.325022345408796987e-02
1.000000000000000021e-03	6.059904090535717103e-02	7.335884356139842077e-02	6.335047753527760228e-02
1.000000000000000021e-03	6.143127141142217668e-02	6.527011252510610262e-02	5.952622992917895595e-02
1.000000000000000021e-03	5.937106174770623301e-02	7.070048814590688957e-02	6.489953491836786270e-02
1.000000000000000021e-03	6.085262545658066263e-02	7.320037601193832288e-02	6.854826239868998250e-02
1.000000000000000021e-03	6.034245592210964182e-02	6.023748523277762390e-02	5.657479101791977605e-02
1.000000000000000021e-03	5.906439232550574764e-02	6.258948262371318016e-02	5.552668236196041385e-02
1.000000000000000021e-03	5.913775952325926732e-02	8.325699250657521422e-02	7.376570887863635739e-02
1.000000000000000021e-03	6.018781592747615705e-02	6.234472065539884561e-02	5.417390819638967514e-02
1.000000000000000021e-03	5.807627720076757871e-02	7.151001873206717929e-02	6.469559781253338138e-02
1.000000000000000021e-03	5.735490536896935276e-02	6.059968639262684059e-02	5.564011521637439450e-02
1.000000000000000021e-03	5.650066176820556924e-02	6.812482818727093326e-02	6.095569534227252007e-02
1.000000000000000021e-03	5.869985884895256856e-02	6.383218622098418837e-02	5.775308609008789062e-02
1.000000000000000021e-03	5.721281094497168013e-02	6.343739319846268543e-02	5.653123287484049936e-02
1.000000000000000021e-03	5.690538615569117054e-02	5.729440140357504319e-02	5.190975926816463609e-02
1.000000000000000021e-03	5.785654813003546920e-02	5.800598742762161364e-02	5.142575525678694248e-02
1.000000000000000021e-03	5.714306414859838396e-02	5.597083295905153077e-02	4.742351165041327338e-02
1.000000000000000021e-03	5.610588588440328095e-02	5.414371637149630739e-02	4.859648258425295492e-02
1.000000000000000021e-03	5.505660093926357385e-02	6.517855614345735571e-02	5.893296003341674805e-02
1.000000000000000021e-03	5.453710817884157430e-02	5.449671803422623251e-02	5.416528927162289619e-02
1.000000000000000021e-03	5.499790632721294342e-02	5.369204684545856449e-02	4.727111104875802994e-02
1.000000000000000021e-03	5.524264797438293434e-02	5.884512541181754347e-02	5.348338307812809667e-02
1.000000000000000021e-03	5.295498507588217857e-02	5.941945363167693006e-02	5.375821003690361977e-02
1.000000000000000021e-03	5.355817253022536473e-02	6.368838385215604136e-02	5.572497816756367961e-02
1.000000000000000021e-03	5.297927584102536669e-02	5.919580459984809251e-02	5.383919775485992293e-02
1.000000000000000021e-03	5.365621759065921509e-02	6.107159559639336460e-02	5.539509952068329135e-02
1.000000000000000021e-03	5.213649580693993646e-02	6.049071790660238979e-02	5.170931499451399127e-02
1.000000000000000021e-03	5.176992075319481607e-02	5.248061491478800411e-02	4.717178526334464550e-02
1.000000000000000021e-03	5.162033251659547267e-02	5.110026672677531884e-02	4.625446111895144263e-02
1.000000000000000021e-03	5.303456539254572388e-02	5.827123445522098405e-02	5.282595641911029538e-02
1.000000000000000021e-03	5.291160308323050732e-02	6.035388237674822742e-02	5.716422097757458548e-02
1.000000000000000021e-03	5.161527623685208122e-02	5.125183222025476992e-02	4.494046545587480207e-02
1.000000000000000021e-03	5.176878645864422396e-02	5.158339501285428425e-02	4.650727533735334734e-02
1.000000000000000021e-03	5.116430318406704758e-02	5.374879079885507699e-02	4.811975145712495128e-02
1.000000000000000021e-03	5.162775531029756976e-02	5.438199553502167521e-02	4.838721374981105189e-02
1.000000000000000021e-03	4.994945857216619850e-02	4.941113275617205203e-02	4.404907799325883527e-02
1.000000000000000021e-03	5.142167408004134216e-02	4.982726788879689173e-02	4.386329203844070712e-02
1.000000000000000021e-03	5.110217282497619279e-02	5.016761861195426914e-02	4.418453918769955913e-02
1.000000000000000021e-03	5.041817321055777623e-02	5.396711404059881950e-02	4.908921173773705959e-02
1.000000000000000021e-03	4.884580046874690412e-02	5.429212121946337677e-02	4.762933738529682298e-02
1.000000000000000021e-03	4.951298814061043385e-02	5.073280575933880598e-02	4.368250570259988447e-02
1.000000000000000021e-03	5.181748394211271869e-02	5.598226258853031267e-02	5.078536653891205926e-02
1.000000000000000021e-03	4.761522557909333292e-02	5.357893802108564668e-02	4.679601867683232108e-02
1.000000000000000021e-03	4.916127499598205858e-02	5.673517628099905563e-02	5.360902203246951242e-02
1.000000000000000021e-03	4.800388932774204281e-02	5.262397313539270149e-02	4.679252668283880034e-02
1.000000000000000021e-03	4.894190446114456833e-02	4.875635188950606241e-02	4.468112830072641650e-02
1.000000000000000021e-03	4.803358121445145540e-02	5.647341050792738931e-02	5.147065902128815373e-02
1.000000000000000021e-03	4.987512591201215956e-02	5.678290042889679728e-02	4.998386069200932980e-02
1.000000000000000021e-03	4.840501611851862063e-02	5.458936848097446781e-02	5.030516944825649123e-02
1.000000000000000021e-03	4.741572787732735439e-02	5.365497999244335514e-02	4.761507771909236769e-02
1.000000000000000021e-03	4.834245199282340144e-02	5.534957883713757104e-02	5.784317380748689452e-02
1.000000000000000021e-03	4.695567759019368681e-02	5.174338960951847810e-02	5.115702180191874365e-02
1.000000000000000021e-03	4.684722703437842889e-02	4.894984543752607664e-02	4.496289100497961183e-02
1.000000000000000021e-03	4.772882508097726906e-02	5.556839086232385344e-02	4.994731582701206207e-02
1.000000000000000021e-03	4.631479597558907368e-02	5.466241306620430590e-02	4.864047318696975569e-02
1.000000000000000021e-03	4.801790855300502869e-02	4.442431495880893449e-02	4.060481800697744031e-02
1.000000000000000021e-03	4.595070684446783682e-02	5.265828233738844427e-02	4.900610111653804640e-02
1.000000000000000021e-03	4.628246357971114305e-02	4.884845601560557776e-02	4.493637555278837820e-02
1.000000000000000021e-03	4.690328018372491581e-02	4.978099772560346664e-02	4.680350786074995856e-02
1.000000000000000021e-03	4.769599218400430440e-02	5.821037705968187814e-02	5.271883951500058035e-02
1.000000000000000021e-03	4.678161844173408385e-02	5.727990842497473339e-02	5.321118598803877692e-02
1.000000000000000021e-03	4.672128264751630039e-02	4.684532666822690400e-02	4.339923099614680091e-02
1.000000000000000021e-03	4.563380479530895761e-02	5.886920457657095207e-02	5.573896337300539294e-02
1.000000000000000021e-03	4.531141938430372634e-02	4.801379180274396863e-02	4.382749330252409120e-02
1.000000000000000021e-03	4.505708923215537287e-02	5.663730660502198921e-02	5.320892101153731207e-02
1.000000000000000021e-03	4.433878470556794349e-02	5.803361991469148384e-02	5.289847133681178232e-02
1.000000000000000021e-03	4.541975714444004830e-02	5.839508789450086057e-02	5.274657551199198047e-02
1.000000000000000021e-03	4.559245394946982721e-02	5.683983649804954380e-02	5.323023824021220346e-02
1.000000000000000021e-03	4.493399243747654009e-02	4.779717262775798337e-02	4.282780503854155540e-02
1.000000000000000021e-03	4.505234836682529831e-02	5.993159877926267087e-02	5.442431531846523424e-02
1.000000000000000021e-03	4.649074621381559663e-02	4.767944665713459707e-02	4.374963468872010430e-02
1.000000000000000021e-03	4.485164985489782652e-02	5.338264578534046567e-02	5.693794577382504940e-02
1.000000000000000021e-03	4.440493338403832257e-02	5.049156656010924532e-02	4.438952645286917825e-02
1.000000000000000021e-03	4.348339925890158664e-02	5.198625507350055491e-02	4.906249241903424402e-02
1.000000000000000021e-03	4.298334601570902302e-02	4.826954433314151194e-02	4.490104061551392078e-02
1.000000000000000021e-03	4.304279182745558707e-02	4.596286178298333858e-02	4.222666681744158268e-02
1.000000000000000021e-03	4.380680424437022324e-02	4.881124325213632292e-02	4.697557399049401283e-02
5.000000000000000104e-04	3.719464283482046274e-02	4.254522765572158610e-02	3.851246871054172377e-02
5.000000000000000104e-04	3.575305952438613544e-02	4.112990087395563404e-02	3.712803912349045554e-02
5.000000000000000104e-04	3.576987046139436938e-02	4.008630665106922841e-02	3.571531702764332156e-02
5.000000000000000104e-04	3.526733348437559312e-02	4.158112766581992248e-02	3.762130555696785450e-02
5.000000000000000104e-04	3.474093023460052970e-02	4.066618782570537161e-02	3.696300797164440294e-02
5.000000000000000104e-04	3.510749282736879556e-02	4.371685836054579888e-02	4.008102752268314500e-02
5.000000000000000104e-04	3.513528648796401810e-02	4.428036478762539113e-02	4.108962961472571035e-02
5.000000000000000104e-04	3.408755230489270843e-02	4.229099038227690510e-02	3.937055920250713548e-02
5.000000000000000104e-04	3.459249479330993998e-02	4.327215206521655561e-02	3.854419025592505793e-02
5.000000000000000104e-04	3.412953007656380905e-02	4.192637162604881396e-02	3.830341794528067251e-02
5.000000000000000104e-04	3.409784484856207692e-02	4.020948566652405437e-02	3.626675405539572100e-02
5.000000000000000104e-04	3.406079914561706279e-02	4.187453781981118756e-02	3.839267459698021689e-02
5.000000000000000104e-04	3.396129111448923515e-02	4.077802248377138117e-02	3.698267354629933973e-02
5.000000000000000104e-04	3.399396671600956460e-02	4.232343932838027872e-02	3.771316171623766145e-02
5.000000000000000104e-04	3.326442625986898716e-02	3.801202163568342257e-02	3.390255514532327513e-02
5.000000000000000104e-04	3.375160743099371585e-02	3.977432442312153066e-02	3.721438427455723424e-02
5.000000000000000104e-04	3.432999547937188450e-02	4.401331651390223004e-02	4.111239546909928322e-02
5.000000000000000104e-04	3.315323594482989106e-02	3.859437829497908840e-02	3.582694157958030839e-02
5.000000000000000104e-04	3.306529271118927721e-02	4.081760270823359127e-02	3.665420478209853450e-02
5.000000000000000104e-04	3.299917424029392976e-02	4.815537605376143948e-02	4.462688751518726488e-02
5.000000000000000104e-04	3.286856271320040546e-02	4.248702805976905389e-02	3.918936694972217222e-02
5.000000000000000104e-04	3.301971981116614413e-02	4.514556043630182924e-02	4.031554977409541884e-02
5.000000000000000104e-04	3.233467494291993038e-02	3.911481079942893263e-02	3.516267519444227219e-02
5.000000000000000104e-04	3.294182505291724794e-02	4.401887133132412894e-02	3.923489484004676064e-02
5.000000000000000104e-04	3.250688311945670872e-02	4.645226522304937017e-02	4.253917699679732323e-02
5.000000000000000104e-04	3.264563248848727922e-02	4.522483716889513783e-02	3.949177507311105867e-02
5.000000000000000104e-04	3.220801256432340165e-02	3.846245133244866748e-02	3.463014708831906041e-02
5.000000000000000104e-04	3.194155934992191914e-02	4.251430219731718030e-02	3.733712588436901431e-02
5.000000000000000104e-04	3.231243427069191432e-02	4.025468904115454827e-02	4.791064225137233595e-02
5.000000000000000104e-04	3.236613686913283189e-02	3.876323670304882701e-02	3.377268253825604916e-02
5.000000000000000104e-04	3.197250254842311235e-02	4.061778961480912165e-02	3.679473330266773423e-02
5.000000000000000104e-04	3.290071710456572013e-02	4.575723049801369569e-02	4.222228843718767166e-02
5.000000000000000104e-04	3.191968438081733972e-02	4.034532161907376097e-02	3.566903774626552920e-02
5.000000000000000104e-04	3.187511042854843796e-02	4.296572173882217544e-02	3.790099988691508770e-02
5.000000000000000104e-04	3.171764705611859747e-02	4.077122822715974204e-02	3.483198340982198576e-02
5.000000000000000104e-04	3.119856256334985548e-02	4.003129221733015691e-02	3.635142394341528416e-02
2.500000000000000052e-04	2.858266177510819864e-02	4.017025561934990663e-02	3.734732782468199591e-02
2.500000000000000052e-04	2.818456950850476914e-02	3.987493364052623057e-02	3.543407511897385398e-02
2.500000000000000052e-04	2.819296827246155906e-02	4.243282280394231748e-02	3.829694003798067570e-02
2.500000000000000052e-04	2.767410637716556307e-02	3.788004830206564283e-02	3.382126216311007877e-02
2.500000000000000052e-04	2.794411083290038178e-02	3.735585353722434970e-02	3.328707392793148895e-02
2.500000000000000052e-04	2.740581541247947769e-02	3.989919145342879503e-02	3.501983336172997952e-02
2.500000000000000052e-04	2.743407014438827354e-02	3.858231271358684988e-02	3.433126253075897971e-02
2.500000000000000052e-04	2.735082952412947258e-02	4.318085321620184630e-02	3.824570011347531995e-02
2.500000000000000052e-04	2.757344494393358658e-02	4.219023108053270021e-02	3.904519528150558749e-02
2.500000000000000052e-04	2.709816431018798391e-02	3.880500330233761092e-02	3.393166358582675596e-02
2.500000000000000052e-04	2.751388156503751029e-02	3.591236553071993493e-02	3.315073503181338588e-02
2.500000000000000052e-04	2.727724137646105398e-02	3.789021345879394626e-02	3.321937178261578222e-02
2.500000000000000052e-04	2.700500114787848793e-02	3.870790386426199020e-02	3.360315584577620168e-02
2.500000000000000052e-04	2.686973231984925506e-02	3.828277649523700171e-02	3.293951279483735284e-02
2.500000000000000052e-04	2.706359391528170497e-02	4.302928683528413345e-02	3.926265896297990998e-02
2.500000000000000052e-04	2.696894315017767454e-02	4.234207242103147500e-02	3.770231008529663363e-02
2.500000000000000052e-04	2.689570460063277907e-02	4.216028082901270707e-02	3.806349663063883504e-02
2.500000000000000052e-04	2.696859595485556066e-02	4.271945132049902866e-02	3.750383979640901227e-02
2.500000000000000052e-04	2.659408109551896979e-02	3.823749263678234006e-02	3.430707249790430208e-02
2.500000000000000052e-04	2.669548164888427624e-02	3.960197965044001678e-02	3.489248147234320918e-02
2.500000000000000052e-04	2.701268321495891092e-02	3.812439320365171996e-02	3.370693917386233945e-02
2.500000000000000052e-04	2.684834608651043286e-02	3.743161717478517281e-02	3.319121706299484054e-02
2.500000000000000052e-04	2.695488241415009215e-02	3.787135166062422648e-02	3.314405442215502540e-02
2.500000000000000052e-04	2.688124963451326427e-02	3.894809318501599865e-02	3.469393183477222781e-02
2.500000000000000052e-04	2.655727287224553951e-02	3.699789447856199204e-02	3.296545303892343959e-02
2.500000000000000052e-04	2.653215138849527796e-02	4.053495566882388268e-02	3.542375704273581505e-02
2.500000000000000052e-04	2.661983889851062338e-02	4.005217607771850707e-02	4.637508708983659883e-02
2.500000000000000052e-04	2.676510435722469217e-02	3.772628006978808596e-02	3.327374323271214962e-02
2.500000000000000052e-04	2.631422504132538767e-02	4.412087566994559590e-02	3.934559230692684373e-02
2.500000000000000052e-04	2.630531064593875229e-02	3.822167938409363336e-02	3.398808676283806424e-02
2.500000000000000052e-04	2.658273151643908080e-02	3.781566564091213417e-02	3.308175902348011593e-02
2.500000000000000052e-04	2.630059705443632545e-02	3.697730386288378135e-02	3.323614997789263448e-02
1.250000000000000026e-04	2.474675420454988672e-02	3.770165489645216361e-02	3.399853501468896866e-02
1.250000000000000026e-04	2.457758067896315471e-02	3.797121610277922471e-02	3.507212861441075941e-02
1.250000000000000026e-04	2.425294736624544062e-02	3.672501792965447015e-02	3.274223981425165853e-02
1.250000000000000026e-04	2.450511102099242611e-02	3.585680912087881034e-02	3.166012517176568231e-02
1.250000000000000026e-04	2.430130847268686251e-02	4.040158664836933367e-02	3.619887433014810224e-02
1.250000000000000026e-04	2.414771385053134795e-02	3.808689390489568283e-02	3.471430004574358602e-02
1.250000000000000026e-04	2.403902725618356495e-02	3.916607391459779597e-02	3.561748880892991881e-02
1.250000000000000026e-04	2.415541204265760425e-02	4.052435906106576641e-02	3.674704474397003789e-02
1.250000000000000026e-04	2.444622849253477032e-02	3.655022745513167304e-02	3.260752907954156399e-02
1.250000000000000026e-04	2.416126508159544689e-02	3.649332292416956891e-02	3.559025987051427087e-02
1.250000000000000026e-04	2.419112656653412893e-02	3.786926509822226283e-02	3.540376098826527457e-02
1.250000000000000026e-04	2.430321714651747719e-02	3.644403945947193024e-02	3.312195544131100317e-02
1.250000000000000026e-04	2.411643078972202509e-02	3.820552817345913843e-02	3.442040854133665562e-02
1.250000000000000026e-04	2.399612489899207585e-02	4.082470381369141671e-02	3.684023544192314287e-02
1.250000000000000026e-04	2.411865856424797588e-02	3.810568213345804506e-02	3.438517549075185975e-02
1.250000000000000026e-04	2.405763486342817753e-02	3.730983044269509108e-02	3.318916086573153734e-02
1.250000000000000026e-04	2.397740740868641723e-02	3.627318591464564340e-02	3.226050739176571092e-02
1.250000000000000026e-04	2.398556404881972345e-02	4.058569062169621600e-02	3.632341241464018960e-02
1.250000000000000026e-04	2.360682053477386813e-02	3.658223112177162034e-02	3.635739111341536323e-02
1.250000000000000026e-04	2.372101568923033407e-02	3.803300141742092105e-02	3.335208743810653964e-02
1.250000000000000026e-04	2.369206205038586893e-02	3.613044732099116030e-02	3.197085647843778133e-02
1.250000000000000026e-04	2.354504324066701224e-02	3.582350440147815535e-02	3.181315450929105004e-02
1.250000000000000026e-04	2.368018652868867160e-02	4.113264472579768877e-02	3.662213152274489125e-02
1.250000000000000026e-04	2.395630740723667454e-02	3.698319093329120039e-02	3.326347903348505358e-02
1.250000000000000026e-04	2.381239080321587848e-02	3.729989597115529465e-02	3.273097488563507518e-02
1.250000000000000026e-04	2.383634288767661619e-02	3.706526922071791408e-02	3.289374331943691054e-02
1.250000000000000026e-04	2.350977514916516298e-02	3.732418803332363672e-02	3.297564326785504957e-02
1.250000000000000026e-04	2.337537002828299348e-02	3.930539568564342390e-02	3.579672919586300572e-02
1.250000000000000026e-04	2.354049849485920914e-02	4.345454282434511178e-02	4.081939770840108117e-02
1.250000000000000026e-04	2.369570349998134998e-02	3.433768208387322218e-02	3.244035313837230483e-02
1.250000000000000026e-04	2.364362331747644694e-02	3.621847921719101998e-02	3.200105675496160706e-02
1.250000000000000026e-04	2.357325577537392261e-02	4.150434507359385128e-02	3.770571392960846147e-02
1.250000000000000026e-04	2.346474531422509599e-02	3.529845566259628975e-02	3.124901927076280048e-02
1.250000000000000026e-04	2.342275477763765962e-02	3.919468138425449832e-02	3.542323051951825480e-02
1.250000000000000026e-04	2.332881303182291269e-02	4.193091681178327812e-02	3.818580573424697200e-02
1.250000000000000026e-04	2.323578344901819012e-02	3.633043331372019791e-02	3.257028120569884638e-02
1.250000000000000026e-04	2.351029053516794434e-02	3.677253012608795030e-02	3.289381559006869515e-02
1.250000000000000026e-04	2.351686395834773693e-02	4.097074698364235046e-02	3.682757536880672256e-02
1.250000000000000026e-04	2.329594030631722268e-02	4.043790883340760839e-02	3.717660484835505486e-02
1.250000000000000026e-04	2.338557111380005354e-02	3.497253714314618039e-02	3.189199352636933049e-02
1.250000000000000026e-04	2.351632134240161723e-02	3.944742088620575154e-02	3.557982374913990636e-02
1.250000000000000026e-04	2.357297901166012510e-02	3.991847923171770035e-02	3.593648739624768357e-02
1.250000000000000026e-04	2.307879634162518512e-02	3.760652573710961122e-02	3.901540013030171256e-02
1.250000000000000026e-04	2.320441107659526603e-02	3.511170036505654318e-02	3.310436611063778678e-02
1.250000000000000026e-04	2.334939404875647009e-02	3.855358884323641794e-02	3.455150001682340960e-02
1.250000000000000026e-04	2.322665896752135195e-02	4.037349787175031207e-02	3.626174172386527339e-02
1.250000000000000026e-04	2.329499113962375106e-02	3.703993564734908012e-02	3.302738768979907036e-02
1.250000000000000026e-04	2.311205545005807355e-02	4.173522323604029333e-02	3.757845088839530806e-02
1.250000000000000026e-04	2.339508035938066277e-02	3.533918760638898870e-02	3.142348104156553884e-02
1.250000000000000026e-04	2.323161418820065410e-02	3.696497057744969894e-02	3.332898975349962711e-02
1.250000000000000026e-04	2.314885010278592420e-02	4.385491944264367087e-02	3.994769249111414233e-02
6.250000000000000130e-05	2.234516293514756183e-02	3.823572559116398401e-02	3.451426494866609296e-02
6.250000000000000130e-05	2.225773567642632886e-02	3.723696137520031424e-02	3.357703816145658771e-02
6.250000000000000130e-05	2.208792394403110218e-02	3.803021709449316140e-02	3.428670312277972559e-02
6.250000000000000130e-05	2.216072903199467134e-02	3.829722431200648786e-02	3.540743216872214993e-02
6.250000000000000130e-05	2.222502187388521525e-02	4.295007533427932372e-02	3.918900866992771487e-02
6.250000000000000130e-05	2.209175586940990629e-02	4.079891725672477043e-02	3.657574169337749620e-02
6.250000000000000130e-05	2.228513081818645630e-02	4.189030761728111674e-02	3.750737374648451666e-02
6.250000000000000130e-05	2.202051164990875137e-02	3.715885314524797894e-02	3.354594656266272207e-02
6.250000000000000130e-05	2.221818555822599114e-02	3.673920293792067721e-02	3.259392841719090800e-02
6.250000000000000130e-05	2.205801221426660977e-02	3.875071515392570359e-02	3.477562563493848125e-02
6.250000000000000130e-05	2.223353446669846384e-02	3.492027799554988515e-02	3.103209787514060736e-02
6.250000000000000130e-05	2.209455271995365913e-02	3.653087982839627046e-02	3.218769340310245752e-02
6.250000000000000130e-05	2.211030928007369847e-02	3.676548410031495878e-02	3.226454164832830152e-02
6.250000000000000130e-05	2.200269749590725091e-02	3.718843203798638530e-02	3.293871120549738546e-02
6.250000000000000130e-05	2.201670674372024558e-02	3.874588409604514533e-02	3.578898338600992879e-02
6.250000000000000130e-05	2.200746868258648958e-02	3.600815979090972452e-02	3.216630029492080489e-02
6.250000000000000130e-05	2.191293945589111933e-02	3.612516654645585301e-02	3.283332008868455887e-02
6.250000000000000130e-05	2.188848020913054457e-02	3.505143994241172872e-02	3.223450626246630868e-02
6.250000000000000130e-05	2.196153808047061895e-02	3.807991543170357457e-02	3.440124909393489638e-02
6.250000000000000130e-05	2.186022076372180767e-02	3.846361727029553451e-02	3.522175690159201622e-02
6.250000000000000130e-05	2.192499761325006347e-02	4.267982896709941742e-02	3.897263631224632402e-02
3.125000000000000065e-05	2.154687908112378619e-02	3.822124020942530703e-02	3.451771042309701581e-02
3.125000000000000065e-05	2.133320669961606686e-02	3.494692813722095198e-02	3.109551337547600269e-02
3.125000000000000065e-05	2.129285859779485660e-02	3.682934004735416433e-02	3.287857356481253823e-02
3.125000000000000065e-05	2.128198311283291747e-02	3.944438430651320271e-02	3.514699027873575965e-02
3.125000000000000065e-05	2.129389431409932365e-02	3.716508896914139798e-02	3.392550400458275994e-02
3.125000000000000065e-05	2.137462709341772515e-02	3.918479500016616712e-02	3.502913108095526834e-02
3.125000000000000065e-05	2.114535259638781334e-02	3.555758717757557391e-02	3.146226662211119851e-02
3.125000000000000065e-05	2.124145244523978349e-02	3.722646455061061344e-02	3.347272067330777506e-02
3.125000000000000065e-05	2.127075589892040916e-02	3.552364572121990971e-02	3.178380862809717516e-02
3.125000000000000065e-05	2.129390123860998296e-02	3.471526375810825293e-02	3.093131189234554768e-02
3.125000000000000065e-05	2.126318163716858778e-02	3.653070517859533656e-02	3.264276522677391629e-02
3.125000000000000065e-05	2.127119903563759809e-02	4.046740081570847358e-02	3.724794900044799129e-02
3.125000000000000065e-05	2.138415869453259843e-02	3.785571193624853725e-02	3.454835359007120410e-02
3.125000000000000065e-05	2.141829285989534440e-02	3.807265238339051922e-02	3.470770074054598670e-02
3.125000000000000065e-05	2.118259804825005366e-02	3.538314169224020256e-02	3.141148979775607725e-02
3.125000000000000065e-05	2.118465786289430372e-02	3.428538819453166853e-02	3.055781517177820136e-02
3.125000000000000065e-05	2.131220205335370224e-02	3.689469950010327431e-02	3.309041601605713229e-02
3.125000000000000065e-05	2.127027427728887463e-02	3.739762190163759686e-02	3.362123901024460793e-02
3.125000000000000065e-05	2.131155391623021714e-02	3.658948829933923036e-02	3.725425284355878691e-02
3.125000000000000065e-05	2.122786212896731958e-02	3.603814357004240382e-02	3.218793249689042707e-02
3.125000000000000065e-05	2.121653390312572621e-02	3.688553525671284944e-02	3.445056586060672721e-02
3.125000000000000065e-05	2.129533391070962192e-02	3.718016267368930844e-02	3.336010733619332314e-02
3.125000000000000065e-05	2.112555189882776158e-02	3.879159926900064420e-02	3.514994876459241052e-02
3.125000000000000065e-05	2.118364602723930845e-02	3.680829849113656516e-02	3.280985197052359303e-02
3.125000000000000065e-05	2.129730015479509159e-02	3.576121497801772880e-02	3.258443530648946762e-02
3.125000000000000065e-05	2.134478795534479681e-02	3.672532666552597025e-02	3.363342941738665243e-02
3.125000000000000065e-05	2.101988399779470759e-02	3.778234795125991197e-02	3.398267324082553109e-02
3.125000000000000065e-05	2.099554500542039417e-02	3.944291441618460320e-02	3.519823467358947078e-02
3.125000000000000065e-05	2.108761738311800554e-02	3.674561330434227696e-02	3.265501889400183877e-02
3.125000000000000065e-05	2.114499740816171841e-02	3.551313988571859481e-02	3.189847380854189673e-02
3.125000000000000065e-05	2.105092849861993007e-02	3.666252991018807000e-02	3.268465348519385139e-02
3.125000000000000065e-05	2.122634414685299620e-02	3.766929329962942496e-02	3.377230386249720911e-02
3.125000000000000065e-05	2.111251725977229127e-02	3.636836278110898435e-02	3.284930409863591472e-02
3.125000000000000065e-05	2.137260094724937817e-02	3.650793175734774743e-02	3.270606421865522584e-02
3.125000000000000065e-05	2.117980856214362120e-02	3.514375330890036342e-02	3.153246869333088676e-02
3.125000000000000065e-05	2.136793864729482142e-02	3.962816427710480482e-02	3.616255903616547723e-02
3.125000000000000065e-05	2.115294878891712041e-02	3.475508820363052559e-02	3.113706852309405804e-02
1.562500000000000033e-05	2.087789776758304516e-02	3.683945062662918185e-02	3.304480845108628134e-02
1.562500000000000033e-05	2.075944742791402398e-02	3.788602462340712185e-02	3.400137824937701087e-02
1.562500000000000033e-05	2.101944647339314132e-02	3.462917864790761996e-02	3.077671178616583209e-02
1.562500000000000033e-05	2.089302066048263906e-02	3.751762753537812162e-02	3.392547518014907976e-02
1.562500000000000033e-05	2.087194324699146591e-02	3.507504487868534637e-02	3.145786761306226115e-02
1.562500000000000033e-05	2.107392458072871594e-02	3.550485676612841202e-02	3.193439166061580459e-02
1.562500000000000033e-05	2.069533366868147803e-02	3.530158523314130131e-02	3.204352939501405040e-02
1.562500000000000033e-05	2.096882636521776519e-02	3.884258910194429704e-02	3.507696371525526047e-02
1.562500000000000033e-05	2.072925864512435712e-02	3.846474184961843484e-02	3.448280717711895565e-02
1.562500000000000033e-05	2.085328501838282569e-02	4.141764844041220112e-02	3.796551818959414959e-02
1.562500000000000033e-05	2.093332382477061313e-02	3.701677213359565871e-02	3.311968068592250486e-02
1.562500000000000033e-05	2.089598780056898392e-02	3.646503000749343193e-02	3.266944610513746600e-02
1.562500000000000033e-05	2.103937462344982259e-02	3.814417388075621446e-02	3.506039190106093745e-02
1.562500000000000033e-05	2.097174628957923850e-02	3.718734057668927895e-02	3.349620839580893378e-02
1.562500000000000033e-05	2.086089708565486839e-02	3.732829858885385738e-02	3.441238878294825693e-02
1.562500000000000033e-05	2.090964767997385496e-02	3.498766325043602132e-02	3.154025245457887927e-02
1.562500000000000033e-05	2.106119105576116646e-02	3.782351669021614265e-02	3.500463445670902451e-02
1.562500000000000033e-05	2.077927675429751264e-02	3.705701649345028575e-02	3.301037121564150134e-02
1.562500000000000033e-05	2.087706091167397526e-02	3.789373816854042787e-02	3.407453447580337247e-02
1.562500000000000033e-05	2.089464255089049788e-02	3.721303633214291529e-02	3.372183777391910692e-02
1.562500000000000033e-05	2.074364223801912835e-02	3.674007451932155555e-02	3.279236375819891830e-02
7.812500000000000163e-06	2.061008509907301389e-02	3.695919296426299072e-02	3.310842798091471334e-02
7.812500000000000163e-06	2.081093600983100270e-02	3.471706090348709167e-02	3.196749682538211484e-02
7.812500000000000163e-06	2.092102191932694588e-02	3.564212290833445457e-02	3.293394702486693998e-02
7.812500000000000163e-06	2.076464380804555337e-02	3.737642300066523759e-02	3.364100591279566010e-02
7.812500000000000163e-06	2.074057300948365171e-02	3.819102843667512154e-02	3.421211722306907038e-02
7.812500000000000163e-06	2.057794617394710299e-02	3.680451833569878956e-02	3.280340186320244988e-02
7.812500000000000163e-06	2.058981982812311401e-02	3.698139064287015582e-02	3.306511766277253628e-02
7.812500000000000163e-06	2.064798950689555879e-02	3.691525297015125356e-02	3.296718006022274217e-02
7.812500000000000163e-06	2.069559505717517844e-02	3.598317482474586854e-02	3.206695644184946736e-02
7.812500000000000163e-06	2.074156848495959521e-02	3.779796171562833929e-02	3.523110952228307446e-02
7.812500000000000163e-06	2.073608899197566802e-02	3.476030745236349112e-02	3.099132524803280969e-02
7.812500000000000163e-06	2.070948195282354756e-02	3.624167551739989473e-02	3.269793679937720021e-02
7.812500000000000163e-06	2.062315057471195145e-02	3.910352670007351261e-02	3.581120851449668546e-02
7.812500000000000163e-06	2.065114089606926925e-02	3.612239167815883834e-02	3.251625094562769075e-02
7.812500000000000163e-06	2.060165658913912581e-02	3.677971224685770008e-02	3.287593275308609009e-02
7.812500000000000163e-06	2.070723783220486738e-02	3.815357318801405884e-02	3.451430164277553836e-02
7.812500000000000163e-06	2.074253036239124409e-02	3.575399489732000724e-02	3.198135308921336989e-02
7.812500000000000163e-06	2.063647097376472561e-02	3.748788739218137517e-02	3.383138421922922412e-02
7.812500000000000163e-06	2.059097721882342108e-02	3.699875339202543523e-02	3.334613796323537827e-02
7.812500000000000163e-06	2.055730803968810680e-02	3.740016971739174717e-02	3.345048008486628532e-02
7.812500000000000163e-06	2.063025313647872533e-02	3.622986899971650243e-02	3.208632627502083778e-02
3.906250000000000081e-06	2.040444272871000733e-02	3.769100737314261956e-02	3.378752283751964430e-02
3.906250000000000081e-06	2.059526790048300804e-02	3.631090215792518588e-02	3.238072167150676112e-02
3.906250000000000081e-06	2.064793935417262236e-02	3.425405602122008619e-02	3.082578538451343636e-02
3.906250000000000081e-06	2.058598563376296334e-02	3.997866321764691200e-02	3.604804882779717723e-02
3.906250000000000081e-06	2.053751896930302787e-02	3.929985485268824852e-02	3.525058235973119874e-02
3.906250000000000081e-06	2.060922969635435240e-02	3.615547041774420239e-02	3.218656387180089673e-02
3.906250000000000081e-06	2.068601383536690028e-02	3.624008455513659521e-02	3.222168926149606566e-02
3.906250000000000081e-06	2.067606286170126789e-02	3.562530909338234436e-02	3.189421431161463399e-02
3.906250000000000081e-06	2.058470677346025887e-02	3.850068561537727668e-02	3.440277064219117442e-02
3.906250000000000081e-06	2.060911029581589601e-02	3.651583398550904691e-02	3.262488022446632246e-02
3.906250000000000081e-06	2.070932535356026505e-02	3.582694379525035167e-02	3.276191614568233629e-02
3.906250000000000081e-06	2.064328987764681156e-02	3.808144296651111427e-02	3.590904036536812782e-02
3.906250000000000081e-06	2.068330540412244983e-02	3.553207276671813131e-02	3.204043568111956258e-02
3.906250000000000081e-06	2.057455825538673927e-02	3.474416948016244983e-02	3.106305450201034615e-02
3.906250000000000081e-06	2.048191386684038509e-02	4.095767494973712175e-02	3.705148645676672320e-02
3.906250000000000081e-06	2.056780064975871972e-02	3.944906572864941702e-02	3.616099911741912226e-02
3.906250000000000081e-06	2.035938342410145707e-02	3.629580047469176812e-02	3.219265474472195188e-02
3.906250000000000081e-06	2.071648218667371949e-02	3.667626980477602799e-02	3.330832235515117368e-02
3.906250000000000081e-06	2.051370856669092538e-02	3.656785323708781205e-02	3.304591076448559761e-02
3.906250000000000081e-06	2.052539456830754921e-02	3.513054388297322250e-02	3.163892193697392941e-02
3.906250000000000081e-06	2.064836556238185822e-02	3.491507496938343197e-02	4.200305277481675148e-02
3.906250000000000081e-06	2.046494052537899469e-02	3.873382475597696162e-02	4.483369924128055573e-02
3.906250000000000081e-06	2.057244865588926316e-02	3.473174383776038432e-02	3.152925088070333143e-02
3.906250000000000081e-06	2.036801573981321389e-02	3.579801849591794649e-02	3.316874182783067365e-02
1.953125000000000041e-06	2.036963083790512344e-02	3.694044881505179762e-02	3.358400985598564148e-02
1.953125000000000041e-06	2.040330896564716487e-02	3.593971958647223380e-02	3.244413272477686405e-02
1.953125000000000041e-06	2.065919637745067608e-02	3.850433654615079831e-02	3.476526895537972173e-02
1.953125000000000041e-06	2.036811424437704604e-02	3.724090930035445224e-02	3.348344089463353018e-02
1.953125000000000041e-06	2.044969939568782799e-02	3.664297918686691691e-02	3.361010667867958546e-02
1.953125000000000041e-06	2.055061358466545030e-02	3.688528463829562204e-02	3.460960681550204893e-02
1.953125000000000041e-06	2.044344401618746268e-02	3.920274144965004565e-02	3.537955731153488020e-02
1.953125000000000041e-06	2.055243385057417549e-02	3.642306380285954825e-02	3.342714039608836452e-02
1.953125000000000041e-06	2.041608587919434975e-02	3.622263122876589331e-02	3.244105381891131124e-02
1.953125000000000041e-06	2.077445760423479032e-02	3.906054429085779184e-02	3.678714521229266982e-02
1.953125000000000041e-06	2.069718631579301610e-02	3.491410952431993342e-02	3.149698036722838740e-02
1.953125000000000041e-06	2.063334916261582233e-02	3.446550235269269652e-02	3.083563332911580870e-02
1.953125000000000041e-06	2.055896030020547272e-02	3.803534164088558794e-02	3.445839174091815810e-02
1.953125000000000041e-06	2.063475264135559636e-02	3.632224161002336332e-02	3.247183440253138820e-02
1.953125000000000041e-06	2.049888810278320192e-02	3.457037856831600420e-02	3.097444460727274279e-02
1.953125000000000041e-06	2.049776900845724434e-02	3.520369202054608043e-02	3.126984676346182546e-02
1.953125000000000041e-06	2.053251776165952378e-02	3.772732356065854747e-02	3.393180188722908636e-02
1.953125000000000041e-06	2.053153777409424952e-02	3.720246990703787726e-02	3.328908660914749185e-02
1.953125000000000041e-06	2.042936584021009735e-02	3.826916784399155003e-02	3.463741936720907827e-02
1.953125000000000041e-06	2.056044967462584624e-02	3.737049237751836200e-02	3.340506511740386208e-02
1.953125000000000041e-06	2.044785268271017906e-02	3.549265732296318088e-02	3.164308615960180482e-02
9.765625000000000203e-07	2.048346425670482390e-02	3.794035516406229352e-02	3.414384317584336082e-02
9.765625000000000203e-07	2.065060479504691668e-02	3.604108210243479882e-02	3.209365820512175699e-02
9.765625000000000203e-07	2.049693681837133630e-02	3.733846298492079357e-02	3.328578197397291660e-02
9.765625000000000203e-07	2.045880887796100098e-02	3.489045674927259560e-02	3.335945515427738567e-02
9.765625000000000203e-07	2.029466034368833383e-02	3.416497195480849847e-02	3.063932918012142112e-02
9.765625000000000203e-07	2.036086288012603149e-02	3.492523734189609264e-02	3.148055947385728498e-02
9.765625000000000203e-07	2.061136343872359972e-02	3.993142172889247582e-02	3.599159177392721037e-02
9.765625000000000203e-07	2.045567825256720471e-02	3.830861840494640541e-02	3.493700702674686770e-02
9.765625000000000203e-07	2.041807434120155446e-02	3.728251041191098236e-02	3.353953813202679296e-02
9.765625000000000203e-07	2.047376604149375029e-02	3.364350521907756575e-02	2.994211202021688362e-02
9.765625000000000203e-07	2.057716846921161039e-02	3.795588537270486174e-02	3.418126287870108804e-02
9.765625000000000203e-07	2.063473648488643036e-02	3.954699520431263771e-02	3.582293163053691665e-02
9.765625000000000203e-07	2.029916654661115608e-02	4.283590600167581225e-02	3.867366402409970483e-02
9.765625000000000203e-07	2.056829155861048322e-02	3.730596562954768131e-02	3.348996667191386084e-02
9.765625000000000203e-07	2.053097336985920673e-02	3.583525316253382414e-02	3.286014674231409888e-02
9.765625000000000203e-07	2.046229107952294776e-02	3.603498417767086320e-02	3.206559712998569012e-02
9.765625000000000203e-07	2.073995802397642085e-02	3.647628093518667791e-02	3.253020376432687322e-02
9.765625000000000203e-07	2.042718847575334534e-02	3.567882687711591144e-02	3.216451052576303760e-02
9.765625000000000203e-07	2.068585692999701242e-02	3.543661991183046089e-02	3.165756170637905320e-02
9.765625000000000203e-07	2.060257495988275164e-02	3.935578916007311662e-02	3.524148971773684302e-02
9.765625000000000203e-07	2.061728398256554295e-02	3.537605981786213355e-02	3.183069829829036912e-02
9.765625000000000203e-07	2.048866191110668492e-02	3.938328966264325465e-02	3.580534746870398660e-02
9.765625000000000203e-07	2.037396624417777205e-02	3.677208991770032631e-02	3.352030399255454679e-02
9.765625000000000203e-07	2.055438525092730118e-02	3.632484007802309206e-02	3.309635315090418001e-02
9.765625000000000203e-07	2.045001342530736524e-02	3.843877795127986080e-02	3.477349611930549006e-02
9.765625000000000203e-07	2.053494594228378461e-02	3.723781425213314178e-02	3.418356729671358923e-02
9.765625000000000203e-07	2.036060143691239069e-02	3.910059149313659804e-02	3.509116233326494555e-02
9.765625000000000203e-07	2.042440215473503851e-02	3.661812458635936574e-02	3.316680863499641557e-02
9.765625000000000203e-07	2.059039110269065762e-02	3.823772640362459868e-02	3.431455250829458514e-02
9.765625000000000203e-07	2.041544505395536876e-02	3.607359001442243807e-02	3.216476701200008531e-02
9.765625000000000203e-07	2.049516458898661270e-02	3.618830462907933476e-02	3.254942535422742506e-02
4.882812500000000102e-07	2.044985278381155139e-02	3.665551066847215489e-02	3.298274129629134854e-02
4.882812500000000102e-07	2.048816799970128166e-02	3.778575700146989680e-02	3.395195207558572570e-02
4.882812500000000102e-07	2.056813327332285626e-02	3.824973086880139456e-02	3.455435121431946893e-02
4.882812500000000102e-07	2.053226489159796012e-02	3.628531031076508845e-02	3.308478966355323653e-02
4.882812500000000102e-07	2.043095705765253511e-02	3.665663644242349306e-02	3.290140628814697266e-02
4.882812500000000102e-07	2.053000738247232060e-02	3.637055874221924168e-02	3.274860884994268417e-02
4.882812500000000102e-07	2.055017336706753753e-02	3.656604428682964231e-02	3.266461265739053349e-02
4.882812500000000102e-07	2.057211058904536566e-02	3.649257549635714915e-02	3.251677122898399830e-02
4.882812500000000102e-07	2.046549532761869974e-02	4.075413234336838081e-02	3.694382249377668043e-02
4.882812500000000102e-07	2.050405929657159870e-02	3.957402009848524915e-02	3.556152260862290720e-02
4.882812500000000102e-07	2.058339661010012700e-02	3.656527408793646544e-02	3.282954189926386157e-02
4.882812500000000102e-07	2.062565474724911696e-02	3.862092493794351544e-02	3.488758997991681099e-02
4.882812500000000102e-07	2.035426193498261413e-02	3.771053437943233666e-02	3.453518711030482968e-02
4.882812500000000102e-07	2.074609797690638024e-02	3.694690505520523832e-02	3.311290889978409091e-02
4.882812500000000102e-07	2.054636139008734000e-02	3.392485474572756038e-02	3.031394341960549216e-02
4.882812500000000102e-07	2.061257874912789806e-02	3.952622705222112037e-02	3.572848411276936809e-02
4.882812500000000102e-07	2.052660267355831819e-02	3.581690515211115311e-02	3.296922966837882718e-02
4.882812500000000102e-07	2.056454755625903782e-02	3.509726775176238295e-02	3.161132065579295297e-02
4.882812500000000102e-07	2.048672131333692872e-02	3.767076994814173851e-02	3.379202280193567554e-02
4.882812500000000102e-07	2.074407569580798485e-02	4.085856341605723085e-02	3.699619164690375051e-02
4.882812500000000102e-07	2.054311775880334270e-02	3.807788136468819723e-02	3.953668507747352262e-02
2.441406250000000051e-07	2.036595814647353467e-02	3.877406478591302608e-02	3.515583458356559554e-02
2.441406250000000051e-07	2.046218970893443762e-02	3.729738796334616108e-02	3.354799482040107111e-02
2.441406250000000051e-07	2.043499997066612270e-02	3.413693050497957487e-02	3.043144210241734843e-02
2.441406250000000051e-07	2.059878702500294451e-02	3.820993034510400399e-02	3.419586960226297240e-02
2.441406250000000051e-07	2.047252578583912824e-02	3.538108092406033051e-02	3.170417547225952426e-02
2.441406250000000051e-07	2.038741305388115654e-02	3.898688217537253642e-02	3.471488426439463953e-02
2.441406250000000051e-07	2.050423794472075456e-02	3.624231562369469029e-02	3.235642677173018733e-02
2.441406250000000051e-07	2.050779476098677293e-02	3.611396090249428814e-02	3.243309599347412447e-02
2.441406250000000051e-07	2.066955848425245171e-02	3.801131150953432347e-02	3.413750026375055036e-02
2.441406250000000051e-07	2.050109056364734020e-02	3.785690155211855756e-02	3.413808704353869100e-02
2.441406250000000051e-07	2.047960576885761788e-02	3.758134370113854622e-02	3.376196506433189193e-02
2.441406250000000051e-07	2.052455964168276720e-02	3.686304960926477942e-02	3.327170223928987980e-02
2.441406250000000051e-07	2.050186167273360463e-02	3.601649849241628926e-02	3.210263289511203905e-02
2.441406250000000051e-07	2.057232928298166619e-02	3.736954789940287458e-02	3.433854207396506986e-02
2.441406250000000051e-07	2.056291627189997182e-02	3.689178355350232474e-02	3.278559166938066483e-02
2.441406250000000051e-07	2.053174172832027480e-02	3.587411921373836327e-02	3.225572039373218736e-02
2.441406250000000051e-07	2.056393912685097747e-02	3.525393621030590424e-02	3.156893672421574870e-02
2.441406250000000051e-07	2.040901786521501921e-02	3.790381424987191578e-02	3.391190338879823685e-02
2.441406250000000051e-07	2.049818572302745945e-02	3.532267138556972191e-02	3.183137942105531554e-02
2.441406250000000051e-07	2.042994912986824049e-02	3.678457202945704246e-02	3.304706159979105273e-02
2.441406250000000051e-07	2.061796864281219277e-02	3.593368412858528871e-02	3.224688014015555243e-02
1.220703125000000025e-07	2.033463628001515311e-02	3.603082628559847733e-02	3.248001323081552844e-02
1.220703125000000025e-07	2.038264681150082566e-02	3.811791879539402211e-02	3.408626024611294270e-02
1.220703125000000025e-07	2.051539044478315615e-02	3.585892702155400041e-02	3.180826120078563551e-02
1.220703125000000025e-07	2.062259096632765298e-02	3.726348121947955366e-02	3.344226242043078084e-02
1.220703125000000025e-07	2.051120785397107446e-02	3.745966196957371125e-02	3.803133973851800104e-02
1.220703125000000025e-07	2.036773997297756586e-02	3.748886539790954875e-02	3.352350997738540173e-02
1.220703125000000025e-07	2.050036479355447569e-02	3.661559746449530306e-02	3.271701354533433637e-02
1.220703125000000025e-07	2.027585223770075884e-02	3.560213461830354087e-02	3.193974532186984877e-02
1.220703125000000025e-07	2.050436838893539629e-02	3.588570642202156685e-02	3.188040545210242549e-02
1.220703125000000025e-07	2.058013378186861198e-02	3.829028678775145411e-02	3.449943903833627840e-02
1.220703125000000025e-07	2.055319126775578126e-02	3.584433553730630162e-02	3.214056869037449499e-02
1.220703125000000025e-07	2.065202779417782755e-02	3.655932531618947406e-02	3.289479138329624852e-02
