1.000000000000000021e-03	6.767651551886449957e-01	1.300837859511375427e+00	1.305405154824256897e+00
1.000000000000000021e-03	5.068125030662440356e-01	5.719509363174438477e+00	5.577324330806732178e+00
1.000000000000000021e-03	4.630751311779022217e-01	4.826391525566577911e-01	5.177722498774528503e-01
1.000000000000000021e-03	4.440542387811443614e-01	8.013186752796173096e-01	8.179366588592529297e-01
1.000000000000000021e-03	4.333975496171396102e-01	1.537665233016014099e+00	1.550116583704948425e+00
1.000000000000000021e-03	4.279474148267431999e-01	5.151938050985336304e-01	5.620883032679557800e-01
1.000000000000000021e-03	4.197837119992774979e-01	4.308742582798004150e-01	4.504066929221153259e-01
1.000000000000000021e-03	4.211408348777626043e-01	4.045911468565464020e-01	4.342304952442646027e-01
1.000000000000000021e-03	3.933855672425861649e-01	6.337298601865768433e-01	6.682658493518829346e-01
1.000000000000000021e-03	3.867254960763303329e-01	3.766114413738250732e-01	4.002428948879241943e-01
1.000000000000000021e-03	3.952737311019173250e-01	6.109669804573059082e-01	6.209506615996360779e-01
1.000000000000000021e-03	3.743662375815307031e-01	4.362828359007835388e-01	4.482437409460544586e-01
1.000000000000000021e-03	3.673658218187622060e-01	3.432749323546886444e-01	3.520553223788738251e-01
1.000000000000000021e-03	3.701809599429746189e-01	3.728062696754932404e-01	3.845532648265361786e-01
1.000000000000000021e-03	3.721105841141713055e-01	3.657979778945446014e-01	3.776298873126506805e-01
1.000000000000000021e-03	3.533381695234322772e-01	3.543546535074710846e-01	3.747614771127700806e-01
1.000000000000000021e-03	3.507934701216371964e-01	3.801386728882789612e-01	3.952004872262477875e-01
1.000000000000000021e-03	3.272863054954552875e-01	4.068942181766033173e-01	4.252217262983322144e-01
1.000000000000000021e-03	3.528424009114881077e-01	3.875614330172538757e-01	4.248666018247604370e-01
1.000000000000000021e-03	3.496582843834840637e-01	4.165949262678623199e-01	4.208078570663928986e-01
1.000000000000000021e-03	3.473246342773678719e-01	3.287210017442703247e-01	3.467105962336063385e-01
1.000000000000000021e-03	3.282388012997711768e-01	3.325069285929203033e-01	3.460961170494556427e-01
1.000000000000000021e-03	3.338982162973548884e-01	6.058101728558540344e-01	6.065379902720451355e-01
1.000000000000000021e-03	3.341566693933704091e-01	7.996776327490806580e-01	8.095142617821693420e-01
1.000000000000000021e-03	3.252026457575303287e-01	4.266932606697082520e-01	4.421953558921813965e-01
1.000000000000000021e-03	3.286915766664698091e-01	3.338175825774669647e-01	3.107581175863742828e-01
1.000000000000000021e-03	2.970963218544103168e-01	2.693839333951473236e-01	2.689966429024934769e-01
1.000000000000000021e-03	3.159962473790856596e-01	3.596408888697624207e-01	3.641622550785541534e-01
1.000000000000000021e-03	2.845628359649755024e-01	4.276124723255634308e-01	4.312351606786251068e-01
1.000000000000000021e-03	2.806715659702880283e-01	3.722353428602218628e-01	3.643174543976783752e-01
1.000000000000000021e-03	2.843838692465914808e-01	2.752317357808351517e-01	2.897042315453290939e-01
1.000000000000000021e-03	2.824699243035497798e-01	3.703059330582618713e-01	3.886816501617431641e-01
1.000000000000000021e-03	3.018488004992279650e-01	4.777775965631008148e-01	4.838565550744533539e-01
1.000000000000000021e-03	2.638730031402805043e-01	3.172165788710117340e-01	3.226912580430507660e-01
1.000000000000000021e-03	2.830955437089823223e-01	3.920343220233917236e-01	4.129944294691085815e-01
1.000000000000000021e-03	2.710607744093182503e-01	3.044635970145463943e-01	3.129951730370521545e-01
1.000000000000000021e-03	2.605653703212738037e-01	3.897920176386833191e-01	3.980940543115139008e-01
1.000000000000000021e-03	2.627963904715791554e-01	2.880337350070476532e-01	2.906537353992462158e-01
1.000000000000000021e-03	2.606181836203683710e-01	2.842688113451004028e-01	2.892644517123699188e-01
1.000000000000000021e-03	2.529991308722314702e-01	2.739135511219501495e-01	2.538622915744781494e-01
1.000000000000000021e-03	2.561456336628032404e-01	3.811845518648624420e-01	3.804949782788753510e-01
1.000000000000000021e-03	2.517699784115899897e-01	1.644229426980018616e+00	1.630326315760612488e+00
1.000000000000000021e-03	2.538415629275237451e-01	2.786954510957002640e-01	2.733813002705574036e-01
1.000000000000000021e-03	2.468391126846965489e-01	3.485028799623250961e-01	3.680226504802703857e-01
1.000000000000000021e-03	2.257459286270262211e-01	2.201069332659244537e-01	2.041640356183052063e-01
1.000000000000000021e-03	2.492406077777283013e-01	2.578564099967479706e-01	2.451032791286706924e-01
1.000000000000000021e-03	2.351543569489370489e-01	2.711122613400220871e-01	2.647647820413112640e-01
1.000000000000000021e-03	2.332459508995466668e-01	3.149438612163066864e-01	3.143455572426319122e-01
1.000000000000000021e-03	2.425422568487215769e-01	2.519990410655736923e-01	2.448424696922302246e-01
1.000000000000000021e-03	2.304393428413173683e-01	2.925197705626487732e-01	2.649520449340343475e-01
1.000000000000000021e-03	2.446006096993820489e-01	1.406030222773551941e+00	1.400874078273773193e+00
1.000000000000000021e-03	2.446364537824558261e-01	2.491055931895971298e-01	2.609407957643270493e-01
1.000000000000000021e-03	2.413044238015066290e-01	2.938466742634773254e-01	2.918898295611143112e-01
1.000000000000000021e-03	2.349852325418327337e-01	2.363165840506553650e-01	2.325828764587640762e-01
1.000000000000000021e-03	2.311554096544845283e-01	2.708721719682216644e-01	2.628914881497621536e-01
1.000000000000000021e-03	2.226882329847239272e-01	4.682317078113555908e-01	4.435769803822040558e-01
1.000000000000000021e-03	2.222336757975288679e-01	2.913923077285289764e-01	2.813354749232530594e-01
1.000000000000000021e-03	2.333769630404967377e-01	2.596477512270212173e-01	2.549051921814680099e-01
1.000000000000000021e-03	2.077487648665150566e-01	2.388346977531909943e-01	2.382558081299066544e-01
1.000000000000000021e-03	2.293648814098744326e-01	2.249528001993894577e-01	2.238697111606597900e-01
1.000000000000000021e-03	2.197061010365244649e-01	2.248301804065704346e-01	1.948393210768699646e-01
1.000000000000000021e-03	2.165753118976762037e-01	2.246336285024881363e-01	2.216658517718315125e-01
1.000000000000000021e-03	2.163217571340029788e-01	1.595166131854057312e+00	1.597563371062278748e+00
1.000000000000000021e-03	2.218115056240105853e-01	5.794732719659805298e-01	6.125350221991539001e-01
1.000000000000000021e-03	2.126525907388216452e-01	2.485877759754657745e-01	2.363783940672874451e-01
1.000000000000000021e-03	2.069550345215616372e-01	2.374036274850368500e-01	2.241895012557506561e-01
5.000000000000000104e-04	1.942428440987309379e-01	2.391673214733600616e-01	2.209141682833433151e-01
5.000000000000000104e-04	1.789217513950565330e-01	1.831034868955612183e-01	1.715238709002733231e-01
5.000000000000000104e-04	1.792400312385981631e-01	1.941755153238773346e-01	1.750837974250316620e-01
5.000000000000000104e-04	1.771047352046906109e-01	2.026411416009068489e-01	2.057216819375753403e-01
5.000000000000000104e-04	1.693109827516954269e-01	2.058550193905830383e-01	1.871546432375907898e-01
5.000000000000000104e-04	1.731572201168989911e-01	2.130346111953258514e-01	2.044870872050523758e-01
5.000000000000000104e-04	1.735224599325204120e-01	1.874627433717250824e-01	1.699045486748218536e-01
5.000000000000000104e-04	1.648276726467700071e-01	2.027141824364662170e-01	1.911461893469095230e-01
5.000000000000000104e-04	1.653088329336311335e-01	1.911572925746440887e-01	1.789072081446647644e-01
5.000000000000000104e-04	1.718223007230819110e-01	1.787187438458204269e-01	1.723726028576493263e-01
5.000000000000000104e-04	1.648151016310800410e-01	1.989614628255367279e-01	1.749943215399980545e-01
5.000000000000000104e-04	1.664807120267348950e-01	1.807897677645087242e-01	1.678847754374146461e-01
5.000000000000000104e-04	1.655808169441887190e-01	1.897355802357196808e-01	1.952894590795040131e-01
5.000000000000000104e-04	1.688183118836789065e-01	1.795682739466428757e-01	1.796577163040637970e-01
5.000000000000000104e-04	1.574022583191907743e-01	2.009132597595453262e-01	1.890034880489110947e-01
5.000000000000000104e-04	1.514512807885302903e-01	2.270215433090925217e-01	2.201937846839427948e-01
5.000000000000000104e-04	1.672664609136460812e-01	1.897252909839153290e-01	1.878832485526800156e-01
5.000000000000000104e-04	1.741690201849876996e-01	2.452645581215620041e-01	2.473718225955963135e-01
5.000000000000000104e-04	1.576083377946781161e-01	1.903094295412302017e-01	1.995779965072870255e-01
5.000000000000000104e-04	1.657984709437889392e-01	2.103473823517560959e-01	2.022133041173219681e-01
5.000000000000000104e-04	1.559233623026292648e-01	2.020308636128902435e-01	1.916369032114744186e-01
5.000000000000000104e-04	1.453668553429313948e-01	1.872534248977899551e-01	1.639904063194990158e-01
5.000000000000000104e-04	1.430669015721429682e-01	1.758660916239023209e-01	1.702681742608547211e-01
5.000000000000000104e-04	1.582149022930784965e-01	7.083881124854087830e-01	7.046961933374404907e-01
5.000000000000000104e-04	1.563060179918627224e-01	2.017666641622781754e-01	1.842658994719386101e-01
5.000000000000000104e-04	1.591580188538454788e-01	1.843359414488077164e-01	1.665022028610110283e-01
5.000000000000000104e-04	1.516562803070756471e-01	2.871910706162452698e-01	2.783920988440513611e-01
5.000000000000000104e-04	1.582312597126900311e-01	2.187820207327604294e-01	2.033608388155698776e-01
5.000000000000000104e-04	1.443200746103178167e-01	2.098319120705127716e-01	1.871158126741647720e-01
5.000000000000000104e-04	1.497294792457471990e-01	2.036106064915657043e-01	1.900497414171695709e-01
5.000000000000000104e-04	1.566216822100590933e-01	2.620377764105796814e-01	2.519086059182882309e-01
5.000000000000000104e-04	1.547588357065297349e-01	1.830313745886087418e-01	1.673889625817537308e-01
5.000000000000000104e-04	1.503918545344207769e-01	1.823231019079685211e-01	1.793650090694427490e-01
5.000000000000000104e-04	1.519987270047392924e-01	8.321715593338012695e-01	8.293872177600860596e-01
5.000000000000000104e-04	1.408528871362722257e-01	1.719665070995688438e-01	1.620177775621414185e-01
5.000000000000000104e-04	1.492247402290754754e-01	1.859694123268127441e-01	1.748216561973094940e-01
5.000000000000000104e-04	1.689978070274184008e-01	2.031085770577192307e-01	2.105885408818721771e-01
5.000000000000000104e-04	1.513712721157677576e-01	1.950264405459165573e-01	1.844429392367601395e-01
5.000000000000000104e-04	1.469085621117036666e-01	2.152189724147319794e-01	2.139494083821773529e-01
5.000000000000000104e-04	1.647397449499444222e-01	2.016793861985206604e-01	1.927190087735652924e-01
5.000000000000000104e-04	1.502933046674426731e-01	1.667871568351984024e-01	1.546376850455999374e-01
5.000000000000000104e-04	1.377588417145270416e-01	1.756725357845425606e-01	1.668329816311597824e-01
5.000000000000000104e-04	1.475530254501330740e-01	1.801838316023349762e-01	1.644512452185153961e-01
5.000000000000000104e-04	1.472803954082199385e-01	2.131533846259117126e-01	1.955923978239297867e-01
5.000000000000000104e-04	1.336516276756419541e-01	1.815443057566881180e-01	1.712154336273670197e-01
5.000000000000000104e-04	1.311863280738456428e-01	1.840602234005928040e-01	1.716428548097610474e-01
5.000000000000000104e-04	1.512906684339800911e-01	1.942983660846948624e-01	1.888220887631177902e-01
5.000000000000000104e-04	1.389836569941496625e-01	2.003518249839544296e-01	1.881889402866363525e-01
5.000000000000000104e-04	1.418642295123655472e-01	1.792053654789924622e-01	1.723919659852981567e-01
5.000000000000000104e-04	1.405934646159787693e-01	1.795242894440889359e-01	1.709710629656910896e-01
5.000000000000000104e-04	1.437940623941300899e-01	1.769008468836545944e-01	1.661608777940273285e-01
5.000000000000000104e-04	1.525470130617105624e-01	2.205473165959119797e-01	2.242512609809637070e-01
5.000000000000000104e-04	1.363862124802190934e-01	2.171887494623661041e-01	2.038168720901012421e-01
5.000000000000000104e-04	1.465948809739909542e-01	2.126942649483680725e-01	1.891224849969148636e-01
5.000000000000000104e-04	1.451197786233093256e-01	4.153284579515457153e-01	4.171750023961067200e-01
5.000000000000000104e-04	1.411183245385749518e-01	1.883662641048431396e-01	1.704877261072397232e-01
5.000000000000000104e-04	1.359155016798007376e-01	1.852844841778278351e-01	1.626848988234996796e-01
5.000000000000000104e-04	1.344001269604586379e-01	1.708190329372882843e-01	1.642728857696056366e-01
5.000000000000000104e-04	1.345278304777567935e-01	1.700195474550127983e-01	1.600244054570794106e-01
5.000000000000000104e-04	1.429521970545189202e-01	1.644876040518283844e-01	1.506126420572400093e-01
5.000000000000000104e-04	1.413689052945450997e-01	1.761349495500326157e-01	1.674397075548768044e-01
5.000000000000000104e-04	1.415407438821430497e-01	1.669386718422174454e-01	1.532181426882743835e-01
5.000000000000000104e-04	1.511735867095898855e-01	2.102918736636638641e-01	1.971219386905431747e-01
5.000000000000000104e-04	1.355680339509927890e-01	1.688981177285313606e-01	1.555542470887303352e-01
5.000000000000000104e-04	1.283091843316826741e-01	1.978549696505069733e-01	1.861302591860294342e-01
5.000000000000000104e-04	1.269086637074434420e-01	1.686592334881424904e-01	1.550097391009330750e-01
5.000000000000000104e-04	1.464994290395628118e-01	1.968556940555572510e-01	1.886251848191022873e-01
5.000000000000000104e-04	1.446112291533735716e-01	1.668548099696636200e-01	1.631144210696220398e-01
5.000000000000000104e-04	1.281413549109350347e-01	1.951679922640323639e-01	1.866811420768499374e-01
5.000000000000000104e-04	1.335224452652508664e-01	1.586402058601379395e-01	1.643615216016769409e-01
5.000000000000000104e-04	1.446883283272574205e-01	1.880428325384855270e-01	1.787751633673906326e-01
5.000000000000000104e-04	1.275866186317009265e-01	1.672830823808908463e-01	1.548157762736082077e-01
5.000000000000000104e-04	1.336841802053813644e-01	1.574776712805032730e-01	1.523370575159788132e-01
5.000000000000000104e-04	1.504209903599340592e-01	2.141842748969793320e-01	1.991393044590950012e-01
5.000000000000000104e-04	1.269161601232577097e-01	1.716825067996978760e-01	1.624438725411891937e-01
5.000000000000000104e-04	1.403599668152724633e-01	1.763924052938818932e-01	1.729006636887788773e-01
5.000000000000000104e-04	1.311419711837285562e-01	1.753225093707442284e-01	1.678135134279727936e-01
5.000000000000000104e-04	1.314168632784976365e-01	1.807736176997423172e-01	1.784730181097984314e-01
5.000000000000000104e-04	1.338388213439832830e-01	1.681267172098159790e-01	1.571138398721814156e-01
5.000000000000000104e-04	1.228532629865634329e-01	2.071435693651437759e-01	1.937910541892051697e-01
5.000000000000000104e-04	1.305580789907069272e-01	1.920537520200014114e-01	1.799627449363470078e-01
5.000000000000000104e-04	1.372334328067453535e-01	2.646305710077285767e-01	2.746553830802440643e-01
5.000000000000000104e-04	1.367766174334514029e-01	1.854824833571910858e-01	1.728550475090742111e-01
5.000000000000000104e-04	1.383380237259442258e-01	1.680458225309848785e-01	1.585490275174379349e-01
5.000000000000000104e-04	1.365302056074142456e-01	2.164181619882583618e-01	2.170223854482173920e-01
5.000000000000000104e-04	1.214361282277710841e-01	1.705465298146009445e-01	1.658354271203279495e-01
5.000000000000000104e-04	1.294973010692415383e-01	1.913401558995246887e-01	1.778619643300771713e-01
5.000000000000000104e-04	1.328086432399629147e-01	1.853530257940292358e-01	1.775082498788833618e-01
5.000000000000000104e-04	1.325706796178334756e-01	2.212097030133008957e-01	2.045972198247909546e-01
5.000000000000000104e-04	1.137930728683743259e-01	1.758593395352363586e-01	1.589371133595705032e-01
5.000000000000000104e-04	1.221256653153443700e-01	1.663199346512556076e-01	1.522719440981745720e-01
5.000000000000000104e-04	1.266935666716551556e-01	1.766213327646255493e-01	1.604341007769107819e-01
5.000000000000000104e-04	1.236690501623515792e-01	2.107998039573431015e-01	1.901793330907821655e-01
5.000000000000000104e-04	1.381870977863480787e-01	2.058805432170629501e-01	1.852203831076622009e-01
2.500000000000000052e-04	1.182368795234191305e-01	1.568317450582981110e-01	1.419429145753383636e-01
2.500000000000000052e-04	1.086935135005395597e-01	1.769728306680917740e-01	1.613763235509395599e-01
2.500000000000000052e-04	1.112263156454774415e-01	1.567179961130023003e-01	1.402296125888824463e-01
2.500000000000000052e-04	1.058769803258437087e-01	1.564751304686069489e-01	1.467594336718320847e-01
2.500000000000000052e-04	1.203422134718562936e-01	1.611939314752817154e-01	1.493311561644077301e-01
2.500000000000000052e-04	1.137300678352011901e-01	1.594698838889598846e-01	1.484261993318796158e-01
2.500000000000000052e-04	1.142124612874622636e-01	1.674903333187103271e-01	1.548360176384449005e-01
2.500000000000000052e-04	1.042520652843427070e-01	1.716618817299604416e-01	1.560192778706550598e-01
2.500000000000000052e-04	1.027374101590506628e-01	1.645072940737009048e-01	1.497032875195145607e-01
2.500000000000000052e-04	1.113793127521683912e-01	1.643576044589281082e-01	1.541124042123556137e-01
2.500000000000000052e-04	1.170288818546488252e-01	1.499890312552452087e-01	1.388227660208940506e-01
2.500000000000000052e-04	1.100776874094824276e-01	1.800853321328759193e-01	1.695783063769340515e-01
2.500000000000000052e-04	1.094504277917403151e-01	1.531611448153853416e-01	1.452672360464930534e-01
2.500000000000000052e-04	1.006498488632938532e-01	1.515330839902162552e-01	1.417635520920157433e-01
2.500000000000000052e-04	1.018343248604973716e-01	1.554677775129675865e-01	1.444425722584128380e-01
2.500000000000000052e-04	1.139911982832075704e-01	1.577428104355931282e-01	1.389987170696258545e-01
2.500000000000000052e-04	1.078849440511268909e-01	1.530587710440158844e-01	1.383868213742971420e-01
2.500000000000000052e-04	1.022004164943966648e-01	1.647640382871031761e-01	1.476722816005349159e-01
2.500000000000000052e-04	1.099246775236310814e-01	1.557569475844502449e-01	1.478136451914906502e-01
2.500000000000000052e-04	1.076027874988091104e-01	1.570795886218547821e-01	1.483894716948270798e-01
2.500000000000000052e-04	1.044123512280138166e-01	1.656296532601118088e-01	1.533107347786426544e-01
2.500000000000000052e-04	1.057924958818320937e-01	1.574828028678894043e-01	1.451710453256964684e-01
2.500000000000000052e-04	1.024724566200865966e-01	1.509533468633890152e-01	1.389709170907735825e-01
2.500000000000000052e-04	1.042955082522917382e-01	1.661835452541708946e-01	1.548431795090436935e-01
2.500000000000000052e-04	9.704029244146769595e-02	1.533289598301053047e-01	1.448336755856871605e-01
2.500000000000000052e-04	1.061590022489994345e-01	1.561256852000951767e-01	1.530744936317205429e-01
2.500000000000000052e-04	1.029245564360407317e-01	2.119178138673305511e-01	2.105863206088542938e-01
2.500000000000000052e-04	9.796636372427397488e-02	1.536588827148079872e-01	1.360029485076665878e-01
2.500000000000000052e-04	1.084479160040994206e-01	1.687878426164388657e-01	1.521100662648677826e-01
2.500000000000000052e-04	9.839329066910321164e-02	1.523064430803060532e-01	1.371027920395135880e-01
2.500000000000000052e-04	1.131249043760420431e-01	1.690692640841007233e-01	1.640029512345790863e-01
2.500000000000000052e-04	9.613627195358276367e-02	1.644930727779865265e-01	1.534818923100829124e-01
1.250000000000000026e-04	9.781997617852838944e-02	1.534342551603913307e-01	1.406588759273290634e-01
1.250000000000000026e-04	9.538431479772434274e-02	1.522158421576023102e-01	1.424022708088159561e-01
1.250000000000000026e-04	9.539619837946529401e-02	1.497397581115365028e-01	1.390274111181497574e-01
1.250000000000000026e-04	9.610014748346956681e-02	1.521173277869820595e-01	1.434164084494113922e-01
1.250000000000000026e-04	8.742170276332504597e-02	1.499956985935568810e-01	1.407902212813496590e-01
1.250000000000000026e-04	8.909192742614806260e-02	1.535007040947675705e-01	1.407084967941045761e-01
1.250000000000000026e-04	8.681404581175575230e-02	1.505954051390290260e-01	1.385300923138856888e-01
1.250000000000000026e-04	8.342279762595514181e-02	1.461919276043772697e-01	1.350887864828109741e-01
1.250000000000000026e-04	8.603662681541865420e-02	1.497024074196815491e-01	1.398361111059784889e-01
1.250000000000000026e-04	8.488318833369243310e-02	1.491466220468282700e-01	1.386701241135597229e-01
1.250000000000000026e-04	1.001645046981829573e-01	1.504998290911316872e-01	1.405857605859637260e-01
1.250000000000000026e-04	9.949516957696480368e-02	1.575479237362742424e-01	1.427492927759885788e-01
1.250000000000000026e-04	9.738154039730000100e-02	1.527715846896171570e-01	1.422673417255282402e-01
1.250000000000000026e-04	9.300111484112619231e-02	1.491855708882212639e-01	1.382632339373230934e-01
1.250000000000000026e-04	9.654970052121561452e-02	1.611111350357532501e-01	1.404123846441507339e-01
1.250000000000000026e-04	8.500536913170089748e-02	1.560069750994443893e-01	1.431847633793950081e-01
1.250000000000000026e-04	8.302539827514297810e-02	1.554991118609905243e-01	1.415729075670242310e-01
1.250000000000000026e-04	8.977870822330064060e-02	1.502470299601554871e-01	1.400483977049589157e-01
1.250000000000000026e-04	9.289320878967453898e-02	1.505949832499027252e-01	1.413493007421493530e-01
1.250000000000000026e-04	9.196058396674409996e-02	1.502940654754638672e-01	1.428409060463309288e-01
1.250000000000000026e-04	9.655614635801013090e-02	1.573114264756441116e-01	1.546234618872404099e-01
1.250000000000000026e-04	9.496217414359503506e-02	1.543836602941155434e-01	1.418394614011049271e-01
1.250000000000000026e-04	8.920232154711892070e-02	1.586441686376929283e-01	1.452905731275677681e-01
1.250000000000000026e-04	9.169904868814009180e-02	1.541239516809582710e-01	1.403050078079104424e-01
1.250000000000000026e-04	8.855489815903615225e-02	1.607263470068573952e-01	1.455097123980522156e-01
1.250000000000000026e-04	9.064008281389369925e-02	1.522410912439227104e-01	1.432127449661493301e-01
1.250000000000000026e-04	8.888902236955074920e-02	1.563499476760625839e-01	1.438322337344288826e-01
1.250000000000000026e-04	8.829000384747227870e-02	1.615565447136759758e-01	1.461419742554426193e-01
1.250000000000000026e-04	9.249611769484568369e-02	1.636189650744199753e-01	1.521529136225581169e-01
6.250000000000000130e-05	8.204731425341171835e-02	1.504621701315045357e-01	1.402070885524153709e-01
6.250000000000000130e-05	9.243597491066667116e-02	1.543948110193014145e-01	1.442293366417288780e-01
6.250000000000000130e-05	8.820371956953519665e-02	1.675519198179244995e-01	1.572524290531873703e-01
6.250000000000000130e-05	8.413114535469043420e-02	1.519862739369273186e-01	1.373218484222888947e-01
6.250000000000000130e-05	8.960522579241401997e-02	1.633601207286119461e-01	1.513519566506147385e-01
6.250000000000000130e-05	8.376286164680614432e-02	1.573164472356438637e-01	1.458918908610939980e-01
6.250000000000000130e-05	8.783111725992794050e-02	1.538948947563767433e-01	1.373154642060399055e-01
6.250000000000000130e-05	7.907030792741835679e-02	1.509061791002750397e-01	1.373375859111547470e-01
6.250000000000000130e-05	8.016034366586539950e-02	1.522610206156969070e-01	1.421118797734379768e-01
6.250000000000000130e-05	8.007763774146008096e-02	1.485399603843688965e-01	1.388629171997308731e-01
6.250000000000000130e-05	8.675648913353303793e-02	1.507487157359719276e-01	1.400528587400913239e-01
6.250000000000000130e-05	8.191816683245610464e-02	1.540271481499075890e-01	1.372570712119340897e-01
6.250000000000000130e-05	8.128453305439103938e-02	1.604236019775271416e-01	1.490120496600866318e-01
6.250000000000000130e-05	8.139601264950595272e-02	1.576277427375316620e-01	1.453770874068140984e-01
6.250000000000000130e-05	7.719265021195140242e-02	1.535826548933982849e-01	1.412369199097156525e-01
6.250000000000000130e-05	7.551319920752622150e-02	1.517462981864809990e-01	1.380931306630373001e-01
6.250000000000000130e-05	8.371855049759527323e-02	1.573860552161931992e-01	1.432986566796898842e-01
6.250000000000000130e-05	8.341719045103350438e-02	1.662871707230806351e-01	1.558644222095608711e-01
6.250000000000000130e-05	8.088583904731122542e-02	1.547623081132769585e-01	1.373876780271530151e-01
6.250000000000000130e-05	7.895483722603774401e-02	1.567986225709319115e-01	1.413613585755228996e-01
6.250000000000000130e-05	8.023635022153582930e-02	1.557667562738060951e-01	1.409566570073366165e-01
3.125000000000000065e-05	8.662416304968580116e-02	1.499733077362179756e-01	1.358438283205032349e-01
3.125000000000000065e-05	7.614445959842658374e-02	1.491135880351066589e-01	1.390491696074604988e-01
3.125000000000000065e-05	7.099952534595622977e-02	1.469266694039106369e-01	1.381537429988384247e-01
3.125000000000000065e-05	7.370894515438924932e-02	1.561893764883279800e-01	1.432928042486310005e-01
3.125000000000000065e-05	8.163711277744438444e-02	1.495263502001762390e-01	1.364542888477444649e-01
3.125000000000000065e-05	8.383996603138084425e-02	1.483059749007225037e-01	1.380766574293375015e-01
3.125000000000000065e-05	7.924233796664431617e-02	1.490116054192185402e-01	1.359192440286278725e-01
3.125000000000000065e-05	7.956982172931297004e-02	1.572106909006834030e-01	1.451244400814175606e-01
3.125000000000000065e-05	7.528613932147810994e-02	1.636088080704212189e-01	1.461337637156248093e-01
3.125000000000000065e-05	7.452349708993223631e-02	1.532017774879932404e-01	1.393185574561357498e-01
3.125000000000000065e-05	7.609484792698788247e-02	1.587141156196594238e-01	1.450486155226826668e-01
3.125000000000000065e-05	7.315320045321802023e-02	1.518771722912788391e-01	1.365544153377413750e-01
3.125000000000000065e-05	7.456611073281191326e-02	1.500253276899456978e-01	1.363333640620112419e-01
3.125000000000000065e-05	6.971524236134335473e-02	1.492920247837901115e-01	1.348718609660863876e-01
3.125000000000000065e-05	7.590608454391925553e-02	1.486834092065691948e-01	1.354428678750991821e-01
3.125000000000000065e-05	7.301892868325679520e-02	1.506130835041403770e-01	1.377193797379732132e-01
3.125000000000000065e-05	7.175947357959384931e-02	1.533842124044895172e-01	1.407149145379662514e-01
3.125000000000000065e-05	7.618222880778433015e-02	1.502519696950912476e-01	1.345309363678097725e-01
3.125000000000000065e-05	7.663105626272249948e-02	1.538647338747978210e-01	1.391885308548808098e-01
3.125000000000000065e-05	6.820582362669933008e-02	1.473828693851828575e-01	1.352620283141732216e-01
3.125000000000000065e-05	7.006655473120604327e-02	1.490617059171199799e-01	1.381654962897300720e-01
1.562500000000000033e-05	7.367114845333219697e-02	1.496550627052783966e-01	1.382668456062674522e-01
1.562500000000000033e-05	7.825972314310979117e-02	1.538103213533759117e-01	1.405173111706972122e-01
1.562500000000000033e-05	7.411543984862067891e-02	1.543193282559514046e-01	1.392515776678919792e-01
1.562500000000000033e-05	7.154138673898539913e-02	1.511489404365420341e-01	1.341436719521880150e-01
1.562500000000000033e-05	7.059070849909057643e-02	1.523566646501421928e-01	1.344748595729470253e-01
1.562500000000000033e-05	7.581369993807393626e-02	1.537764007225632668e-01	1.402767505496740341e-01
1.562500000000000033e-05	6.933079384078708052e-02	1.524932356551289558e-01	1.362207923084497452e-01
1.562500000000000033e-05	7.128780589828008496e-02	1.525840982794761658e-01	1.414982415735721588e-01
1.562500000000000033e-05	6.801762839755680357e-02	1.512966426089406013e-01	1.347222849726676941e-01
1.562500000000000033e-05	6.729367422529414222e-02	1.473266128450632095e-01	1.331722792237997055e-01
1.562500000000000033e-05	7.346219147402274774e-02	1.580135487020015717e-01	1.425923714414238930e-01
1.562500000000000033e-05	7.508652808168266024e-02	1.663067247718572617e-01	1.505632065236568451e-01
1.562500000000000033e-05	7.050483176319659318e-02	1.531979506835341454e-01	1.370958797633647919e-01
1.562500000000000033e-05	6.640616476630108178e-02	1.489378232508897781e-01	1.352060623466968536e-01
1.562500000000000033e-05	7.576026956114588484e-02	1.573451086878776550e-01	1.404300881549715996e-01
1.562500000000000033e-05	7.551566879206066119e-02	1.641309410333633423e-01	1.495826719328761101e-01
1.562500000000000033e-05	6.745980267377593709e-02	1.584194758906960487e-01	1.406986275687813759e-01
1.562500000000000033e-05	7.822883157413217103e-02	1.545507283881306648e-01	1.404806664213538170e-01
1.562500000000000033e-05	6.915022043770627236e-02	1.543255494907498360e-01	1.374386446550488472e-01
1.562500000000000033e-05	7.100136066445067451e-02	1.502235382795333862e-01	1.362575953826308250e-01
1.562500000000000033e-05	7.657607102507277275e-02	1.565429307520389557e-01	1.418366897851228714e-01
7.812500000000000163e-06	7.124708555167234836e-02	1.496703438460826874e-01	1.388006722554564476e-01
7.812500000000000163e-06	6.818173637118520036e-02	1.514715040102601051e-01	1.361448336392641068e-01
7.812500000000000163e-06	7.659722529823266568e-02	1.542641101405024529e-01	1.362379519268870354e-01
7.812500000000000163e-06	6.945129201004776598e-02	1.565549774095416069e-01	1.376459682360291481e-01
7.812500000000000163e-06	7.489820977649357114e-02	1.556651107966899872e-01	1.380764720961451530e-01
7.812500000000000163e-06	6.875312391998647521e-02	1.559134740382432938e-01	1.452600257471203804e-01
7.812500000000000163e-06	6.568467178488079927e-02	1.559766521677374840e-01	1.405589208006858826e-01
7.812500000000000163e-06	7.531112998346739529e-02	1.528434520587325096e-01	1.368133323267102242e-01
7.812500000000000163e-06	7.380822381075424765e-02	1.563107771798968315e-01	1.406499287113547325e-01
7.812500000000000163e-06	7.402642528656162846e-02	1.599968802183866501e-01	1.421327646821737289e-01
7.812500000000000163e-06	6.873598440161234058e-02	1.519000520929694176e-01	1.380682690069079399e-01
7.812500000000000163e-06	7.465371701724921039e-02	1.540849804878234863e-01	1.381339905783534050e-01
7.812500000000000163e-06	6.894163127186932194e-02	1.650192523375153542e-01	1.463357973843812943e-01
7.812500000000000163e-06	7.531917802517927585e-02	1.498205875977873802e-01	1.376221785321831703e-01
7.812500000000000163e-06	7.412045142507250883e-02	1.560457600280642509e-01	1.428610691800713539e-01
7.812500000000000163e-06	7.285950304586676085e-02	1.508908700197935104e-01	1.379263345152139664e-01
7.812500000000000163e-06	7.074094469411464081e-02	1.576833063736557961e-01	1.418774863705039024e-01
7.812500000000000163e-06	7.230405457600762309e-02	1.504252776503562927e-01	1.358980443328619003e-01
7.812500000000000163e-06	6.913588401165944586e-02	1.535971257835626602e-01	1.361722303554415703e-01
7.812500000000000163e-06	7.326682081705407357e-02	1.607237104326486588e-01	1.500627752393484116e-01
7.812500000000000163e-06	7.188432352452338303e-02	1.536563904955983162e-01	1.366364667192101479e-01
3.906250000000000081e-06	6.924456499422652900e-02	1.516246339306235313e-01	1.350568383932113647e-01
3.906250000000000081e-06	7.211437135274652299e-02	1.561040170490741730e-01	1.378215076401829720e-01
3.906250000000000081e-06	7.726704546167881271e-02	1.549938498064875603e-01	1.442665718495845795e-01
3.906250000000000081e-06	6.690496555234812237e-02	1.518509862944483757e-01	1.362461354583501816e-01
3.906250000000000081e-06	6.970080610694764922e-02	1.535605015233159065e-01	1.406918307766318321e-01
3.906250000000000081e-06	7.056794475905503461e-02	1.536955703049898148e-01	1.371470065787434578e-01
3.906250000000000081e-06	7.018362589274780572e-02	1.522523779422044754e-01	1.392712006345391273e-01
3.906250000000000081e-06	7.664273655678652264e-02	1.499229604378342628e-01	1.349100889638066292e-01
3.906250000000000081e-06	6.848548656871801532e-02	1.510332310572266579e-01	1.376612829044461250e-01
3.906250000000000081e-06	7.146503406140623793e-02	1.617403095588088036e-01	1.489989859983325005e-01
3.906250000000000081e-06	7.227958144643638339e-02	1.578744295984506607e-01	1.426482079550623894e-01
3.906250000000000081e-06	8.029149548162388406e-02	1.537999305874109268e-01	1.421915106475353241e-01
3.906250000000000081e-06	6.509615803915488885e-02	1.524807857349514961e-01	1.384673835709691048e-01
3.906250000000000081e-06	7.247965217013901951e-02	1.499832123517990112e-01	1.353890625759959221e-01
3.906250000000000081e-06	7.074137579036664236e-02	1.531649827957153320e-01	1.370051847770810127e-01
3.906250000000000081e-06	6.985933083710790803e-02	1.596859572455286980e-01	1.422307211905717850e-01
3.906250000000000081e-06	7.258194260582138957e-02	1.563412398099899292e-01	1.433464707806706429e-01
3.906250000000000081e-06	6.715453354806839859e-02	1.493055429309606552e-01	1.348422821611166000e-01
3.906250000000000081e-06	7.530641914168491324e-02	1.507448013871908188e-01	1.365905245766043663e-01
3.906250000000000081e-06	6.976848911446860424e-02	1.514139696955680847e-01	1.386040775105357170e-01
3.906250000000000081e-06	7.354032828272143163e-02	1.599274892359972000e-01	1.470193210989236832e-01
1.953125000000000041e-06	7.212747921106181515e-02	1.542111327871680260e-01	1.361050540581345558e-01
1.953125000000000041e-06	7.494432396620889780e-02	1.675276737660169601e-01	1.487050577998161316e-01
1.953125000000000041e-06	6.661192959622491694e-02	1.519993608817458153e-01	1.395244766026735306e-01
1.953125000000000041e-06	7.437900133148024617e-02	1.680291686207056046e-01	1.497686412185430527e-01
1.953125000000000041e-06	6.933172936020773336e-02	1.547754770144820213e-01	1.406414005905389786e-01
1.953125000000000041e-06	6.628221209762216737e-02	1.527526192367076874e-01	1.384691037237644196e-01
1.953125000000000041e-06	7.264668360069582997e-02	1.598064396530389786e-01	1.382174808531999588e-01
1.953125000000000041e-06	8.063790668980984344e-02	1.635332182049751282e-01	1.494195880368351936e-01
1.953125000000000041e-06	7.641409764278538075e-02	1.628702795132994652e-01	1.476136930286884308e-01
1.953125000000000041e-06	6.851425891907154953e-02	1.514905849471688271e-01	1.372165279462933540e-01
1.953125000000000041e-06	7.265456148152109328e-02	1.583424080163240433e-01	1.401767367497086525e-01
1.953125000000000041e-06	6.780617436559140121e-02	1.486426638439297676e-01	1.369202276691794395e-01
1.953125000000000041e-06	7.026116175081910387e-02	1.555262580513954163e-01	1.411693971604108810e-01
1.953125000000000041e-06	7.628436200320720673e-02	1.495971148833632469e-01	1.379702817648649216e-01
1.953125000000000041e-06	6.705439114306546711e-02	1.526243500411510468e-01	1.408327659592032433e-01
1.953125000000000041e-06	6.530947261784650348e-02	1.523779192939400673e-01	1.375072365626692772e-01
1.953125000000000041e-06	6.940285272047488907e-02	1.582594541832804680e-01	1.455946387723088264e-01
1.953125000000000041e-06	7.085360459323171434e-02	1.623012023046612740e-01	1.469120392575860023e-01
1.953125000000000041e-06	7.035507271184196498e-02	1.647925097495317459e-01	1.497371383011341095e-01
1.953125000000000041e-06	6.572796550544002248e-02	1.557197105139493942e-01	1.357528250664472580e-01
1.953125000000000041e-06	6.639461813470985685e-02	1.633444707840681076e-01	1.484610969200730324e-01
9.765625000000000203e-07	7.166789479176455258e-02	1.598663916811347008e-01	1.429183827713131905e-01
9.765625000000000203e-07	7.106985135263280129e-02	1.571593433618545532e-01	1.432715440168976784e-01
9.765625000000000203e-07	6.715728875391091535e-02	1.551487548276782036e-01	1.413601189851760864e-01
9.765625000000000203e-07	6.945168269397336558e-02	1.585042439401149750e-01	1.419572466984391212e-01
9.765625000000000203e-07	6.473263239935983515e-02	1.514465129002928734e-01	1.365632088854908943e-01
9.765625000000000203e-07	7.128345254289952804e-02	1.512643331661820412e-01	1.404053224250674248e-01
9.765625000000000203e-07	7.412800169255159832e-02	1.632945528253912926e-01	1.469681700691580772e-01
9.765625000000000203e-07	6.985973958161813269e-02	1.543096471577882767e-01	1.354291969910264015e-01
9.765625000000000203e-07	6.879844096831128075e-02	1.592206172645092010e-01	1.406505601480603218e-01
9.765625000000000203e-07	6.443225703190398612e-02	1.486771190539002419e-01	1.345610646530985832e-01
9.765625000000000203e-07	7.319563580087468102e-02	1.611464917659759521e-01	1.471109669655561447e-01
9.765625000000000203e-07	7.676476112838033494e-02	1.515747578814625740e-01	1.375786829739809036e-01
9.765625000000000203e-07	6.951950306567965254e-02	1.551798265427350998e-01	1.409580912441015244e-01
9.765625000000000203e-07	7.620233985819394040e-02	1.526156645268201828e-01	1.362990383058786392e-01
9.765625000000000203e-07	7.024861527960511720e-02	1.577516421675682068e-01	1.410936480388045311e-01
9.765625000000000203e-07	7.166850514992882670e-02	1.606785971671342850e-01	1.478743832558393478e-01
9.765625000000000203e-07	7.235674701536758124e-02	1.561515703797340393e-01	1.375566218048334122e-01
9.765625000000000203e-07	7.406207287236105108e-02	1.494361851364374161e-01	1.358138686046004295e-01
9.765625000000000203e-07	7.784068530213229808e-02	1.563403466716408730e-01	1.429533632472157478e-01
9.765625000000000203e-07	6.752404735624036036e-02	1.556108370423316956e-01	1.395496362820267677e-01
9.765625000000000203e-07	6.987349396642250632e-02	1.570760495960712433e-01	1.422726651653647423e-01
4.882812500000000102e-07	7.059159971585002302e-02	1.474300893023610115e-01	1.354011204093694687e-01
4.882812500000000102e-07	7.587783503098578797e-02	1.628346694633364677e-01	1.505501363426446915e-01
4.882812500000000102e-07	7.169009410316430631e-02	1.563719324767589569e-01	1.394771477207541466e-01
4.882812500000000102e-07	6.811752200975448868e-02	1.523925131186842918e-01	1.395157920196652412e-01
4.882812500000000102e-07	6.658110715731789531e-02	1.512350011616945267e-01	1.345323137938976288e-01
4.882812500000000102e-07	7.030359533014177154e-02	1.496513662859797478e-01	1.379321552813053131e-01
4.882812500000000102e-07	7.371126869811286952e-02	1.591669386252760887e-01	1.448028935119509697e-01
4.882812500000000102e-07	6.840161689191678884e-02	1.525043742731213570e-01	1.392343752086162567e-01
4.882812500000000102e-07	6.416677893434144520e-02	1.528092613443732262e-01	1.380599839612841606e-01
4.882812500000000102e-07	7.056933556553683651e-02	1.534005627036094666e-01	1.369823487475514412e-01
4.882812500000000102e-07	7.127602752062338343e-02	1.502447510138154030e-01	1.372352968901395798e-01
4.882812500000000102e-07	6.709116034775594595e-02	1.526462081819772720e-01	1.386921526864171028e-01
4.882812500000000102e-07	7.206639869115021024e-02	1.514162700623273849e-01	1.358349975198507309e-01
4.882812500000000102e-07	7.203498808077618554e-02	1.544143157079815865e-01	1.406978368759155273e-01
4.882812500000000102e-07	7.155328328850903141e-02	1.504700127989053726e-01	1.351437829434871674e-01
4.882812500000000102e-07	7.128892945054965402e-02	1.516477782279253006e-01	1.398151265457272530e-01
4.882812500000000102e-07	6.488980664105355178e-02	1.523978728801012039e-01	1.377325989305973053e-01
4.882812500000000102e-07	6.569521626622616683e-02	1.498339269310235977e-01	1.337987435981631279e-01
4.882812500000000102e-07	7.428629479453532913e-02	1.570585835725069046e-01	1.429992206394672394e-01
4.882812500000000102e-07	7.300154308352289900e-02	1.548163862898945808e-01	1.367774978280067444e-01
4.882812500000000102e-07	7.371493254469919931e-02	1.529268929734826088e-01	1.369498949497938156e-01
2.441406250000000051e-07	6.999997205183475235e-02	1.508775837719440460e-01	1.386301508173346519e-01
2.441406250000000051e-07	6.839438768315918293e-02	1.550434119999408722e-01	1.361698620021343231e-01
2.441406250000000051e-07	7.324860237916058781e-02	1.541646113619208336e-01	1.398123130202293396e-01
2.441406250000000051e-07	7.108463495498217044e-02	1.523179477080702782e-01	1.387651925906538963e-01
2.441406250000000051e-07	7.701739822101744126e-02	1.517556095495820045e-01	1.375264991074800491e-01
2.441406250000000051e-07	7.081006924751438725e-02	1.541242813691496849e-01	1.387670030817389488e-01
2.441406250000000051e-07	6.508953890562811651e-02	1.478930488228797913e-01	1.343043809756636620e-01
2.441406250000000051e-07	6.761824544754964361e-02	1.487170672044157982e-01	1.365367127582430840e-01
2.441406250000000051e-07	6.939382742665990700e-02	1.493838373571634293e-01	1.339024091139435768e-01
2.441406250000000051e-07	6.806515416578401423e-02	1.507282266393303871e-01	1.366486912593245506e-01
2.441406250000000051e-07	7.058968272390245269e-02	1.565142152830958366e-01	1.425230642780661583e-01
