1.000000000000000021e-03	6.880091236361974838e-01	6.815283447504043579e-01	7.165192663669586182e-01
1.000000000000000021e-03	4.820734047437015835e-01	8.794191405177116394e-01	8.928950577974319458e-01
1.000000000000000021e-03	4.480066129678412223e-01	4.577312543988227844e-01	5.028458759188652039e-01
1.000000000000000021e-03	4.288612781446191069e-01	4.417704455554485321e-01	4.746054820716381073e-01
1.000000000000000021e-03	4.267763397361658551e-01	1.465289771556854248e+00	1.414887741208076477e+00
1.000000000000000021e-03	4.108674533759491543e-01	4.856324903666973114e-01	5.228936113417148590e-01
1.000000000000000021e-03	3.970235361705852228e-01	4.299754239618778229e-01	4.558573402464389801e-01
1.000000000000000021e-03	3.980746967128560576e-01	5.195097513496875763e-01	5.487864986062049866e-01
1.000000000000000021e-03	3.865024915224389290e-01	4.066978991031646729e-01	4.337095618247985840e-01
1.000000000000000021e-03	3.885291426242152291e-01	4.541586749255657196e-01	4.664209932088851929e-01
1.000000000000000021e-03	3.665254910158205481e-01	8.404060155153274536e-01	8.255782276391983032e-01
1.000000000000000021e-03	3.678961794210385827e-01	3.944717757403850555e-01	4.011056646704673767e-01
1.000000000000000021e-03	3.647080790015715390e-01	3.645704276859760284e-01	4.040900282561779022e-01
1.000000000000000021e-03	3.469706943517998909e-01	5.047950893640518188e-01	5.110857486724853516e-01
1.000000000000000021e-03	3.660419321135629511e-01	5.877675935626029968e-01	5.740574859082698822e-01
1.000000000000000021e-03	3.717574399860599232e-01	7.053178995847702026e-01	7.066260352730751038e-01
1.000000000000000021e-03	3.491450410477722754e-01	4.644636921584606171e-01	5.015411339700222015e-01
1.000000000000000021e-03	3.392183160102820172e-01	4.190528206527233124e-01	4.527352787554264069e-01
1.000000000000000021e-03	3.342049800896946254e-01	1.415078714489936829e+00	1.384980455040931702e+00
1.000000000000000021e-03	3.402874550864666281e-01	3.603612966835498810e-01	4.079087115824222565e-01
1.000000000000000021e-03	3.289507685960093575e-01	4.704363383352756500e-01	4.956019893288612366e-01
1.000000000000000021e-03	3.155874095008343039e-01	3.169485908001661301e-01	3.311608433723449707e-01
1.000000000000000021e-03	3.324468679065945564e-01	3.230065926909446716e-01	3.577840626239776611e-01
1.000000000000000021e-03	3.404780226417734590e-01	4.438757896423339844e-01	4.740198142826557159e-01
1.000000000000000021e-03	3.294286842964872508e-01	3.701640106737613678e-01	3.880759887397289276e-01
1.000000000000000021e-03	3.185430048387261626e-01	3.923035338521003723e-01	4.245653599500656128e-01
1.000000000000000021e-03	3.022507242386854309e-01	5.293905474245548248e-01	5.597777143120765686e-01
1.000000000000000021e-03	3.219974093799349846e-01	3.386523760855197906e-01	3.772039562463760376e-01
1.000000000000000021e-03	3.142529292197167035e-01	3.851586692035198212e-01	4.617377743124961853e-01
1.000000000000000021e-03	2.866590371992014386e-01	1.825028017163276672e+00	1.801041543483734131e+00
1.000000000000000021e-03	2.778265398891666127e-01	1.328191623091697693e+00	1.319167643785476685e+00
1.000000000000000021e-03	3.016817613115793661e-01	5.326299108564853668e-01	5.505135804414749146e-01
1.000000000000000021e-03	2.746125033384637093e-01	2.795295901596546173e-01	2.695526555180549622e-01
1.000000000000000021e-03	2.676592669155024029e-01	2.493662983179092407e-01	2.375204358249902725e-01
1.000000000000000021e-03	2.643618112123465314e-01	3.247192259877920151e-01	3.378283381462097168e-01
1.000000000000000021e-03	2.724671573201312147e-01	3.599584326148033142e-01	3.650726340711116791e-01
1.000000000000000021e-03	2.579979424989676251e-01	3.045028783380985260e-01	2.974177971482276917e-01
1.000000000000000021e-03	2.682156300620187617e-01	2.649189513176679611e-01	2.565925382077693939e-01
1.000000000000000021e-03	2.636177536052993764e-01	5.413884073495864868e-01	6.166656091809272766e-01
1.000000000000000021e-03	2.681956585449508657e-01	4.579048603773117065e-01	4.448235258460044861e-01
1.000000000000000021e-03	2.620970793539964538e-01	3.877362608909606934e-01	3.758004419505596161e-01
1.000000000000000021e-03	2.514093916250180749e-01	2.018766537308692932e+00	1.949484035372734070e+00
1.000000000000000021e-03	2.411004757579368885e-01	2.854433879256248474e-01	2.856817021965980530e-01
1.000000000000000021e-03	2.313738753901252165e-01	4.594406485557556152e-01	4.711602739989757538e-01
1.000000000000000021e-03	2.454224008170864113e-01	2.434675563126802444e-01	2.635500319302082062e-01
1.000000000000000021e-03	2.270250950433030934e-01	2.631271723657846451e-01	2.632787376642227173e-01
1.000000000000000021e-03	2.411600675763963253e-01	2.778029777109622955e-01	2.630270179361104965e-01
1.000000000000000021e-03	2.393802282742307219e-01	3.198305591940879822e-01	3.218820951879024506e-01
1.000000000000000021e-03	2.363435629802414228e-01	6.351527720689773560e-01	6.273405700922012329e-01
1.000000000000000021e-03	2.390783823366406657e-01	2.954641003161668777e-01	2.954839151352643967e-01
1.000000000000000021e-03	2.315194217275969579e-01	2.234914582222700119e-01	2.262677215039730072e-01
1.000000000000000021e-03	2.400538952478879495e-01	3.083792421966791153e-01	3.014743141829967499e-01
1.000000000000000021e-03	2.333785251160211127e-01	2.361016403883695602e-01	2.234723828732967377e-01
1.000000000000000021e-03	2.399197532029091473e-01	2.418618481606245041e-01	2.337781023234128952e-01
1.000000000000000021e-03	2.257722816135309951e-01	2.140421923249959946e-01	1.946532521396875381e-01
1.000000000000000021e-03	2.289778671309917746e-01	2.544309437274932861e+00	2.438855499029159546e+00
1.000000000000000021e-03	2.272463465415978656e-01	2.292379606515169144e-01	2.249533142894506454e-01
1.000000000000000021e-03	2.301275809354419999e-01	2.362798526883125305e-01	2.177848648279905319e-01
1.000000000000000021e-03	2.304943249195436916e-01	3.336364738643169403e-01	3.280694000422954559e-01
1.000000000000000021e-03	2.203525758430927572e-01	4.320089109241962433e-01	4.339840635657310486e-01
1.000000000000000021e-03	2.230220023023931353e-01	3.030793331563472748e-01	3.045666366815567017e-01
1.000000000000000021e-03	2.207916531758972456e-01	3.921431265771389008e-01	3.816539421677589417e-01
1.000000000000000021e-03	2.162456642600554535e-01	2.472290880978107452e-01	2.447079308331012726e-01
1.000000000000000021e-03	2.012559164173995385e-01	2.567134685814380646e-01	2.658588215708732605e-01
1.000000000000000021e-03	2.124799979449827347e-01	2.523775398731231689e-01	2.479634489864110947e-01
1.000000000000000021e-03	2.129209256624873814e-01	2.247550040483474731e-01	2.238720525056123734e-01
1.000000000000000021e-03	2.228627752842782528e-01	2.361129224300384521e-01	2.277782876044511795e-01
1.000000000000000021e-03	1.959873705725126702e-01	2.502291239798069000e-01	2.270802371203899384e-01
1.000000000000000021e-03	1.955613058201874366e-01	2.213525604456663132e-01	2.124923653900623322e-01
1.000000000000000021e-03	2.099960344501688447e-01	2.320568077266216278e-01	2.338477261364459991e-01
1.000000000000000021e-03	1.984964412978932891e-01	4.310199730098247528e-01	4.162123277783393860e-01
1.000000000000000021e-03	2.046448793026465485e-01	2.241332493722438812e-01	2.176779415458440781e-01
1.000000000000000021e-03	2.027190577568887264e-01	2.933236807584762573e-01	3.052505590021610260e-01
1.000000000000000021e-03	2.084051964780952448e-01	4.820889309048652649e-01	4.776852801442146301e-01
1.000000000000000021e-03	2.249749548073056438e-01	2.257138658314943314e-01	2.382103502750396729e-01
1.000000000000000021e-03	1.964559998316100786e-01	2.253433559089899063e-01	2.279164269566535950e-01
5.000000000000000104e-04	1.712608555261092846e-01	1.738564120605587959e-01	1.824814071878790855e-01
5.000000000000000104e-04	1.665754874673070762e-01	2.057924922555685043e-01	2.113183531910181046e-01
5.000000000000000104e-04	1.824240647727930209e-01	1.810686755925416946e-01	1.851964555680751801e-01
5.000000000000000104e-04	1.677662818869457839e-01	1.683419542387127876e-01	1.710473876446485519e-01
5.000000000000000104e-04	1.660111445603491276e-01	1.711383536458015442e-01	1.761903986334800720e-01
5.000000000000000104e-04	1.644500186548957243e-01	2.137200422585010529e-01	2.321464754641056061e-01
5.000000000000000104e-04	1.615803600112094285e-01	2.103075888007879257e-01	2.208657059818506241e-01
5.000000000000000104e-04	1.575840991697733950e-01	1.896235477179288864e-01	1.835990846157073975e-01
5.000000000000000104e-04	1.580630004217352946e-01	1.582900434732437134e-01	1.617679763585329056e-01
5.000000000000000104e-04	1.691640699400177583e-01	1.975813470780849457e-01	1.974286027252674103e-01
5.000000000000000104e-04	1.606792629330973110e-01	1.918132342398166656e-01	1.757392371073365211e-01
5.000000000000000104e-04	1.657100573559350531e-01	2.026304509490728378e-01	1.975139304995536804e-01
5.000000000000000104e-04	1.659469256484055744e-01	2.067681029438972473e-01	2.011478543281555176e-01
5.000000000000000104e-04	1.590080622442160974e-01	2.847575545310974121e-01	2.858051452785730362e-01
5.000000000000000104e-04	1.552099541206903022e-01	1.857132241129875183e-01	1.709293406456708908e-01
5.000000000000000104e-04	1.468010673040076042e-01	3.385468795895576477e-01	3.554443456232547760e-01
5.000000000000000104e-04	1.568990430877178488e-01	2.148550581187009811e-01	2.060103341937065125e-01
5.000000000000000104e-04	1.400989764664746506e-01	1.723492061719298363e-01	1.723613645881414413e-01
5.000000000000000104e-04	1.610682520873938928e-01	1.714355265721678734e-01	1.748631810769438744e-01
5.000000000000000104e-04	1.477568849355359593e-01	1.870646756142377853e-01	1.880447156727313995e-01
5.000000000000000104e-04	1.432532565314558470e-01	2.337562013417482376e-01	2.275906633585691452e-01
5.000000000000000104e-04	1.515106834188292284e-01	1.767393639311194420e-01	1.783278919756412506e-01
5.000000000000000104e-04	1.415585403012324106e-01	2.049237303435802460e-01	2.055165488272905350e-01
5.000000000000000104e-04	1.519431336016594525e-01	1.829966437071561813e-01	1.749731814488768578e-01
5.000000000000000104e-04	1.465800988334643729e-01	1.831560973078012466e-01	1.630378160625696182e-01
5.000000000000000104e-04	1.443579982541784434e-01	1.997495666146278381e-01	1.833211500197649002e-01
5.000000000000000104e-04	1.500509437880938601e-01	1.884826309978961945e-01	1.730531770735979080e-01
5.000000000000000104e-04	1.343803875431229811e-01	1.656396696344017982e-01	1.585441790521144867e-01
5.000000000000000104e-04	1.478393398508240919e-01	1.575886821374297142e-01	1.564841857179999352e-01
5.000000000000000104e-04	1.542509615987162075e-01	2.406288962811231613e-01	2.415411993861198425e-01
5.000000000000000104e-04	1.697530768151524760e-01	1.912701446563005447e-01	1.819867528975009918e-01
5.000000000000000104e-04	1.511776445409919734e-01	1.738196089863777161e-01	1.678777504712343216e-01
5.000000000000000104e-04	1.483944984553735580e-01	1.644286569207906723e-01	1.674762368202209473e-01
5.000000000000000104e-04	1.660897238533708131e-01	1.609074268490076065e-01	1.665355768054723740e-01
5.000000000000000104e-04	1.402047197275523849e-01	1.689340136945247650e-01	1.679538059979677200e-01
5.000000000000000104e-04	1.440449412676352570e-01	1.632187198847532272e-01	1.625957507640123367e-01
5.000000000000000104e-04	1.545906085756760528e-01	1.648790808394551277e-01	1.678263042122125626e-01
5.000000000000000104e-04	1.372871178237697609e-01	1.727862488478422165e-01	1.720690317451953888e-01
5.000000000000000104e-04	1.400260406581661232e-01	1.911556385457515717e-01	1.891389377415180206e-01
5.000000000000000104e-04	1.543375999678539279e-01	1.842443700879812241e-01	1.976827401667833328e-01
5.000000000000000104e-04	1.384520359054396410e-01	1.726354463025927544e-01	1.738325525075197220e-01
5.000000000000000104e-04	1.489449623453466265e-01	2.301063276827335358e-01	2.335955165326595306e-01
5.000000000000000104e-04	1.470996757285504275e-01	2.134803440421819687e-01	2.053214907646179199e-01
5.000000000000000104e-04	1.377096764649017036e-01	1.703165667131543159e-01	1.719866879284381866e-01
5.000000000000000104e-04	1.310506553589543266e-01	1.644937908276915550e-01	1.564211742952466011e-01
5.000000000000000104e-04	1.512063959542709057e-01	1.705173244699835777e-01	1.676173890009522438e-01
5.000000000000000104e-04	1.281153971824464943e-01	1.882655713707208633e-01	1.873869281262159348e-01
5.000000000000000104e-04	1.407026435378231632e-01	1.681231325492262840e-01	1.715377625077962875e-01
5.000000000000000104e-04	1.462389505173586624e-01	1.698203599080443382e-01	1.638679131865501404e-01
5.000000000000000104e-04	1.243198675256741159e-01	1.664461288601160049e-01	1.637141071259975433e-01
2.500000000000000052e-04	1.137216922508764855e-01	1.619261428713798523e-01	1.595463920384645462e-01
2.500000000000000052e-04	1.259386779009541435e-01	1.636859681457281113e-01	1.602507932111620903e-01
2.500000000000000052e-04	1.239363188985027897e-01	1.516085993498563766e-01	1.526470556855201721e-01
2.500000000000000052e-04	1.187899525784238963e-01	1.577667165547609329e-01	1.503851208835840225e-01
2.500000000000000052e-04	1.246491285819041617e-01	1.570760104805231094e-01	1.602681977674365044e-01
2.500000000000000052e-04	1.223253003215487994e-01	1.530790720134973526e-01	1.500613410025835037e-01
2.500000000000000052e-04	1.178880535254750034e-01	1.591662066057324409e-01	1.572497114539146423e-01
2.500000000000000052e-04	1.093664045292365439e-01	1.634638188406825066e-01	1.555789764970541000e-01
2.500000000000000052e-04	1.240776488203791106e-01	1.612224169075489044e-01	1.492183664813637733e-01
2.500000000000000052e-04	1.235385447080376842e-01	1.524999728426337242e-01	1.522099329158663750e-01
2.500000000000000052e-04	1.171627719473989637e-01	1.530614905059337616e-01	1.481613591313362122e-01
2.500000000000000052e-04	1.174476935139185246e-01	1.538844788447022438e-01	1.552206268534064293e-01
2.500000000000000052e-04	1.083496210601510856e-01	1.576603138819336891e-01	1.474224627017974854e-01
2.500000000000000052e-04	1.141096821314171866e-01	1.685702353715896606e-01	1.661078194156289101e-01
2.500000000000000052e-04	1.204179552725598845e-01	1.539740581065416336e-01	1.476536048576235771e-01
2.500000000000000052e-04	1.318675124947028821e-01	1.613241499289870262e-01	1.597578674554824829e-01
2.500000000000000052e-04	1.185986150669146172e-01	1.534731928259134293e-01	1.521866284310817719e-01
2.500000000000000052e-04	1.097195499777039451e-01	1.594076491892337799e-01	1.578255165368318558e-01
2.500000000000000052e-04	1.206804403587232594e-01	1.581828966736793518e-01	1.537952292710542679e-01
2.500000000000000052e-04	1.153943283082563692e-01	1.751432437449693680e-01	1.749991942197084427e-01
2.500000000000000052e-04	1.147680365586582624e-01	1.577296499162912369e-01	1.602294687181711197e-01
2.500000000000000052e-04	1.158240485606314291e-01	1.527746282517910004e-01	1.535259587690234184e-01
2.500000000000000052e-04	1.212390781957891905e-01	1.509651504456996918e-01	1.448095077648758888e-01
2.500000000000000052e-04	1.294412939231606996e-01	1.680520968511700630e-01	1.601185575127601624e-01
2.500000000000000052e-04	1.172075857278666866e-01	1.558333290740847588e-01	1.570214098319411278e-01
2.500000000000000052e-04	1.151732806635053785e-01	1.452947650104761124e-01	1.484850738197565079e-01
2.500000000000000052e-04	1.201725274890284023e-01	1.677240841090679169e-01	1.618197467178106308e-01
2.500000000000000052e-04	1.207200797109664187e-01	1.579638766124844551e-01	1.612428268417716026e-01
2.500000000000000052e-04	1.171678952589819689e-01	1.687342319637537003e-01	1.719332467764616013e-01
2.500000000000000052e-04	1.101818637851672833e-01	1.542081078514456749e-01	1.511210696771740913e-01
2.500000000000000052e-04	1.046138116736200774e-01	1.569110024720430374e-01	1.555400118231773376e-01
2.500000000000000052e-04	1.018966847111152652e-01	1.531035639345645905e-01	1.477635530754923820e-01
2.500000000000000052e-04	1.028451113666914718e-01	1.538211116567254066e-01	1.511171450838446617e-01
2.500000000000000052e-04	1.122641850592969309e-01	1.574186077341437340e-01	1.493570320308208466e-01
2.500000000000000052e-04	1.079020052676713942e-01	1.639782562851905823e-01	1.660512853413820267e-01
2.500000000000000052e-04	1.276353557087198110e-01	2.043628413230180740e-01	2.062681261450052261e-01
2.500000000000000052e-04	1.221436427175244255e-01	1.694592768326401711e-01	1.525993971154093742e-01
2.500000000000000052e-04	1.157043710633923750e-01	1.489604916423559189e-01	1.521598640829324722e-01
2.500000000000000052e-04	1.088278079523315872e-01	1.428077565506100655e-01	1.420999784022569656e-01
2.500000000000000052e-04	1.123621322780470333e-01	1.520252972841262817e-01	1.514498107135295868e-01
2.500000000000000052e-04	1.063596128097063359e-01	1.553586581721901894e-01	1.486786203458905220e-01
2.500000000000000052e-04	1.157119698539564867e-01	1.421615779399871826e-01	1.406816532835364342e-01
2.500000000000000052e-04	1.183256155610838967e-01	1.608934300020337105e-01	1.580113284289836884e-01
2.500000000000000052e-04	1.022023907567881362e-01	1.505892174318432808e-01	1.481156013906002045e-01
2.500000000000000052e-04	1.184148837493944756e-01	1.559121645987033844e-01	1.538834357634186745e-01
2.500000000000000052e-04	1.081845825891706026e-01	1.525381924584507942e-01	1.530421115458011627e-01
2.500000000000000052e-04	1.214112908685509168e-01	1.564072929322719574e-01	1.559805423021316528e-01
2.500000000000000052e-04	1.167405733862255240e-01	1.576294554397463799e-01	1.633187653496861458e-01
2.500000000000000052e-04	1.048196642364882247e-01	1.561599411070346832e-01	1.571259051561355591e-01
2.500000000000000052e-04	1.126410636720778097e-01	1.516202120110392570e-01	1.579565992578864098e-01
2.500000000000000052e-04	1.182096348250214063e-01	1.609690403565764427e-01	1.477069752290844917e-01
2.500000000000000052e-04	1.116982600356959121e-01	1.580070201307535172e-01	1.601693909615278244e-01
2.500000000000000052e-04	1.049590122567701928e-01	1.457919459789991379e-01	1.460452713072299957e-01
2.500000000000000052e-04	1.014298630666129186e-01	1.554487552493810654e-01	1.544326990842819214e-01
2.500000000000000052e-04	1.179595074227339085e-01	1.838017273694276810e-01	1.856908351182937622e-01
2.500000000000000052e-04	1.065430001744741145e-01	1.519537828862667084e-01	1.554820062592625618e-01
2.500000000000000052e-04	1.074290778252142836e-01	1.525592077523469925e-01	1.467385226860642433e-01
2.500000000000000052e-04	1.051489116176019672e-01	1.457535326480865479e-01	1.480128830298781395e-01
2.500000000000000052e-04	1.102362223724021179e-01	1.634760014712810516e-01	1.592830931767821312e-01
2.500000000000000052e-04	1.186508332155173373e-01	1.715400684624910355e-01	1.648998800665140152e-01
2.500000000000000052e-04	1.058991399086728902e-01	1.405991418287158012e-01	1.420185640454292297e-01
2.500000000000000052e-04	1.114003158445599773e-01	1.536335702985525131e-01	1.523043820634484291e-01
2.500000000000000052e-04	1.073270560348335706e-01	1.573264393955469131e-01	1.491744769737124443e-01
2.500000000000000052e-04	1.110080332035505296e-01	1.513238176703453064e-01	1.425572084262967110e-01
2.500000000000000052e-04	1.060175469404534415e-01	1.622887803241610527e-01	1.565352324396371841e-01
2.500000000000000052e-04	1.023414807889280465e-01	1.535962922498583794e-01	1.529095750302076340e-01
2.500000000000000052e-04	1.047449794751179331e-01	1.505287056788802147e-01	1.494571249932050705e-01
2.500000000000000052e-04	1.007188899984842595e-01	1.455894503742456436e-01	1.429078159853816032e-01
2.500000000000000052e-04	1.013501751932162215e-01	1.500345384702086449e-01	1.455068476498126984e-01
2.500000000000000052e-04	1.086706405010404441e-01	1.566021544858813286e-01	1.494379416108131409e-01
2.500000000000000052e-04	1.079976537465294761e-01	1.635711723938584328e-01	1.564365569502115250e-01
2.500000000000000052e-04	1.016234798427624042e-01	1.589150708168745041e-01	1.521989973261952400e-01
2.500000000000000052e-04	1.015321876900859982e-01	1.511597717180848122e-01	1.469593141227960587e-01
2.500000000000000052e-04	1.094267285794396916e-01	1.627350915223360062e-01	1.601543985307216644e-01
2.500000000000000052e-04	9.964757332507567789e-02	1.552174985408782959e-01	1.503157317638397217e-01
2.500000000000000052e-04	1.116528184259239637e-01	1.896851323544979095e-01	1.895226873457431793e-01
2.500000000000000052e-04	1.087146132147010363e-01	1.514704208821058273e-01	1.462039612233638763e-01
2.500000000000000052e-04	1.002163169787654434e-01	1.585101159289479256e-01	1.549416808411478996e-01
2.500000000000000052e-04	9.758036833586572478e-02	1.571948807686567307e-01	1.517396103590726852e-01
2.500000000000000052e-04	1.043716421515881315e-01	1.439754841849207878e-01	1.466392036527395248e-01
2.500000000000000052e-04	1.046086520994011365e-01	1.572712212800979614e-01	1.652065319940447807e-01
2.500000000000000052e-04	1.091278652318670717e-01	1.372903045266866684e-01	1.412736792117357254e-01
2.500000000000000052e-04	1.034500890328914346e-01	1.604735106229782104e-01	1.625730833038687706e-01
2.500000000000000052e-04	1.054678870530068174e-01	1.621737107634544373e-01	1.683103051036596298e-01
2.500000000000000052e-04	1.066304532504534358e-01	1.725598499178886414e-01	1.711025089025497437e-01
2.500000000000000052e-04	1.057100868489168899e-01	1.499335085973143578e-01	1.488851075991988182e-01
2.500000000000000052e-04	1.087598805846292788e-01	1.576251219958066940e-01	1.541639789938926697e-01
2.500000000000000052e-04	1.092072383889669124e-01	1.725557213649153709e-01	1.757971458137035370e-01
2.500000000000000052e-04	9.938308907837807571e-02	1.499176425859332085e-01	1.491647064685821533e-01
2.500000000000000052e-04	1.030721605484244130e-01	1.468635415658354759e-01	1.455137589946389198e-01
2.500000000000000052e-04	1.063987325075306523e-01	1.552724577486515045e-01	1.528401933610439301e-01
2.500000000000000052e-04	1.139499472949323799e-01	1.520832758396863937e-01	1.544717103242874146e-01
2.500000000000000052e-04	1.075672142301933726e-01	1.565741728991270065e-01	1.515980716794729233e-01
2.500000000000000052e-04	1.072796287510213997e-01	1.615757690742611885e-01	1.602960005402565002e-01
2.500000000000000052e-04	9.484245717714104296e-02	1.552738035097718239e-01	1.602888135239481926e-01
2.500000000000000052e-04	9.858437773736217213e-02	1.476437877863645554e-01	1.456567943096160889e-01
2.500000000000000052e-04	1.016457878713366292e-01	1.514493199065327644e-01	1.465502306818962097e-01
2.500000000000000052e-04	9.740235623490961503e-02	1.549724806100130081e-01	1.552658565342426300e-01
2.500000000000000052e-04	9.968258780014666032e-02	1.493265898898243904e-01	1.491837399080395699e-01
2.500000000000000052e-04	9.618447499373290743e-02	1.709689516574144363e-01	1.738057285547256470e-01
2.500000000000000052e-04	9.894800516246241018e-02	1.426692381501197815e-01	1.507755052298307419e-01
2.500000000000000052e-04	1.076829408448708170e-01	1.570225460454821587e-01	1.580130606889724731e-01
2.500000000000000052e-04	1.059238459396211474e-01	1.515433024615049362e-01	1.512703374028205872e-01
1.250000000000000026e-04	9.431767345795148694e-02	1.432667225599288940e-01	1.425985433161258698e-01
1.250000000000000026e-04	8.603760020076474391e-02	1.504754461348056793e-01	1.499655479565262794e-01
1.250000000000000026e-04	8.592508837014814493e-02	1.458162441849708557e-01	1.426844829693436623e-01
1.250000000000000026e-04	9.278492167403426527e-02	1.438981629908084869e-01	1.420300491154193878e-01
1.250000000000000026e-04	9.650537659284434688e-02	1.559014422819018364e-01	1.548499818891286850e-01
1.250000000000000026e-04	8.515457639211340690e-02	1.436389703303575516e-01	1.421413943171501160e-01
1.250000000000000026e-04	8.447222487081455788e-02	1.423684954643249512e-01	1.431270409375429153e-01
1.250000000000000026e-04	8.548894614169869066e-02	1.468968139961361885e-01	1.451900284737348557e-01
1.250000000000000026e-04	8.694061844409266271e-02	1.485517984256148338e-01	1.428953297436237335e-01
1.250000000000000026e-04	8.479459465870374524e-02	1.508167181164026260e-01	1.442712731659412384e-01
1.250000000000000026e-04	8.369347061726110926e-02	1.491529708728194237e-01	1.460070153698325157e-01
1.250000000000000026e-04	8.477950176294846152e-02	1.451540067791938782e-01	1.447005672380328178e-01
1.250000000000000026e-04	9.166046123527273048e-02	1.456748032942414284e-01	1.385959731414914131e-01
1.250000000000000026e-04	8.328045998947529449e-02	1.462891306728124619e-01	1.397123057395219803e-01
1.250000000000000026e-04	8.474056234088124528e-02	1.422724546864628792e-01	1.412032619118690491e-01
1.250000000000000026e-04	8.969923047513901626e-02	1.432290207594633102e-01	1.405117809772491455e-01
1.250000000000000026e-04	8.648052005262314712e-02	1.448578340932726860e-01	1.434133993461728096e-01
1.250000000000000026e-04	8.484751434077190957e-02	1.492011230438947678e-01	1.452747089788317680e-01
1.250000000000000026e-04	7.794711837851547864e-02	1.511307647451758385e-01	1.478478312492370605e-01
1.250000000000000026e-04	8.500650624119782117e-02	1.469721067696809769e-01	1.460370700806379318e-01
1.250000000000000026e-04	7.909270790936070994e-02	1.459079738706350327e-01	1.466026874259114265e-01
6.250000000000000130e-05	7.654607753399052250e-02	1.399412164464592934e-01	1.378939487040042877e-01
6.250000000000000130e-05	8.340963254435153351e-02	1.432727910578250885e-01	1.410071374848484993e-01
6.250000000000000130e-05	7.695929833416696730e-02	1.378596583381295204e-01	1.368758380413055420e-01
6.250000000000000130e-05	7.543489044602913474e-02	1.422517355531454086e-01	1.383056286722421646e-01
6.250000000000000130e-05	7.380447003848944476e-02	1.412037508562207222e-01	1.382075520232319832e-01
6.250000000000000130e-05	7.836645803874052463e-02	1.395659893751144409e-01	1.405921587720513344e-01
6.250000000000000130e-05	7.200603394568720617e-02	1.416702214628458023e-01	1.416211277246475220e-01
6.250000000000000130e-05	7.474556499266926668e-02	1.422798894345760345e-01	1.411801306530833244e-01
6.250000000000000130e-05	7.970563916465904508e-02	1.409906595945358276e-01	1.375039760023355484e-01
6.250000000000000130e-05	7.625184415639200963e-02	1.403693435713648796e-01	1.378558073192834854e-01
6.250000000000000130e-05	7.849539557023893499e-02	1.441089315339922905e-01	1.434926325455307961e-01
6.250000000000000130e-05	7.683911799347098448e-02	1.434536660090088844e-01	1.414717109873890877e-01
6.250000000000000130e-05	7.359005977647213592e-02	1.420710878446698189e-01	1.421671807765960693e-01
6.250000000000000130e-05	7.292695749032346297e-02	1.475349627435207367e-01	1.447106413543224335e-01
6.250000000000000130e-05	7.209967354996295319e-02	1.415654243901371956e-01	1.384430499747395515e-01
6.250000000000000130e-05	6.996151507843899331e-02	1.459497483447194099e-01	1.443133782595396042e-01
6.250000000000000130e-05	7.383197897314271174e-02	1.515321359038352966e-01	1.474808212369680405e-01
6.250000000000000130e-05	6.572985441624364100e-02	1.388670336455106735e-01	1.397323645651340485e-01
6.250000000000000130e-05	6.847671310924276222e-02	1.407598312944173813e-01	1.414512656629085541e-01
6.250000000000000130e-05	6.700290631078466286e-02	1.435504509136080742e-01	1.417359840124845505e-01
6.250000000000000130e-05	7.578900204146210573e-02	1.444509904831647873e-01	1.423330595716834068e-01
3.125000000000000065e-05	7.148109758390655544e-02	1.346638035029172897e-01	1.370999366044998169e-01
3.125000000000000065e-05	7.497560294179976548e-02	1.380391530692577362e-01	1.374981263652443886e-01
3.125000000000000065e-05	6.643880941445313992e-02	1.377348601818084717e-01	1.386269219219684601e-01
3.125000000000000065e-05	6.593189737464807965e-02	1.365550560876727104e-01	1.400660499930381775e-01
3.125000000000000065e-05	7.125370435511009515e-02	1.425204556435346603e-01	1.438374724239110947e-01
3.125000000000000065e-05	6.954090004857582663e-02	1.402697535231709480e-01	1.412134123966097832e-01
3.125000000000000065e-05	7.008471363518811725e-02	1.389092225581407547e-01	1.390347937121987343e-01
3.125000000000000065e-05	6.333185996435865273e-02	1.386091206222772598e-01	1.385095100849866867e-01
3.125000000000000065e-05	7.205357072474080637e-02	1.374709792435169220e-01	1.408955035731196404e-01
3.125000000000000065e-05	6.107573642666581232e-02	1.387320207431912422e-01	1.426944984123110771e-01
3.125000000000000065e-05	7.481883178594746220e-02	1.418614778667688370e-01	1.428188458085060120e-01
3.125000000000000065e-05	6.611934719206410960e-02	1.379534751176834106e-01	1.407461054623126984e-01
3.125000000000000065e-05	6.460342315744750652e-02	1.365037001669406891e-01	1.389434132725000381e-01
3.125000000000000065e-05	6.784979409620731094e-02	1.409885659813880920e-01	1.392590757459402084e-01
3.125000000000000065e-05	6.468913902210284006e-02	1.429137373343110085e-01	1.386160207912325859e-01
3.125000000000000065e-05	6.789906964271882894e-02	1.400845749303698540e-01	1.384476302191615105e-01
3.125000000000000065e-05	6.153400364933134942e-02	1.415087841451168060e-01	1.373011395335197449e-01
3.125000000000000065e-05	6.623428659159925902e-02	1.409030426293611526e-01	1.384715838357806206e-01
3.125000000000000065e-05	6.685663299941563276e-02	1.491994336247444153e-01	1.466676155105233192e-01
3.125000000000000065e-05	6.720592010813424000e-02	1.421886608004570007e-01	1.414955640211701393e-01
3.125000000000000065e-05	6.526393207568156885e-02	1.454825438559055328e-01	1.432784320786595345e-01
3.125000000000000065e-05	6.434012555717667781e-02	1.401695189997553825e-01	1.372801624238491058e-01
1.562500000000000033e-05	6.177110790829114934e-02	1.387094827368855476e-01	1.365376822650432587e-01
1.562500000000000033e-05	5.999392957155463141e-02	1.405113292858004570e-01	1.377897243946790695e-01
1.562500000000000033e-05	6.357862866377528288e-02	1.391900274902582169e-01	1.391888028010725975e-01
1.562500000000000033e-05	7.174691793662082984e-02	1.459778863936662674e-01	1.451862864196300507e-01
1.562500000000000033e-05	5.971345291296138030e-02	1.382842827588319778e-01	1.391373733058571815e-01
1.562500000000000033e-05	6.519774887475031366e-02	1.393510866910219193e-01	1.389201767742633820e-01
1.562500000000000033e-05	6.823877957236917924e-02	1.409055627882480621e-01	1.424041735008358955e-01
1.562500000000000033e-05	6.254228284653229331e-02	1.372689930722117424e-01	1.375608434900641441e-01
1.562500000000000033e-05	6.593137182578255595e-02	1.388313900679349899e-01	1.386857274919748306e-01
1.562500000000000033e-05	6.392192958465105213e-02	1.440660888329148293e-01	1.431716699153184891e-01
1.562500000000000033e-05	6.294482889809185910e-02	1.383467353880405426e-01	1.389245633035898209e-01
1.562500000000000033e-05	6.603869317170185660e-02	1.388688888400793076e-01	1.398458601906895638e-01
1.562500000000000033e-05	6.381126165484325707e-02	1.387181729078292847e-01	1.400221614167094231e-01
1.562500000000000033e-05	6.135869285539735651e-02	1.398685956373810768e-01	1.364787761121988297e-01
1.562500000000000033e-05	6.435488607687285534e-02	1.374068399891257286e-01	1.392995864152908325e-01
1.562500000000000033e-05	6.756240685906590715e-02	1.409004693850874901e-01	1.416504438966512680e-01
1.562500000000000033e-05	6.402372870641419300e-02	1.391919655725359917e-01	1.380421612411737442e-01
1.562500000000000033e-05	6.036356100930443530e-02	1.452504349872469902e-01	1.377532929182052612e-01
1.562500000000000033e-05	6.762323764306080176e-02	1.446261163800954819e-01	1.407180828973650932e-01
1.562500000000000033e-05	5.813362635672092438e-02	1.403989689424633980e-01	1.413689265027642250e-01
1.562500000000000033e-05	6.791955758404882859e-02	1.395294750109314919e-01	1.425007870420813560e-01
7.812500000000000163e-06	5.958224955616118340e-02	1.378047941252589226e-01	1.367726754397153854e-01
7.812500000000000163e-06	6.586382667758042264e-02	1.396677494049072266e-01	1.394232818856835365e-01
7.812500000000000163e-06	6.348023565981207594e-02	1.391408611088991165e-01	1.360860299319028854e-01
7.812500000000000163e-06	5.921118411742433418e-02	1.404936062172055244e-01	1.412915615364909172e-01
7.812500000000000163e-06	6.188184890565993218e-02	1.397366961464285851e-01	1.401209700852632523e-01
7.812500000000000163e-06	6.851526500680778231e-02	1.592231560498476028e-01	1.552201043814420700e-01
7.812500000000000163e-06	6.283003568083425638e-02	1.395344901829957962e-01	1.393360225483775139e-01
7.812500000000000163e-06	5.752177432745318036e-02	1.394966877996921539e-01	1.394495153799653053e-01
7.812500000000000163e-06	6.537779854445517624e-02	1.393887046724557877e-01	1.370813641697168350e-01
7.812500000000000163e-06	5.692922128246554608e-02	1.414342643693089485e-01	1.398388817906379700e-01
7.812500000000000163e-06	6.590308663965779856e-02	1.444751052185893059e-01	1.399209406226873398e-01
7.812500000000000163e-06	6.413069612617734727e-02	1.425544777885079384e-01	1.394337462261319160e-01
7.812500000000000163e-06	6.246036477386951447e-02	1.406409619376063347e-01	1.370677333325147629e-01
7.812500000000000163e-06	6.563734414079520907e-02	1.377608990296721458e-01	1.403953758999705315e-01
7.812500000000000163e-06	6.326717173657085691e-02	1.453834054991602898e-01	1.409533265978097916e-01
7.812500000000000163e-06	6.464511839837967788e-02	1.407454209402203560e-01	1.412376454100012779e-01
7.812500000000000163e-06	6.292275551565085223e-02	1.396290194243192673e-01	1.371787963435053825e-01
7.812500000000000163e-06	6.070231108725825109e-02	1.386972023174166679e-01	1.362512949854135513e-01
7.812500000000000163e-06	6.230262803691852258e-02	1.388792358338832855e-01	1.381176700815558434e-01
7.812500000000000163e-06	6.201431607898277854e-02	1.406367002055048943e-01	1.385552156716585159e-01
7.812500000000000163e-06	6.456752114375180485e-02	1.399456011131405830e-01	1.404555616900324821e-01
3.906250000000000081e-06	6.211548760721954943e-02	1.398399006575345993e-01	1.369588058441877365e-01
3.906250000000000081e-06	6.649244633279269290e-02	1.392144225537776947e-01	1.380001287907361984e-01
3.906250000000000081e-06	5.895960984067826621e-02	1.438499847427010536e-01	1.397151984274387360e-01
3.906250000000000081e-06	6.230851314678977071e-02	1.456352509558200836e-01	1.460695695132017136e-01
3.906250000000000081e-06	6.265447477373896346e-02	1.405018055811524391e-01	1.404080335050821304e-01
3.906250000000000081e-06	6.045500828023953055e-02	1.406388105824589729e-01	1.388519005849957466e-01
3.906250000000000081e-06	5.992328870711447625e-02	1.411524312570691109e-01	1.385553227737545967e-01
3.906250000000000081e-06	6.363740447861483684e-02	1.373622976243495941e-01	1.396072665229439735e-01
3.906250000000000081e-06	5.716271094883544623e-02	1.391211152076721191e-01	1.397810326889157295e-01
3.906250000000000081e-06	6.039808483063420497e-02	1.391882970929145813e-01	1.363311028108000755e-01
3.906250000000000081e-06	6.175881525195097560e-02	1.405519628897309303e-01	1.377605553716421127e-01
3.906250000000000081e-06	6.198085214989849240e-02	1.419653026387095451e-01	1.387702599167823792e-01
3.906250000000000081e-06	6.468237120705315479e-02	1.411360381171107292e-01	1.384202530607581139e-01
3.906250000000000081e-06	6.066466205387930494e-02	1.407807413488626480e-01	1.367696886882185936e-01
3.906250000000000081e-06	6.181387598567371355e-02	1.389664541929960251e-01	1.375260557979345322e-01
3.906250000000000081e-06	6.110542126094238580e-02	1.389807425439357758e-01	1.374745955690741539e-01
3.906250000000000081e-06	6.118963705965235061e-02	1.404239945113658905e-01	1.376392655074596405e-01
3.906250000000000081e-06	6.083176756584191686e-02	1.410547876730561256e-01	1.380050815641880035e-01
3.906250000000000081e-06	5.820502519984788875e-02	1.396239278838038445e-01	1.376033248379826546e-01
3.906250000000000081e-06	6.469484114477151715e-02	1.440681703388690948e-01	1.433550706133246422e-01
3.906250000000000081e-06	6.260147572884076916e-02	1.419951794669032097e-01	1.419559009373188019e-01
1.953125000000000041e-06	5.591923491204086466e-02	1.409049043431878090e-01	1.382471686229109764e-01
1.953125000000000041e-06	6.003237305845640637e-02	1.393420407548546791e-01	1.378498207777738571e-01
1.953125000000000041e-06	6.178129617643507432e-02	1.393783008679747581e-01	1.368179982528090477e-01
1.953125000000000041e-06	5.757529262594784231e-02	1.431729132309556007e-01	1.433208771049976349e-01
1.953125000000000041e-06	6.457868649895433244e-02	1.408268911764025688e-01	1.418309863656759262e-01
1.953125000000000041e-06	6.350286097466191493e-02	1.442212592810392380e-01	1.422072742134332657e-01
1.953125000000000041e-06	6.470899552672723654e-02	1.454206770285964012e-01	1.427707606926560402e-01
1.953125000000000041e-06	6.457365471633928766e-02	1.596719659864902496e-01	1.591944713145494461e-01
1.953125000000000041e-06	5.601130939925773322e-02	1.393260555341839790e-01	1.380922235548496246e-01
1.953125000000000041e-06	5.988772260614588089e-02	1.397528257220983505e-01	1.404558783397078514e-01
1.953125000000000041e-06	6.495033487488952040e-02	1.433284152299165726e-01	1.396451834589242935e-01
1.953125000000000041e-06	5.533757221095169515e-02	1.399733293801546097e-01	1.407604599371552467e-01
1.953125000000000041e-06	6.710420011342325963e-02	1.435799561440944672e-01	1.444542529061436653e-01
1.953125000000000041e-06	6.145841187408453143e-02	1.395305972546339035e-01	1.370382364839315414e-01
1.953125000000000041e-06	5.673544349361069744e-02	1.421656999737024307e-01	1.386423753574490547e-01
1.953125000000000041e-06	5.879341261579266315e-02	1.407461743801832199e-01	1.377117400988936424e-01
1.953125000000000041e-06	5.996943373657480369e-02	1.402600072324275970e-01	1.394328456372022629e-01
1.953125000000000041e-06	5.921019500569452143e-02	1.434735236689448357e-01	1.433303738012909889e-01
1.953125000000000041e-06	5.841265406601036519e-02	1.452243393287062645e-01	1.444133007898926735e-01
1.953125000000000041e-06	6.465525630437120308e-02	1.388051891699433327e-01	1.371116554364562035e-01
1.953125000000000041e-06	5.870379573559459524e-02	1.389687331393361092e-01	1.381886284798383713e-01
9.765625000000000203e-07	6.225034273877928792e-02	1.384417889639735222e-01	1.358819222077727318e-01
9.765625000000000203e-07	5.457711797443371565e-02	1.441154982894659042e-01	1.377584161236882210e-01
9.765625000000000203e-07	6.305941847400574340e-02	1.442883890122175217e-01	1.457360275089740753e-01
9.765625000000000203e-07	6.224208570356610376e-02	1.445006690919399261e-01	1.385745555162429810e-01
9.765625000000000203e-07	6.375533587570432481e-02	1.435860414057970047e-01	1.419910714030265808e-01
9.765625000000000203e-07	6.339419354932217254e-02	1.430467050522565842e-01	1.405985010787844658e-01
9.765625000000000203e-07	6.036671819283238177e-02	1.412751078605651855e-01	1.393048577010631561e-01
9.765625000000000203e-07	5.768518675637396287e-02	1.368031818419694901e-01	1.371492724865674973e-01
9.765625000000000203e-07	6.044474982102460842e-02	1.386468140408396721e-01	1.382573461160063744e-01
9.765625000000000203e-07	6.049951246079010581e-02	1.398068685084581375e-01	1.376848043873906136e-01
9.765625000000000203e-07	6.167221866265128194e-02	1.419293144717812538e-01	1.394093716517090797e-01
9.765625000000000203e-07	5.985641486565523167e-02	1.415998786687850952e-01	1.407059105113148689e-01
9.765625000000000203e-07	6.518266109537475261e-02	1.460380163043737411e-01	1.437869369983673096e-01
9.765625000000000203e-07	6.284205469338199901e-02	1.444574631750583649e-01	1.428467864170670509e-01
9.765625000000000203e-07	5.783250666211677687e-02	1.450974335893988609e-01	1.432540165260434151e-01
9.765625000000000203e-07	5.707072117660619281e-02	1.449242196977138519e-01	1.395991435274481773e-01
9.765625000000000203e-07	5.972659323788896690e-02	1.406175224110484123e-01	1.380187729373574257e-01
9.765625000000000203e-07	6.171273211418073362e-02	1.423804610967636108e-01	1.432982990518212318e-01
9.765625000000000203e-07	5.914008282596552174e-02	1.407987996935844421e-01	1.371195847168564796e-01
9.765625000000000203e-07	6.584869843872287465e-02	1.405348097905516624e-01	1.407947884872555733e-01
9.765625000000000203e-07	6.147011121900021469e-02	1.436382038518786430e-01	1.418923055753111839e-01
4.882812500000000102e-07	6.177430753183515977e-02	1.403083615005016327e-01	1.391988638788461685e-01
4.882812500000000102e-07	5.946188745430753403e-02	1.401498867198824883e-01	1.386703941971063614e-01
