1.000000000000000021e-03	8.575061570994461091e-01	1.373147413134574890e+00	1.391016945242881775e+00
1.000000000000000021e-03	5.968993955020662767e-01	1.782486826181411743e+00	1.743786454200744629e+00
1.000000000000000021e-03	5.372779871089549131e-01	1.151188552379608154e+00	1.156426042318344116e+00
1.000000000000000021e-03	4.966558240636994581e-01	1.332570582628250122e+00	1.353451281785964966e+00
1.000000000000000021e-03	4.504671730572664123e-01	5.621021352708339691e-01	5.387453585863113403e-01
1.000000000000000021e-03	4.276539717293992848e-01	2.349860578775405884e+00	2.320909947156906128e+00
1.000000000000000021e-03	4.372771669037734399e-01	5.757571756839752197e-01	5.659803897142410278e-01
1.000000000000000021e-03	4.161596415163595353e-01	8.407688662409782410e-01	8.443569540977478027e-01
1.000000000000000021e-03	3.864570588250703653e-01	5.503430888056755066e-01	5.272793844342231750e-01
1.000000000000000021e-03	3.777232698247402487e-01	9.417777955532073975e-01	9.331180900335311890e-01
1.000000000000000021e-03	3.762682668770415684e-01	9.077687561511993408e-01	8.810779228806495667e-01
1.000000000000000021e-03	3.359687905522841245e-01	7.019476816058158875e-01	6.831078454852104187e-01
1.000000000000000021e-03	3.268852177300030637e-01	3.162830732762813568e-01	2.967868931591510773e-01
1.000000000000000021e-03	3.102579865651794444e-01	1.116140037775039673e+00	1.106421008706092834e+00
1.000000000000000021e-03	3.254068993692156853e-01	6.379107534885406494e-01	6.240493655204772949e-01
1.000000000000000021e-03	3.235896784293500472e-01	3.220869377255439758e-01	3.054790757596492767e-01
1.000000000000000021e-03	3.054137991953499442e-01	4.116951264441013336e-01	4.095630683004856110e-01
1.000000000000000021e-03	3.254137163675284161e-01	4.381274618208408356e-01	4.137414917349815369e-01
1.000000000000000021e-03	3.060849065644831724e-01	5.345328561961650848e-01	5.335876271128654480e-01
1.000000000000000021e-03	2.834305470880073563e-01	5.007598474621772766e-01	4.838072732090950012e-01
1.000000000000000021e-03	3.022401387555689878e-01	4.942305199801921844e-01	4.585025161504745483e-01
1.000000000000000021e-03	2.857320944342431890e-01	5.357602052390575409e-01	5.083107650279998779e-01
1.000000000000000021e-03	2.838026884990402232e-01	4.483947902917861938e-01	4.331290908157825470e-01
1.000000000000000021e-03	3.027298722086073646e-01	5.219911113381385803e-01	4.903369173407554626e-01
1.000000000000000021e-03	2.764504548115066518e-01	4.075530692934989929e-01	3.878283239901065826e-01
1.000000000000000021e-03	2.978497202260584897e-01	3.592487871646881104e-01	3.359733857214450836e-01
1.000000000000000021e-03	2.724232977326911942e-01	4.828437007963657379e-01	4.520588889718055725e-01
1.000000000000000021e-03	2.593063415983055120e-01	2.965082451701164246e-01	2.725710161030292511e-01
1.000000000000000021e-03	2.625374688377863364e-01	2.608748357743024826e-01	2.523187156766653061e-01
1.000000000000000021e-03	2.669207498997072658e-01	7.185529470443725586e-01	6.986163184046745300e-01
1.000000000000000021e-03	2.875924283945107685e-01	5.388923101127147675e-01	5.123622305691242218e-01
1.000000000000000021e-03	2.460337367993366831e-01	3.540397249162197113e-01	3.269478641450405121e-01
1.000000000000000021e-03	2.579223424950732313e-01	4.203218035399913788e-01	3.786044381558895111e-01
1.000000000000000021e-03	2.498637092641637358e-01	3.010967858135700226e-01	2.715182583779096603e-01
1.000000000000000021e-03	2.402465332158004174e-01	3.088954202830791473e-01	3.074705451726913452e-01
1.000000000000000021e-03	2.444893017977098904e-01	4.925362244248390198e-01	4.645074680447578430e-01
1.000000000000000021e-03	2.399185490381868513e-01	3.564222641289234161e-01	3.311620801687240601e-01
1.000000000000000021e-03	2.452520911074891896e-01	4.382953904569149017e-01	4.170749038457870483e-01
1.000000000000000021e-03	2.557059145426448521e-01	3.531781435012817383e-01	3.301503807306289673e-01
1.000000000000000021e-03	2.420942209943940382e-01	2.391615360975265503e-01	2.190367970615625381e-01
1.000000000000000021e-03	2.386373283365104681e-01	2.609460707753896713e-01	2.337562721222639084e-01
1.000000000000000021e-03	2.449217578278312102e-01	3.003998808562755585e-01	2.758831679821014404e-01
1.000000000000000021e-03	2.647682990454420238e-01	2.870224490761756897e-01	2.667598687112331390e-01
1.000000000000000021e-03	2.259519141686113508e-01	4.489528350532054901e-01	4.307620823383331299e-01
1.000000000000000021e-03	2.282843646369402957e-01	4.087952151894569397e-01	3.725296929478645325e-01
1.000000000000000021e-03	2.343792396632930763e-01	4.879332184791564941e-01	4.675842523574829102e-01
1.000000000000000021e-03	2.396027564625196893e-01	3.482661321759223938e-01	3.133480735123157501e-01
1.000000000000000021e-03	2.198033772314651191e-01	3.187612295150756836e-01	2.967076599597930908e-01
1.000000000000000021e-03	2.464345363499242936e-01	2.696649506688117981e-01	2.480617742985486984e-01
1.000000000000000021e-03	2.197908796841585299e-01	2.925179116427898407e-01	2.780304066836833954e-01
1.000000000000000021e-03	2.283108321171772592e-01	4.972289763391017914e-01	4.725710041821002960e-01
1.000000000000000021e-03	2.319474835184555939e-01	3.472885787487030029e-01	3.200088441371917725e-01
1.000000000000000021e-03	2.238884170221377146e-01	5.690922439098358154e-01	5.622760877013206482e-01
1.000000000000000021e-03	2.190079856899720123e-01	3.491101227700710297e-01	3.283359780907630920e-01
1.000000000000000021e-03	2.073903103606610232e-01	2.906541377305984497e-01	2.579001355916261673e-01
1.000000000000000021e-03	2.247079912620254805e-01	3.247159011662006378e-01	3.089607879519462585e-01
1.000000000000000021e-03	2.164511537250084217e-01	3.544442951679229736e-01	3.363902680575847626e-01
1.000000000000000021e-03	2.180790876663183941e-01	3.950862921774387360e-01	3.617876023054122925e-01
1.000000000000000021e-03	2.021212215665020573e-01	1.978363636881113052e-01	1.748867891728878021e-01
1.000000000000000021e-03	2.066833199579504454e-01	4.354702159762382507e-01	4.069067649543285370e-01
1.000000000000000021e-03	2.182994091623945976e-01	2.846052311360836029e-01	2.643638178706169128e-01
1.000000000000000021e-03	2.087597908287108783e-01	2.501650247722864151e-01	2.110731452703475952e-01
1.000000000000000021e-03	2.187359926255443565e-01	3.946046456694602966e-01	3.760851435363292694e-01
1.000000000000000021e-03	2.094705728224561248e-01	1.721770334988832474e-01	1.520595308393239975e-01
1.000000000000000021e-03	1.919963894576965924e-01	5.179215855896472931e-01	4.930672012269496918e-01
1.000000000000000021e-03	2.162638089702099142e-01	2.694325111806392670e-01	2.374856751412153244e-01
1.000000000000000021e-03	1.965199426005158345e-01	4.090927429497241974e-01	3.931167237460613251e-01
1.000000000000000021e-03	1.906204375473758705e-01	2.159177195280790329e-01	1.941396743059158325e-01
1.000000000000000021e-03	2.038460075855255127e-01	2.726483885198831558e-01	2.360720224678516388e-01
1.000000000000000021e-03	1.891950079346004787e-01	4.155660569667816162e-01	4.098426438868045807e-01
1.000000000000000021e-03	1.921710859559759288e-01	2.575839664787054062e-01	2.239436842501163483e-01
1.000000000000000021e-03	2.076367355788810432e-01	2.641277648508548737e-01	2.430529389530420303e-01
1.000000000000000021e-03	1.990145767414117084e-01	2.425313107669353485e-01	2.063662149012088776e-01
1.000000000000000021e-03	1.922805709174916777e-01	3.746899552643299103e-01	3.502117544412612915e-01
1.000000000000000021e-03	1.968580615482752871e-01	3.168707899749279022e-01	2.868485115468502045e-01
1.000000000000000021e-03	2.009796105985399983e-01	2.790737356990575790e-01	2.505533955991268158e-01
1.000000000000000021e-03	1.870965645471705796e-01	5.379527471959590912e-01	5.159196555614471436e-01
1.000000000000000021e-03	1.890016554654398995e-01	2.356103584170341492e-01	2.154303323477506638e-01
1.000000000000000021e-03	2.014695748309545953e-01	2.690784912556409836e-01	2.501441873610019684e-01
1.000000000000000021e-03	2.113781469532206025e-01	3.298862725496292114e-01	3.119488507509231567e-01
1.000000000000000021e-03	1.935876858762548003e-01	2.626432627439498901e-01	2.456022650003433228e-01
1.000000000000000021e-03	1.903829275618625638e-01	2.622239347547292709e-01	2.334560975432395935e-01
1.000000000000000021e-03	1.773370783540267059e-01	2.243152409791946411e-01	1.986833661794662476e-01
1.000000000000000021e-03	1.786446809957299153e-01	2.416361998766660690e-01	2.070329505950212479e-01
1.000000000000000021e-03	1.776684566955023248e-01	2.402832861989736557e-01	2.265180163085460663e-01
5.000000000000000104e-04	1.623678459208222902e-01	1.690595895051956177e-01	1.370136402547359467e-01
5.000000000000000104e-04	1.651781070270115781e-01	1.836714781820774078e-01	1.568560134619474411e-01
5.000000000000000104e-04	1.613455103545249347e-01	1.553152073174715042e-01	1.294722435995936394e-01
5.000000000000000104e-04	1.673257209454910577e-01	2.125542089343070984e-01	1.834176108241081238e-01
5.000000000000000104e-04	1.485818299123003450e-01	1.956225838512182236e-01	1.639473009854555130e-01
5.000000000000000104e-04	1.520972138718713618e-01	2.317330949008464813e-01	1.971715893596410751e-01
5.000000000000000104e-04	1.543421747186515813e-01	1.513059977442026138e-01	1.270063277333974838e-01
5.000000000000000104e-04	1.617397810273532577e-01	1.675755996257066727e-01	1.374138584360480309e-01
5.000000000000000104e-04	1.675483886199661543e-01	2.467625215649604797e-01	2.151919268071651459e-01
5.000000000000000104e-04	1.695698297853711345e-01	1.880997866392135620e-01	1.583468057215213776e-01
5.000000000000000104e-04	1.664936386897594156e-01	1.787271369248628616e-01	1.459538685157895088e-01
5.000000000000000104e-04	1.486658013508289633e-01	1.715945173054933548e-01	1.503504784777760506e-01
5.000000000000000104e-04	1.578438423479659736e-01	2.199843451380729675e-01	1.967654246836900711e-01
5.000000000000000104e-04	1.562351069495647726e-01	3.200408592820167542e-01	3.037186823785305023e-01
5.000000000000000104e-04	1.615580051571507969e-01	1.851652562618255615e-01	1.588082676753401756e-01
5.000000000000000104e-04	1.609110404984860354e-01	2.634250670671463013e-01	2.400820106267929077e-01
5.000000000000000104e-04	1.558121994515008490e-01	2.760568764060735703e-01	2.354308329522609711e-01
5.000000000000000104e-04	1.554136238520658353e-01	1.975940670818090439e-01	1.727704554796218872e-01
5.000000000000000104e-04	1.599067059121554446e-01	1.834423672407865524e-01	1.572278980165719986e-01
5.000000000000000104e-04	1.538091587680804617e-01	1.671337159350514412e-01	1.394812893122434616e-01
5.000000000000000104e-04	1.484372895918315005e-01	1.586236869916319847e-01	1.392322424799203873e-01
5.000000000000000104e-04	1.659116024457955585e-01	1.675872094929218292e-01	1.513367295265197754e-01
5.000000000000000104e-04	1.434116479528101118e-01	1.918799672275781631e-01	1.629377286881208420e-01
5.000000000000000104e-04	1.467175076279459145e-01	1.733607240021228790e-01	1.489211674779653549e-01
5.000000000000000104e-04	1.493180388513999646e-01	2.685228753834962845e-01	2.400787509977817535e-01
5.000000000000000104e-04	1.393244307063802867e-01	2.302545253187417984e-01	2.125775832682847977e-01
5.000000000000000104e-04	1.435884693755379304e-01	1.755989454686641693e-01	1.480339914560317993e-01
5.000000000000000104e-04	1.590349993939641216e-01	2.302768249064683914e-01	2.063783556222915649e-01
2.500000000000000052e-04	1.326924932153919212e-01	1.611204147338867188e-01	1.405923739075660706e-01
2.500000000000000052e-04	1.276538157953491792e-01	1.472214376553893089e-01	1.227117301896214485e-01
2.500000000000000052e-04	1.566641846600967114e-01	1.548529760912060738e-01	1.270176488906145096e-01
2.500000000000000052e-04	1.290283013559594960e-01	1.773310229182243347e-01	1.518558356910943985e-01
2.500000000000000052e-04	1.288592634321767960e-01	1.556666931137442589e-01	1.289480626583099365e-01
2.500000000000000052e-04	1.311762534742113850e-01	1.703800708055496216e-01	1.456242501735687256e-01
2.500000000000000052e-04	1.384229725108870879e-01	1.480723526328802109e-01	1.267894161865115166e-01
2.500000000000000052e-04	1.308651585367661407e-01	1.766692809760570526e-01	1.437397878617048264e-01
2.500000000000000052e-04	1.326158839879156559e-01	1.651207366958260536e-01	1.393029205501079559e-01
2.500000000000000052e-04	1.278138378564315503e-01	1.543412674218416214e-01	1.339759407564997673e-01
2.500000000000000052e-04	1.281985885734799602e-01	2.062138356268405914e-01	1.860507372766733170e-01
2.500000000000000052e-04	1.212197790700423605e-01	1.533607346937060356e-01	1.292689163237810135e-01
2.500000000000000052e-04	1.299069078662727361e-01	1.493320642039179802e-01	1.236620424315333366e-01
2.500000000000000052e-04	1.251220270708391924e-01	1.877702027559280396e-01	1.648492403328418732e-01
2.500000000000000052e-04	1.365581794252878622e-01	1.583757866173982620e-01	1.335286898538470268e-01
2.500000000000000052e-04	1.221737987067126052e-01	1.486119972541928291e-01	1.193179301917552948e-01
2.500000000000000052e-04	1.225411568450022332e-01	1.611792594194412231e-01	1.294807130470871925e-01
2.500000000000000052e-04	1.276220445391497982e-01	2.307559568434953690e-01	1.976266372948884964e-01
2.500000000000000052e-04	1.173508736906172384e-01	1.459102695807814598e-01	1.223155986517667770e-01
2.500000000000000052e-04	1.221467056606389268e-01	1.795969307422637939e-01	1.544877719134092331e-01
2.500000000000000052e-04	1.146705485880374908e-01	1.482445420697331429e-01	1.226380923762917519e-01
2.500000000000000052e-04	1.256484365727328079e-01	1.576001066714525223e-01	1.250989325344562531e-01
2.500000000000000052e-04	1.171924060658563610e-01	1.614505127072334290e-01	1.367514701560139656e-01
2.500000000000000052e-04	1.247594856385943196e-01	1.497194878756999969e-01	1.243154965341091156e-01
2.500000000000000052e-04	1.253514307303519315e-01	1.603421084582805634e-01	1.432065935805439949e-01
2.500000000000000052e-04	1.240621507167816162e-01	1.549300905317068100e-01	1.246556872501969337e-01
2.500000000000000052e-04	1.171754287862325078e-01	1.474087294191122055e-01	1.265704352408647537e-01
2.500000000000000052e-04	1.059354159367989906e-01	1.562728937715291977e-01	1.310135787352919579e-01
2.500000000000000052e-04	1.231408069216752416e-01	1.473098527640104294e-01	1.202216502279043198e-01
2.500000000000000052e-04	1.157572011970266490e-01	1.576426848769187927e-01	1.376992110162973404e-01
2.500000000000000052e-04	1.263709632278997574e-01	1.532405540347099304e-01	1.306111495941877365e-01
2.500000000000000052e-04	1.093669650675375277e-01	1.666878610849380493e-01	1.444818601012229919e-01
2.500000000000000052e-04	1.142620642351198784e-01	1.648689396679401398e-01	1.414399333298206329e-01
2.500000000000000052e-04	1.209976737729356322e-01	1.693615727126598358e-01	1.452412949874997139e-01
2.500000000000000052e-04	1.112336142908168790e-01	1.727003641426563263e-01	1.502625476568937302e-01
2.500000000000000052e-04	1.144300283793407147e-01	1.456516450271010399e-01	1.276951497420668602e-01
2.500000000000000052e-04	1.135215009032170957e-01	1.528093451634049416e-01	1.319429576396942139e-01
2.500000000000000052e-04	1.110690295036080577e-01	1.739336457103490829e-01	1.542200017720460892e-01
2.500000000000000052e-04	1.291368455637859347e-01	2.104067802429199219e-01	1.860948130488395691e-01
2.500000000000000052e-04	1.095983188457881341e-01	1.461038673296570778e-01	1.248333994299173355e-01
2.500000000000000052e-04	1.127373362549498048e-01	1.540912836790084839e-01	1.343706361949443817e-01
2.500000000000000052e-04	1.188707004147994406e-01	1.575584672391414642e-01	1.323138596490025520e-01
2.500000000000000052e-04	1.146712303161621094e-01	1.636832375079393387e-01	1.429152758792042732e-01
2.500000000000000052e-04	1.031994676759725865e-01	1.588245369493961334e-01	1.339604239910840988e-01
2.500000000000000052e-04	1.090289308583434619e-01	1.558622987940907478e-01	1.362229017540812492e-01
2.500000000000000052e-04	1.213198963411246667e-01	1.789489630609750748e-01	1.525229010730981827e-01
2.500000000000000052e-04	1.194186145086077178e-01	1.553365960717201233e-01	1.326145976781845093e-01
2.500000000000000052e-04	1.161918193573438646e-01	1.602459028363227844e-01	1.400098847225308418e-01
2.500000000000000052e-04	1.181404076610939463e-01	2.251596879214048386e-01	2.033802960067987442e-01
2.500000000000000052e-04	1.086460265649270424e-01	1.473628515377640724e-01	1.224687946960330009e-01
2.500000000000000052e-04	1.153880541177490088e-01	1.555068353191018105e-01	1.321101384237408638e-01
2.500000000000000052e-04	1.035406646566300465e-01	1.653663683682680130e-01	1.443943008780479431e-01
2.500000000000000052e-04	1.018207405186906667e-01	1.478277128189802170e-01	1.237453520298004150e-01
2.500000000000000052e-04	1.103478949281233717e-01	1.466160584241151810e-01	1.272889338433742523e-01
2.500000000000000052e-04	1.145378444579583238e-01	1.762439301237463951e-01	1.455887816846370697e-01
2.500000000000000052e-04	1.117482245722903472e-01	1.483524572104215622e-01	1.306623630225658417e-01
2.500000000000000052e-04	1.178963835575158048e-01	1.514714239165186882e-01	1.363969296216964722e-01
1.250000000000000026e-04	9.415597006489959120e-02	1.495137251913547516e-01	1.302983928471803665e-01
1.250000000000000026e-04	9.616301524676854062e-02	1.419410072267055511e-01	1.273168101906776428e-01
1.250000000000000026e-04	9.982902641537823307e-02	1.435724664479494095e-01	1.277321083471179008e-01
1.250000000000000026e-04	9.397904108030886994e-02	1.441864036023616791e-01	1.254030289128422737e-01
1.250000000000000026e-04	8.927797743036777756e-02	1.493126833811402321e-01	1.281578307971358299e-01
1.250000000000000026e-04	1.024797568215599503e-01	1.585380509495735168e-01	1.347380569204688072e-01
1.250000000000000026e-04	1.086263591069963896e-01	1.494789579883217812e-01	1.296742381528019905e-01
1.250000000000000026e-04	1.085562184924566270e-01	1.447288542985916138e-01	1.253084475174546242e-01
1.250000000000000026e-04	9.584357745096652725e-02	1.495114993304014206e-01	1.285681566223502159e-01
1.250000000000000026e-04	9.203465424383742988e-02	1.452393345534801483e-01	1.296446910127997398e-01
1.250000000000000026e-04	9.901788434650324322e-02	1.414463464170694351e-01	1.214062757790088654e-01
1.250000000000000026e-04	9.304639989439444925e-02	1.523534478619694710e-01	1.345504615455865860e-01
1.250000000000000026e-04	1.022766869562336117e-01	1.443124432116746902e-01	1.279321936890482903e-01
1.250000000000000026e-04	1.021330796087844411e-01	1.921060308814048767e-01	1.707079056650400162e-01
1.250000000000000026e-04	9.202010849420028116e-02	1.459481129422783852e-01	1.334415916353464127e-01
1.250000000000000026e-04	9.594213179772413669e-02	1.491748047992587090e-01	1.300865737721323967e-01
1.250000000000000026e-04	9.639586324367342696e-02	1.507378760725259781e-01	1.298923315480351448e-01
1.250000000000000026e-04	8.733210368435594118e-02	1.461350452154874802e-01	1.262270044535398483e-01
1.250000000000000026e-04	9.097972757454160508e-02	1.499792104586958885e-01	1.349651757627725601e-01
1.250000000000000026e-04	8.394027557931368899e-02	1.562721002846956253e-01	1.330322399735450745e-01
1.250000000000000026e-04	9.188062612768969906e-02	1.511858440935611725e-01	1.350513361394405365e-01
1.250000000000000026e-04	8.827808570069602123e-02	1.419404521584510803e-01	1.224292060360312462e-01
1.250000000000000026e-04	9.400346908199636031e-02	1.456478703767061234e-01	1.304210880771279335e-01
1.250000000000000026e-04	9.402042193503319656e-02	1.508715823292732239e-01	1.342711597681045532e-01
1.250000000000000026e-04	8.958104144357427467e-02	1.443788046017289162e-01	1.262501962482929230e-01
1.250000000000000026e-04	9.168967109503625701e-02	1.482407180592417717e-01	1.257361629977822304e-01
1.250000000000000026e-04	8.541593247953849222e-02	1.443874109536409378e-01	1.269344817847013474e-01
1.250000000000000026e-04	8.604332776386526549e-02	1.468291394412517548e-01	1.300933295860886574e-01
1.250000000000000026e-04	9.058935506434380447e-02	1.545903822407126427e-01	1.410253141075372696e-01
1.250000000000000026e-04	8.906790279323541226e-02	1.468198392540216446e-01	1.320332856848835945e-01
1.250000000000000026e-04	9.357590897928309837e-02	1.536067565903067589e-01	1.330119716003537178e-01
1.250000000000000026e-04	9.593968098110790266e-02	1.391187245026230812e-01	1.248903581872582436e-01
1.250000000000000026e-04	9.531204077073290870e-02	1.468411609530448914e-01	1.330744922161102295e-01
1.250000000000000026e-04	8.779248472633241485e-02	1.474725091829895973e-01	1.322984108701348305e-01
1.250000000000000026e-04	9.309845464893534706e-02	1.691370829939842224e-01	1.539585534483194351e-01
1.250000000000000026e-04	9.543613184101973346e-02	1.453568777069449425e-01	1.271559288725256920e-01
1.250000000000000026e-04	8.232259358974951258e-02	1.488090502098202705e-01	1.308131525292992592e-01
1.250000000000000026e-04	8.218282055628450822e-02	1.487332638353109360e-01	1.328277392312884331e-01
1.250000000000000026e-04	8.981922231143034396e-02	1.470282338559627533e-01	1.329445550218224525e-01
1.250000000000000026e-04	8.978803531278538308e-02	1.549648931249976158e-01	1.433386038988828659e-01
1.250000000000000026e-04	8.252286731819563625e-02	1.396076083183288574e-01	1.267254985868930817e-01
1.250000000000000026e-04	9.263668190452116480e-02	1.394170569255948067e-01	1.280988370999693871e-01
1.250000000000000026e-04	8.508327645780164317e-02	1.746178325265645981e-01	1.591371707618236542e-01
1.250000000000000026e-04	8.315811499576025723e-02	1.419033659622073174e-01	1.236028010025620461e-01
1.250000000000000026e-04	7.854345582331283271e-02	1.391219319775700569e-01	1.226529944688081741e-01
1.250000000000000026e-04	7.926473375174063196e-02	1.502978643402457237e-01	1.288151526823639870e-01
1.250000000000000026e-04	8.422047866484787260e-02	1.565550910308957100e-01	1.417547464370727539e-01
1.250000000000000026e-04	9.017138579223729633e-02	1.547073666006326675e-01	1.338969357311725616e-01
1.250000000000000026e-04	8.388743724060963858e-02	1.640101298689842224e-01	1.494156364351511002e-01
1.250000000000000026e-04	8.008724946198583772e-02	1.387586183845996857e-01	1.266148621216416359e-01
1.250000000000000026e-04	7.841786152765720108e-02	1.417994555085897446e-01	1.243570586666464806e-01
1.250000000000000026e-04	8.322111418164229724e-02	1.387860942631959915e-01	1.243925774469971657e-01
1.250000000000000026e-04	9.221389248401304362e-02	1.405436536297202110e-01	1.252890843898057938e-01
1.250000000000000026e-04	7.833549733969229212e-02	1.414682622998952866e-01	1.262196637690067291e-01
1.250000000000000026e-04	8.597894163825843539e-02	1.432220246642827988e-01	1.323776319622993469e-01
1.250000000000000026e-04	8.575406717725947425e-02	1.603456037119030952e-01	1.416923422366380692e-01
1.250000000000000026e-04	8.608912865195093855e-02	1.427707113325595856e-01	1.273690545931458473e-01
1.250000000000000026e-04	8.535938238418555590e-02	1.410151124000549316e-01	1.280927471816539764e-01
1.250000000000000026e-04	7.827101614844950150e-02	1.455074371770024300e-01	1.346467798575758934e-01
1.250000000000000026e-04	8.144356338660928285e-02	1.438549598678946495e-01	1.288803163915872574e-01
1.250000000000000026e-04	7.724671004505097305e-02	1.418014848604798317e-01	1.270245136693120003e-01
1.250000000000000026e-04	7.835402603768094887e-02	1.432175701484084129e-01	1.286057736724615097e-01
1.250000000000000026e-04	8.221348530695407608e-02	1.555567067116498947e-01	1.406205948442220688e-01
1.250000000000000026e-04	7.683500878607170403e-02	1.432082559913396835e-01	1.263537993654608727e-01
1.250000000000000026e-04	8.348716323888755175e-02	1.397070782259106636e-01	1.280467668548226357e-01
1.250000000000000026e-04	7.525776482269733170e-02	1.477618711069226265e-01	1.301982952281832695e-01
1.250000000000000026e-04	8.308880667709096779e-02	1.402908926829695702e-01	1.247874414548277855e-01
1.250000000000000026e-04	8.506514315929593339e-02	1.394557738676667213e-01	1.291229734197258949e-01
1.250000000000000026e-04	8.187172297812715660e-02	1.380912633612751961e-01	1.245877267792820930e-01
1.250000000000000026e-04	7.603317541600781992e-02	1.454640310257673264e-01	1.283440217375755310e-01
1.250000000000000026e-04	8.357783383395098187e-02	1.536059025675058365e-01	1.381051223725080490e-01
1.250000000000000026e-04	7.721370736820788727e-02	1.411002958193421364e-01	1.275291116908192635e-01
1.250000000000000026e-04	7.814527265255964694e-02	1.434429083019495010e-01	1.262029027566313744e-01
1.250000000000000026e-04	8.039180302544485235e-02	1.526818769052624702e-01	1.386590003967285156e-01
1.250000000000000026e-04	7.852665339655513776e-02	1.434417674317955971e-01	1.323146233335137367e-01
1.250000000000000026e-04	8.289797193830526767e-02	1.484568798914551735e-01	1.369261881336569786e-01
1.250000000000000026e-04	7.833329724925983117e-02	1.389464670792222023e-01	1.304012937471270561e-01
1.250000000000000026e-04	8.077543549522568644e-02	1.476021548733115196e-01	1.301392354071140289e-01
1.250000000000000026e-04	7.723675998328607961e-02	1.411451241001486778e-01	1.291561359539628029e-01
1.250000000000000026e-04	7.707740243854402373e-02	1.455390220507979393e-01	1.332742236554622650e-01
1.250000000000000026e-04	7.175568222433706400e-02	1.455452749505639076e-01	1.389580089598894119e-01
1.250000000000000026e-04	8.135337872972971118e-02	1.438062787055969238e-01	1.329763121902942657e-01
1.250000000000000026e-04	7.502783033289486814e-02	1.390433395281434059e-01	1.251712758094072342e-01
1.250000000000000026e-04	7.977276809419257819e-02	1.566010173410177231e-01	1.423736270517110825e-01
1.250000000000000026e-04	8.333172861345206073e-02	1.491098068654537201e-01	1.326594948768615723e-01
1.250000000000000026e-04	7.733563951487783250e-02	1.420760694891214371e-01	1.283512683585286140e-01
1.250000000000000026e-04	7.996611391441731109e-02	1.452659312635660172e-01	1.322745410725474358e-01
1.250000000000000026e-04	8.346216639951814509e-02	1.532007278874516487e-01	1.366061605513095856e-01
1.250000000000000026e-04	7.610059411653989636e-02	1.441359072923660278e-01	1.400869786739349365e-01
1.250000000000000026e-04	7.386318617795087360e-02	1.398212900385260582e-01	1.305724019184708595e-01
6.250000000000000130e-05	6.638437641572349224e-02	1.404208457097411156e-01	1.281926101073622704e-01
6.250000000000000130e-05	6.899193712050401273e-02	1.387871382758021355e-01	1.274075293913483620e-01
6.250000000000000130e-05	7.433103067399579600e-02	1.353243347257375717e-01	1.241766037419438362e-01
6.250000000000000130e-05	6.730159466402439727e-02	1.407548058778047562e-01	1.301357597112655640e-01
6.250000000000000130e-05	6.554610088844842197e-02	1.364806396886706352e-01	1.255375780165195465e-01
6.250000000000000130e-05	7.420813471456116917e-02	1.385552873834967613e-01	1.276080003008246422e-01
6.250000000000000130e-05	7.708536286520052683e-02	1.450672121718525887e-01	1.351936291903257370e-01
6.250000000000000130e-05	7.880955425244343115e-02	1.381780086085200310e-01	1.249838080257177353e-01
6.250000000000000130e-05	6.773928500994851054e-02	1.391964117065072060e-01	1.322936331853270531e-01
6.250000000000000130e-05	6.511623105859454252e-02	1.384469056501984596e-01	1.290037315338850021e-01
6.250000000000000130e-05	6.435849517583847046e-02	1.360010169446468353e-01	1.255137054249644279e-01
6.250000000000000130e-05	6.602266558174844924e-02	1.398014808073639870e-01	1.299272552132606506e-01
6.250000000000000130e-05	7.110838332696806097e-02	1.404097070917487144e-01	1.307593435049057007e-01
6.250000000000000130e-05	6.717131956468654075e-02	1.405636947602033615e-01	1.229040846228599548e-01
6.250000000000000130e-05	7.641688889906375626e-02	1.423122417181730270e-01	1.337068667635321617e-01
6.250000000000000130e-05	7.452102222397358200e-02	1.367367096245288849e-01	1.251161675900220871e-01
6.250000000000000130e-05	7.048996509630468810e-02	1.376214874908328056e-01	1.229439126327633858e-01
6.250000000000000130e-05	6.461034278986574342e-02	1.341236243024468422e-01	1.247775349766016006e-01
6.250000000000000130e-05	6.569880596067331768e-02	1.375234480947256088e-01	1.293946793302893639e-01
6.250000000000000130e-05	8.970537291297429883e-02	1.542124897241592407e-01	1.413604235276579857e-01
6.250000000000000130e-05	6.806080019738100506e-02	1.383937895298004150e-01	1.323367059230804443e-01
6.250000000000000130e-05	6.329967392773568069e-02	1.352689722552895546e-01	1.270550917834043503e-01
6.250000000000000130e-05	6.394171893973893406e-02	1.369720706716179848e-01	1.260945824906229973e-01
6.250000000000000130e-05	6.293546116050285910e-02	1.420811992138624191e-01	1.290997946634888649e-01
6.250000000000000130e-05	6.203014644075043743e-02	1.351747736334800720e-01	1.239304272457957268e-01
6.250000000000000130e-05	6.884023514163645219e-02	1.421149391680955887e-01	1.254904363304376602e-01
6.250000000000000130e-05	6.809836654346200502e-02	1.405876372009515762e-01	1.286378912627696991e-01
6.250000000000000130e-05	6.820084616730484606e-02	1.408587871119379997e-01	1.318480316549539566e-01
6.250000000000000130e-05	6.675870740149594806e-02	1.460502911359071732e-01	1.300280103459954262e-01
6.250000000000000130e-05	6.774689601380613768e-02	1.379492515698075294e-01	1.312179313972592354e-01
6.250000000000000130e-05	6.038825204478034253e-02	1.348505467176437378e-01	1.244899453595280647e-01
6.250000000000000130e-05	7.369061493420903108e-02	1.405795384198427200e-01	1.301510678604245186e-01
6.250000000000000130e-05	6.709286117855506326e-02	1.412075674161314964e-01	1.276880623772740364e-01
6.250000000000000130e-05	6.524401702741279563e-02	1.453870963305234909e-01	1.338003110140562057e-01
6.250000000000000130e-05	6.828493346707729950e-02	1.391674401238560677e-01	1.302395090460777283e-01
6.250000000000000130e-05	6.264828885846500384e-02	1.334926811978220940e-01	1.280716666951775551e-01
6.250000000000000130e-05	6.752027189241180394e-02	1.415552608668804169e-01	1.307374732568860054e-01
6.250000000000000130e-05	6.626030241575421587e-02	1.411617193371057510e-01	1.332117253914475441e-01
6.250000000000000130e-05	6.854082431785668561e-02	1.359940161928534508e-01	1.285261763259768486e-01
6.250000000000000130e-05	6.137786074718342560e-02	1.379308914765715599e-01	1.235933844000101089e-01
6.250000000000000130e-05	6.039466135958327514e-02	1.387609969824552536e-01	1.262988690286874771e-01
6.250000000000000130e-05	6.750187027869344880e-02	1.402344200760126114e-01	1.256195493042469025e-01
6.250000000000000130e-05	6.425038357324237837e-02	1.359748970717191696e-01	1.265251543372869492e-01
6.250000000000000130e-05	6.342934524711174582e-02	1.420083576813340187e-01	1.296438938006758690e-01
6.250000000000000130e-05	6.742303167717365875e-02	1.385077312588691711e-01	1.326064793393015862e-01
6.250000000000000130e-05	6.191052722780010509e-02	1.390565354377031326e-01	1.298573799431324005e-01
6.250000000000000130e-05	6.752223629928842674e-02	1.425111666321754456e-01	1.359194982796907425e-01
6.250000000000000130e-05	6.603028936476647293e-02	1.411264175549149513e-01	1.326601747423410416e-01
6.250000000000000130e-05	7.154950596203532576e-02	1.429286412894725800e-01	1.343751000240445137e-01
6.250000000000000130e-05	6.179914262758780252e-02	1.385596487671136856e-01	1.271949419751763344e-01
6.250000000000000130e-05	5.837357218695592154e-02	1.365831429138779640e-01	1.264282995834946632e-01
6.250000000000000130e-05	6.125684634228296260e-02	1.403679018840193748e-01	1.309309387579560280e-01
6.250000000000000130e-05	5.932765397467190671e-02	1.377878608182072639e-01	1.302374331280589104e-01
6.250000000000000130e-05	6.320863702817808294e-02	1.365110464394092560e-01	1.260633338242769241e-01
6.250000000000000130e-05	6.154778519574599649e-02	1.430847272276878357e-01	1.326413284987211227e-01
6.250000000000000130e-05	5.768194087321245472e-02	1.357439085841178894e-01	1.235502343624830246e-01
6.250000000000000130e-05	6.960858216014088884e-02	1.354581657797098160e-01	1.297796685248613358e-01
3.125000000000000065e-05	6.620775186751462482e-02	1.374726220965385437e-01	1.260338891297578812e-01
3.125000000000000065e-05	5.412846049175986524e-02	1.352762747555971146e-01	1.252214265987277031e-01
3.125000000000000065e-05	6.156398759140998406e-02	1.350926179438829422e-01	1.283351005986332893e-01
3.125000000000000065e-05	6.081086932386778332e-02	1.336752949282526970e-01	1.286188773810863495e-01
3.125000000000000065e-05	5.865594358006610137e-02	1.334804361686110497e-01	1.256456067785620689e-01
3.125000000000000065e-05	6.384327873304675161e-02	1.413080133497714996e-01	1.363847106695175171e-01
3.125000000000000065e-05	6.092995735286157316e-02	1.351768393069505692e-01	1.245872359722852707e-01
3.125000000000000065e-05	5.159510176958916755e-02	1.359056690707802773e-01	1.244787117466330528e-01
3.125000000000000065e-05	5.848542756483524757e-02	1.369989160448312759e-01	1.275677708908915520e-01
3.125000000000000065e-05	5.968497269138504924e-02	1.320676999166607857e-01	1.269872030243277550e-01
3.125000000000000065e-05	5.914925713139244229e-02	1.351125165820121765e-01	1.277614710852503777e-01
3.125000000000000065e-05	5.738185244742073643e-02	1.383937513455748558e-01	1.299156071618199348e-01
3.125000000000000065e-05	6.001725698573679574e-02	1.391547210514545441e-01	1.311915488913655281e-01
3.125000000000000065e-05	5.760570898463454603e-02	1.325985109433531761e-01	1.256710235029459000e-01
3.125000000000000065e-05	6.165466856069957285e-02	1.335876584053039551e-01	1.258958484977483749e-01
3.125000000000000065e-05	5.919167724779889755e-02	1.359493108466267586e-01	1.289449390023946762e-01
3.125000000000000065e-05	5.376266518348379875e-02	1.368619175627827644e-01	1.256063235923647881e-01
3.125000000000000065e-05	6.064395465051071465e-02	1.350555345416069031e-01	1.274010743945837021e-01
3.125000000000000065e-05	5.920049970191490485e-02	1.350770769640803337e-01	1.270342022180557251e-01
3.125000000000000065e-05	5.400418480740317578e-02	1.347775775939226151e-01	1.280175419524312019e-01
3.125000000000000065e-05	5.912108016730863863e-02	1.403979817405343056e-01	1.351537257432937622e-01
3.125000000000000065e-05	5.665748146704480820e-02	1.329545211046934128e-01	1.270547360181808472e-01
3.125000000000000065e-05	5.855665928861008424e-02	1.341036222875118256e-01	1.266291895881295204e-01
3.125000000000000065e-05	6.668070248693605540e-02	1.401872299611568451e-01	1.312121758237481117e-01
3.125000000000000065e-05	5.505506616510168205e-02	1.370996916666626930e-01	1.256392737850546837e-01
3.125000000000000065e-05	5.475462624166585468e-02	1.358864605426788330e-01	1.284526661038398743e-01
3.125000000000000065e-05	5.652174429048465593e-02	1.344926515594124794e-01	1.290583498775959015e-01
3.125000000000000065e-05	5.331843525548524837e-02	1.370108583942055702e-01	1.273579904809594154e-01
3.125000000000000065e-05	5.505342446739160817e-02	1.345285614952445030e-01	1.258777678012847900e-01
3.125000000000000065e-05	6.113783251258391588e-02	1.350773787125945091e-01	1.294231368228793144e-01
3.125000000000000065e-05	5.603119792251647080e-02	1.338703408837318420e-01	1.300069689750671387e-01
1.562500000000000033e-05	5.464673900528799200e-02	1.369187934324145317e-01	1.251144511625170708e-01
1.562500000000000033e-05	5.616604748971854716e-02	1.356270574033260345e-01	1.265636654570698738e-01
1.562500000000000033e-05	4.969692183069036179e-02	1.343436809256672859e-01	1.293858448043465614e-01
1.562500000000000033e-05	5.658594683944424830e-02	1.395941171795129776e-01	1.256410134956240654e-01
1.562500000000000033e-05	5.337522780121881777e-02	1.382765602320432663e-01	1.294055795297026634e-01
1.562500000000000033e-05	5.252478448556193585e-02	1.369242388755083084e-01	1.258647227659821510e-01
1.562500000000000033e-05	5.463101667693898850e-02	1.339485803619027138e-01	1.243389248847961426e-01
1.562500000000000033e-05	5.185430169199840844e-02	1.317171650007367134e-01	1.247052336111664772e-01
1.562500000000000033e-05	5.339429862325704296e-02	1.341824131086468697e-01	1.283165197819471359e-01
1.562500000000000033e-05	5.323777783992169471e-02	1.322028711438179016e-01	1.248519280925393105e-01
1.562500000000000033e-05	5.386120109241220033e-02	1.402835445478558540e-01	1.305318055674433708e-01
1.562500000000000033e-05	5.472592306853849703e-02	1.347650028765201569e-01	1.277584629133343697e-01
1.562500000000000033e-05	5.451799238312848156e-02	1.387579822912812233e-01	1.292216135188937187e-01
1.562500000000000033e-05	5.371948152403287907e-02	1.354873394593596458e-01	1.264290427789092064e-01
1.562500000000000033e-05	5.567519595445711428e-02	1.387325022369623184e-01	1.298116678372025490e-01
1.562500000000000033e-05	5.376043835584121133e-02	1.339328326284885406e-01	1.280811494216322899e-01
1.562500000000000033e-05	5.369344806369347189e-02	1.346172150224447250e-01	1.289818128570914268e-01
1.562500000000000033e-05	5.755260959267616272e-02	1.385188447311520576e-01	1.301486892625689507e-01
1.562500000000000033e-05	5.623316913371598919e-02	1.399733312427997589e-01	1.283840369433164597e-01
1.562500000000000033e-05	5.300435867113403171e-02	1.351700592786073685e-01	1.261676969006657600e-01
1.562500000000000033e-05	5.278490790272060557e-02	1.362345665693283081e-01	1.295183310285210609e-01
1.562500000000000033e-05	5.550450888238375735e-02	1.330053275451064110e-01	1.264366200193762779e-01
1.562500000000000033e-05	5.421409338618381202e-02	1.347900601103901863e-01	1.264721732586622238e-01
1.562500000000000033e-05	5.489961149854750283e-02	1.373919732868671417e-01	1.300322301685810089e-01
1.562500000000000033e-05	5.444908467463300400e-02	1.335228821262717247e-01	1.281454479321837425e-01
1.562500000000000033e-05	5.217574289233624374e-02	1.345595810562372208e-01	1.292345197871327400e-01
1.562500000000000033e-05	5.473643291411520867e-02	1.346254805102944374e-01	1.266010357066988945e-01
1.562500000000000033e-05	4.978724769493447083e-02	1.327043641358613968e-01	1.238124091178178787e-01
1.562500000000000033e-05	5.221492559000660838e-02	1.333293011412024498e-01	1.251929281279444695e-01
7.812500000000000163e-06	4.814334501382670772e-02	1.331329857930541039e-01	1.278430838137865067e-01
7.812500000000000163e-06	5.260725123689898725e-02	1.330823618918657303e-01	1.260375846177339554e-01
7.812500000000000163e-06	5.288838948818701952e-02	1.330699892714619637e-01	1.268196124583482742e-01
7.812500000000000163e-06	5.229312287572818185e-02	1.338563505560159683e-01	1.257176836952567101e-01
7.812500000000000163e-06	5.504581704735755920e-02	1.333976928144693375e-01	1.287063229829072952e-01
7.812500000000000163e-06	5.131663587180119307e-02	1.338395802304148674e-01	1.276999348774552345e-01
7.812500000000000163e-06	5.330030719124818211e-02	1.340619400143623352e-01	1.282432926818728447e-01
7.812500000000000163e-06	5.327454313069959063e-02	1.357119856402277946e-01	1.299753757193684578e-01
7.812500000000000163e-06	4.791402448958988203e-02	1.333926226943731308e-01	1.255091251805424690e-01
7.812500000000000163e-06	5.234298494326163065e-02	1.353842280805110931e-01	1.292882561683654785e-01
7.812500000000000163e-06	4.747461409697049939e-02	1.331255035474896431e-01	1.279601212590932846e-01
7.812500000000000163e-06	5.358808013740219700e-02	1.384680066257715225e-01	1.271431520581245422e-01
7.812500000000000163e-06	5.254266104554828481e-02	1.354296132922172546e-01	1.257322365418076515e-01
7.812500000000000163e-06	5.214019784633117105e-02	1.322474135085940361e-01	1.284065078943967819e-01
7.812500000000000163e-06	4.889577452706385385e-02	1.343347178772091866e-01	1.278790980577468872e-01
7.812500000000000163e-06	5.312573475928246414e-02	1.373163834214210510e-01	1.297798361629247665e-01
7.812500000000000163e-06	5.315289462480363852e-02	1.383087001740932465e-01	1.291419211775064468e-01
7.812500000000000163e-06	5.268837726097318208e-02	1.337917735800147057e-01	1.276962524279952049e-01
7.812500000000000163e-06	5.528962581500976997e-02	1.371295815333724022e-01	1.298706820234656334e-01
7.812500000000000163e-06	5.097195308042477835e-02	1.400340897962450981e-01	1.340426029637455940e-01
7.812500000000000163e-06	5.097551384492765569e-02	1.338378963991999626e-01	1.244931491091847420e-01
3.906250000000000081e-06	4.860336597584470619e-02	1.350140199065208435e-01	1.251894682645797729e-01
3.906250000000000081e-06	5.602614772565002454e-02	1.362805496901273727e-01	1.323375171050429344e-01
