1.000000000000000021e-03	4.121520111230031480e-01	3.805212972988009090e-01	3.647756479680538400e-01
1.000000000000000021e-03	2.611404264940641040e-01	2.593902065491801023e-01	2.466269809752702769e-01
1.000000000000000021e-03	2.297372148871213715e-01	2.058509571858101461e-01	1.916282350197434370e-01
1.000000000000000021e-03	2.129148564248878328e-01	2.604403292165377026e-01	2.515862040221691354e-01
1.000000000000000021e-03	1.990764225037240653e-01	2.622151689223594095e-01	2.485281847417354639e-01
1.000000000000000021e-03	1.891292631929526735e-01	1.336342075654349537e-01	1.242388965561986025e-01
1.000000000000000021e-03	1.725152643693263210e-01	1.547133042160128980e-01	1.442068193107843288e-01
1.000000000000000021e-03	1.627210861959382526e-01	1.323984361287811051e-01	1.289695331826806179e-01
1.000000000000000021e-03	1.564328723682991140e-01	1.701651068882168161e-01	1.620937392115592846e-01
1.000000000000000021e-03	1.471487639072053821e-01	1.355562216714414625e-01	1.259558146819472202e-01
1.000000000000000021e-03	1.429985601795212002e-01	1.180840312888484928e-01	1.072737861424684497e-01
1.000000000000000021e-03	1.369127345820233266e-01	1.906464667844522676e-01	1.850933492183685358e-01
1.000000000000000021e-03	1.342138604430558602e-01	1.175199333207769536e-01	1.067222231999039594e-01
1.000000000000000021e-03	1.288559841834021613e-01	1.409663732373277467e-01	1.309877628460526522e-01
1.000000000000000021e-03	1.221946189077078027e-01	9.437410086783439012e-02	8.365936465561389646e-02
1.000000000000000021e-03	1.205792967110889541e-01	1.391731549776037413e-01	1.319833528250455856e-01
1.000000000000000021e-03	1.162384326302637605e-01	1.068297520826000241e-01	9.872591122984886169e-02
1.000000000000000021e-03	1.086910116275498356e-01	8.358815523030245498e-02	7.459184061735868454e-02
1.000000000000000021e-03	1.029940838706118883e-01	1.016901759967129837e-01	8.997722472995520193e-02
1.000000000000000021e-03	9.901544639603421238e-02	8.932193620276700219e-02	8.023667987436056137e-02
1.000000000000000021e-03	9.808274793236529399e-02	8.101343232845760467e-02	7.078935224562883655e-02
1.000000000000000021e-03	9.498293485455626406e-02	7.615795641825461038e-02	6.818796219304204542e-02
1.000000000000000021e-03	9.327721858419880940e-02	1.199292050606293181e-01	1.125647913664579447e-01
1.000000000000000021e-03	8.782133661587616935e-02	7.301037598654862293e-02	6.397433448582887094e-02
1.000000000000000021e-03	8.749107819715858103e-02	7.146229819243490877e-02	6.356113422662020007e-02
1.000000000000000021e-03	8.452903349310107728e-02	7.403735018759498299e-02	6.448553623631596288e-02
1.000000000000000021e-03	8.270743175682250536e-02	6.772491326116766852e-02	6.174137033522129198e-02
1.000000000000000021e-03	7.970914791201075267e-02	7.735901456618808625e-02	6.866357000544667799e-02
1.000000000000000021e-03	7.808549407004894416e-02	7.219367753226720030e-02	7.997996537014842588e-02
1.000000000000000021e-03	7.588624313404353228e-02	7.235587778359807432e-02	6.314043789170682708e-02
1.000000000000000021e-03	7.517953506991084667e-02	6.973790402733842653e-02	7.167694699019193372e-02
1.000000000000000021e-03	7.521674319139533271e-02	7.257164798247876802e-02	6.845098435878753385e-02
1.000000000000000021e-03	7.417423323169566873e-02	6.475063865877571379e-02	6.590481316670775136e-02
1.000000000000000021e-03	7.226161701456275399e-02	7.404190428672036139e-02	8.156062019988893907e-02
1.000000000000000021e-03	7.108076844297223085e-02	7.361647820207460613e-02	8.200735896825790683e-02
1.000000000000000021e-03	7.005026803686217884e-02	6.386073154070615043e-02	5.862685367465018949e-02
1.000000000000000021e-03	6.995202748320558661e-02	7.390899753383316229e-02	7.032296508550643643e-02
1.000000000000000021e-03	6.911049075663054653e-02	6.897265649356766615e-02	6.811333280056715289e-02
1.000000000000000021e-03	6.885080850873318004e-02	7.452140303806484289e-02	6.893637720495462973e-02
1.000000000000000021e-03	6.798586822339723612e-02	9.975178056050346131e-02	9.585010763257742483e-02
1.000000000000000021e-03	6.848146356403862767e-02	6.496652662363976150e-02	5.729201138019561490e-02
1.000000000000000021e-03	6.755211035254529706e-02	8.101120167923847593e-02	9.129387540742754659e-02
1.000000000000000021e-03	6.685856417679661434e-02	7.127944850094655727e-02	6.794297574087977687e-02
1.000000000000000021e-03	6.655959293046893877e-02	6.408918574842482896e-02	6.421707412227987966e-02
1.000000000000000021e-03	6.480332855362751221e-02	8.171605262222714217e-02	8.167555108666420260e-02
1.000000000000000021e-03	6.260649080823298129e-02	6.150620346840139641e-02	6.231568856164813180e-02
1.000000000000000021e-03	6.236866681493597603e-02	8.019685946131875631e-02	8.350967252627014559e-02
1.000000000000000021e-03	6.487800554091185945e-02	6.563427962401774396e-02	5.589596321806311607e-02
1.000000000000000021e-03	6.408504162844078089e-02	6.488733373933437687e-02	7.078867964446544647e-02
1.000000000000000021e-03	6.111642199071636722e-02	6.562724229709016033e-02	7.605054965242744047e-02
1.000000000000000021e-03	6.096426768248999067e-02	7.730335746136010600e-02	7.697891127318143289e-02
1.000000000000000021e-03	5.989621234207114647e-02	7.325216969816472634e-02	7.931998549029231627e-02
1.000000000000000021e-03	6.182551553441453102e-02	5.867801704175809596e-02	6.400841670110821169e-02
1.000000000000000021e-03	6.086547568726498325e-02	6.398794891712553112e-02	7.631996264681220610e-02
1.000000000000000021e-03	5.977191545454966365e-02	6.718084773936196241e-02	7.276403205469250679e-02
1.000000000000000021e-03	5.955412979126670225e-02	6.547562709731581665e-02	5.564143117517232617e-02
1.000000000000000021e-03	6.229179453401630789e-02	6.855602398592763880e-02	7.066400577314198295e-02
1.000000000000000021e-03	6.115773079321958766e-02	7.286464296164313348e-02	7.087707472965121269e-02
1.000000000000000021e-03	5.853521841653493152e-02	5.886333987740945822e-02	6.027969326823949536e-02
1.000000000000000021e-03	5.865948940472869022e-02	6.828995474189987480e-02	7.895064372569322864e-02
1.000000000000000021e-03	5.793113789481607601e-02	7.370325220817046386e-02	8.427196228876709938e-02
1.000000000000000021e-03	5.721002955741664314e-02	5.821826948701399468e-02	5.941225728020071983e-02
1.000000000000000021e-03	5.472212612472903553e-02	5.515688420785347379e-02	5.945399543270468712e-02
1.000000000000000021e-03	5.941754148502624566e-02	6.491223668084718235e-02	6.735460618510842601e-02
1.000000000000000021e-03	5.477195285876141490e-02	9.945793602010966072e-02	8.774701990187168399e-02
1.000000000000000021e-03	5.586211204663170393e-02	5.910910199840031104e-02	6.192300040274858336e-02
1.000000000000000021e-03	5.621637422818995949e-02	7.231167253321378607e-02	6.366487322375177782e-02
1.000000000000000021e-03	5.646898267100445429e-02	6.094290004038686176e-02	6.485048020258546431e-02
1.000000000000000021e-03	5.663139357135661689e-02	5.019019160868297413e-02	4.833567691966891150e-02
1.000000000000000021e-03	5.493411672620699543e-02	6.821299728532735640e-02	7.312700347974895876e-02
1.000000000000000021e-03	5.331727997586781231e-02	7.504233598943156613e-02	6.367611642926931936e-02
1.000000000000000021e-03	5.693491491629433521e-02	6.157321170830602070e-02	5.494192875921725949e-02
1.000000000000000021e-03	5.682305695945229218e-02	5.751128724888357469e-02	6.253059413284063617e-02
1.000000000000000021e-03	5.220832076159898083e-02	5.517971997407718210e-02	6.222728807479142865e-02
1.000000000000000021e-03	5.194333818085045129e-02	5.960828315525154575e-02	5.779818175360560556e-02
1.000000000000000021e-03	5.542802257834997942e-02	5.528308062068142820e-02	5.986668933182955066e-02
1.000000000000000021e-03	5.226162407783452313e-02	5.632086078689984426e-02	6.184940841048956056e-02
1.000000000000000021e-03	5.132381480410391772e-02	6.615571299304512376e-02	6.862596143037080765e-02
1.000000000000000021e-03	5.268645746857707896e-02	5.755067868304502426e-02	5.879649855196476121e-02
1.000000000000000021e-03	5.058348829759942711e-02	5.767369037250261871e-02	6.003640862181782584e-02
1.000000000000000021e-03	4.985933947967990942e-02	6.008645398688566147e-02	5.754153877496719083e-02
1.000000000000000021e-03	4.924050212955322081e-02	4.930681683591211367e-02	4.281277125701308389e-02
1.000000000000000021e-03	5.059208005120616886e-02	6.783894500183185183e-02	6.886990545317531187e-02
1.000000000000000021e-03	4.811571517427207234e-02	5.385167843111210439e-02	5.318453190848231038e-02
1.000000000000000021e-03	4.762866228186092565e-02	5.483938718497441411e-02	5.692644463852047920e-02
1.000000000000000021e-03	5.155688751144350823e-02	6.476037403207798859e-02	6.403637053444981297e-02
1.000000000000000021e-03	4.982016263545911705e-02	6.513861754021720019e-02	6.812882972881198484e-02
1.000000000000000021e-03	4.772381609876777397e-02	5.761709686427216037e-02	6.600148873403668959e-02
1.000000000000000021e-03	4.704325698389779514e-02	4.848628307824359718e-02	4.922703318297862868e-02
1.000000000000000021e-03	4.803003696372614567e-02	5.597929802786617143e-02	6.324130445718764704e-02
1.000000000000000021e-03	4.870393715036026167e-02	5.477546159353555849e-02	5.151700172573327879e-02
1.000000000000000021e-03	4.771842488638705637e-02	5.402285404776403094e-02	5.132352765649557391e-02
1.000000000000000021e-03	4.849053744319880427e-02	5.187673213360197155e-02	5.413163481280207356e-02
1.000000000000000021e-03	4.880291162413036288e-02	5.214545901143113893e-02	4.988895598798990388e-02
1.000000000000000021e-03	4.550540373336096900e-02	5.685671723169806457e-02	5.737632531672716418e-02
1.000000000000000021e-03	4.481782279193505247e-02	5.576695611027522592e-02	5.729072196409105977e-02
1.000000000000000021e-03	4.447099935304570789e-02	5.962030763167361358e-02	6.277651777490973750e-02
1.000000000000000021e-03	4.462168477215588264e-02	5.169541868551863484e-02	5.680434294044971189e-02
1.000000000000000021e-03	4.401183625279019018e-02	5.296702353352027159e-02	5.401184177026152611e-02
1.000000000000000021e-03	4.487905123744023728e-02	6.746650272639009849e-02	7.036019600927830020e-02
1.000000000000000021e-03	4.566684528132071430e-02	5.489503025657531399e-02	5.897420374676585336e-02
1.000000000000000021e-03	4.356378020524735717e-02	5.367176347846135814e-02	5.691470624879002571e-02
1.000000000000000021e-03	4.456347934446618086e-02	4.881715898387407188e-02	4.435536349192261557e-02
1.000000000000000021e-03	4.350418433408324154e-02	6.007566045560137902e-02	6.262711593881249705e-02
1.000000000000000021e-03	4.179621763297677872e-02	4.867304587512428365e-02	5.654768208041786870e-02
1.000000000000000021e-03	4.297129107165676559e-02	4.744470313542488438e-02	4.806560361757874350e-02
1.000000000000000021e-03	4.456992185479024399e-02	5.857262218185744357e-02	5.843520658090710362e-02
1.000000000000000021e-03	4.212058401640034200e-02	5.203655510360657988e-02	5.430516372434794625e-02
1.000000000000000021e-03	4.261311330984781515e-02	4.625463162924294686e-02	4.861431685276329517e-02
1.000000000000000021e-03	4.195865558231722664e-02	5.869856773246645565e-02	6.095245154574513435e-02
1.000000000000000021e-03	4.166515900115761589e-02	4.981580404906060799e-02	5.337933618575334271e-02
1.000000000000000021e-03	4.190255487754880603e-02	4.817635337797759182e-02	5.206903507933020869e-02
1.000000000000000021e-03	4.213684870427503865e-02	6.920207211874541964e-02	7.430313369259237966e-02
1.000000000000000021e-03	4.301889845369998022e-02	5.139735175286912205e-02	5.847399332560598850e-02
1.000000000000000021e-03	4.160476274411299691e-02	4.554777716271852378e-02	4.481821120716631551e-02
1.000000000000000021e-03	4.063435528078455233e-02	5.176676095936311173e-02	5.584837049245834628e-02
1.000000000000000021e-03	4.138329151287509916e-02	4.859314826731594289e-02	4.910785825923084935e-02
1.000000000000000021e-03	4.213303062845933505e-02	4.940994275021927395e-02	4.791175005957484107e-02
1.000000000000000021e-03	4.100164532154330216e-02	4.774056269704359673e-02	4.520769491791724881e-02
1.000000000000000021e-03	4.320044094970782594e-02	6.021899692909255669e-02	6.101360339671373090e-02
1.000000000000000021e-03	4.040636943134199438e-02	4.732462119174565135e-02	4.784769518300890923e-02
1.000000000000000021e-03	4.127236721476994219e-02	4.837350835974928154e-02	5.158347585238516608e-02
1.000000000000000021e-03	4.116822191887362092e-02	4.671769102557479098e-02	4.879909539595246593e-02
1.000000000000000021e-03	4.116876434194549628e-02	5.610482283521697061e-02	6.222948944196105003e-02
1.000000000000000021e-03	4.018285304823713405e-02	4.903705004622174735e-02	5.032008895650506158e-02
1.000000000000000021e-03	3.964338268393378939e-02	4.360561151818143077e-02	4.468279869761317830e-02
1.000000000000000021e-03	4.145321174329141128e-02	5.004093479072548034e-02	5.130105460993945876e-02
1.000000000000000021e-03	3.958839832015721011e-02	4.588147042153393335e-02	4.581276327371597290e-02
1.000000000000000021e-03	3.943322131593363089e-02	4.512469880087837532e-02	4.440264725126326362e-02
1.000000000000000021e-03	3.767513831694885990e-02	4.626959543772705269e-02	4.865674297325313369e-02
1.000000000000000021e-03	3.888420737551664952e-02	5.296348643864636635e-02	5.084057860076427598e-02
1.000000000000000021e-03	3.957259070849855620e-02	4.993937717487362954e-02	5.146618862636387348e-02
1.000000000000000021e-03	3.816150147261974934e-02	5.231316682165829818e-02	5.605486663989722729e-02
1.000000000000000021e-03	3.791521118066385615e-02	4.684964542067487914e-02	4.716796260327101031e-02
1.000000000000000021e-03	3.714100960826305364e-02	4.505606535919674110e-02	4.562647128477692604e-02
1.000000000000000021e-03	3.844849253750561718e-02	4.658135266594237711e-02	5.024777236394584179e-02
1.000000000000000021e-03	3.710395816026592491e-02	4.172229136862055932e-02	4.761028233915567259e-02
1.000000000000000021e-03	3.704467592863858877e-02	4.311589949340096511e-02	4.750199639238417149e-02
1.000000000000000021e-03	3.734999785222516133e-02	4.529373602288243317e-02	4.786770096980035027e-02
1.000000000000000021e-03	3.680563362455076953e-02	4.706557424670738954e-02	4.917977983132004738e-02
1.000000000000000021e-03	3.713694903858703877e-02	4.065057588497381774e-02	4.047489026561379433e-02
1.000000000000000021e-03	3.664240970288756838e-02	4.775070009938397336e-02	5.182518633082509180e-02
1.000000000000000021e-03	3.744667478625236107e-02	4.161564147597208302e-02	4.541015285067260404e-02
1.000000000000000021e-03	3.887659122429489023e-02	4.709656247917894112e-02	5.028606248088181296e-02
1.000000000000000021e-03	3.616475721971804114e-02	4.535398712254943426e-02	4.928405331447720250e-02
1.000000000000000021e-03	3.621138041972282035e-02	4.169664156491531548e-02	4.643478658981621543e-02
1.000000000000000021e-03	3.661311215083393883e-02	4.540959819761246352e-02	4.312529955059289655e-02
1.000000000000000021e-03	3.628657900074355042e-02	5.015042746020237363e-02	5.513716014102101187e-02
1.000000000000000021e-03	3.641879917656078852e-02	4.403329982924523989e-02	4.208392472937703271e-02
1.000000000000000021e-03	3.551988155646612633e-02	4.447633297187495588e-02	4.837805908173322539e-02
1.000000000000000021e-03	4.054988766605941569e-02	4.302129269387397481e-02	4.783114222809672217e-02
1.000000000000000021e-03	3.583713975984770261e-02	4.660184661911419973e-02	4.601351935416460315e-02
1.000000000000000021e-03	3.620988332220570483e-02	4.394233921123424924e-02	3.935977998189628402e-02
1.000000000000000021e-03	3.508922558899810890e-02	4.603674827406855491e-02	4.567939480766654292e-02
1.000000000000000021e-03	3.517512188614316249e-02	4.352389588093882183e-02	4.734858125448226929e-02
1.000000000000000021e-03	3.505732941724589574e-02	3.836458171498401126e-02	3.839684277772903442e-02
1.000000000000000021e-03	3.470847160035853834e-02	4.643973673045323491e-02	4.169203443452716012e-02
1.000000000000000021e-03	3.677538645070711765e-02	4.601473217898326140e-02	4.763852003961801390e-02
1.000000000000000021e-03	3.802197082526223570e-02	4.311674090190083242e-02	4.265522416681051532e-02
1.000000000000000021e-03	3.567285391915461790e-02	3.750981650856465011e-02	3.807705226354300698e-02
1.000000000000000021e-03	3.546277052111199840e-02	3.980101484083692354e-02	4.223883845843375007e-02
1.000000000000000021e-03	3.509067819757715617e-02	4.437183604346520149e-02	4.727373765781521520e-02
1.000000000000000021e-03	3.456490288893277613e-02	4.070664867173626883e-02	4.085458484478295127e-02
1.000000000000000021e-03	3.409444466731692547e-02	4.116357261246723909e-02	4.278168957680463652e-02
1.000000000000000021e-03	3.432231790745341599e-02	3.946220853331825623e-02	4.171947580762207231e-02
1.000000000000000021e-03	3.483458997929873152e-02	4.401099105506979525e-02	4.471575734205544134e-02
1.000000000000000021e-03	3.430135289576596164e-02	3.738194296419308782e-02	3.890168871730566302e-02
1.000000000000000021e-03	3.410564395943098404e-02	4.246276991529614186e-02	4.601867701858282367e-02
1.000000000000000021e-03	3.443108596570829127e-02	4.307117569626001813e-02	4.340898655354976515e-02
1.000000000000000021e-03	3.362613749745074071e-02	3.905283382737823744e-02	3.895627050660550872e-02
1.000000000000000021e-03	3.297360542752043877e-02	4.515620575564381622e-02	4.661111086606979648e-02
1.000000000000000021e-03	3.379260122975406844e-02	4.147931045964750596e-02	4.279303173534572402e-02
1.000000000000000021e-03	3.321694742959727109e-02	4.751451852785042868e-02	4.697488537058234354e-02
1.000000000000000021e-03	3.316196906551016621e-02	4.555896531146858691e-02	4.842972923070192059e-02
1.000000000000000021e-03	3.316896989044406524e-02	3.954572155486538870e-02	4.168178513646125793e-02
1.000000000000000021e-03	3.211010285393660346e-02	4.014725984118059504e-02	4.146489831618964395e-02
1.000000000000000021e-03	3.355924345752296645e-02	4.438020556150931023e-02	4.274416631087660928e-02
1.000000000000000021e-03	3.284679568974586267e-02	4.249717289318589303e-02	4.285917128436267376e-02
1.000000000000000021e-03	3.186996641865193908e-02	4.612089096719682035e-02	4.575319071300328055e-02
1.000000000000000021e-03	3.481617654332974654e-02	4.148422421507186320e-02	4.351356676779687127e-02
1.000000000000000021e-03	3.217748192709465882e-02	3.898732240326429482e-02	3.702816669829189777e-02
1.000000000000000021e-03	3.278788072536545362e-02	3.945427534233836991e-02	4.620547993108629903e-02
1.000000000000000021e-03	3.178579319396325487e-02	3.850084182401602301e-02	4.521185955964028558e-02
1.000000000000000021e-03	3.163399803817896344e-02	3.722205522094721580e-02	4.241622076369822025e-02
1.000000000000000021e-03	3.136920250969580520e-02	4.030458902189244796e-02	4.609681908041238924e-02
1.000000000000000021e-03	3.152476787814190856e-02	3.848562324273336471e-02	3.880715682171285291e-02
1.000000000000000021e-03	3.129390599839974169e-02	4.074899975151916043e-02	4.061984280124306818e-02
1.000000000000000021e-03	3.104080749678882201e-02	3.775815584779721595e-02	4.060075660236180106e-02
1.000000000000000021e-03	3.084953235372372288e-02	4.047758647128549270e-02	4.081776193343102793e-02
1.000000000000000021e-03	3.126086296059663733e-02	3.741571692389031312e-02	3.940155454911291322e-02
1.000000000000000021e-03	3.094687018112223659e-02	3.987732519888129157e-02	3.925705724395811558e-02
1.000000000000000021e-03	3.178419551469164467e-02	3.568361179795876553e-02	3.889384176582098146e-02
1.000000000000000021e-03	3.033699771934397424e-02	3.923432271518008385e-02	3.881124025210738043e-02
1.000000000000000021e-03	3.024250196337422564e-02	3.945263231377951069e-02	3.874949649907648286e-02
1.000000000000000021e-03	3.195236953340552938e-02	4.056492892547427370e-02	4.264976633712649207e-02
1.000000000000000021e-03	3.135133625797541929e-02	3.733283273524638790e-02	3.702999567613005777e-02
1.000000000000000021e-03	3.120000208898676686e-02	3.816514330579660191e-02	3.857468403875827928e-02
1.000000000000000021e-03	3.261165520248890393e-02	3.582943642404690793e-02	4.188000950962304791e-02
1.000000000000000021e-03	3.065413989152687702e-02	3.897008135017612090e-02	4.480027151294052601e-02
1.000000000000000021e-03	3.054807628783949569e-02	4.028233897467558416e-02	3.936544763855635842e-02
1.000000000000000021e-03	3.013329996081061390e-02	3.940175658004134440e-02	4.438162920996546745e-02
1.000000000000000021e-03	3.226290714080212729e-02	3.999302078877132322e-02	4.499535229988396029e-02
1.000000000000000021e-03	3.101201300629007757e-02	4.032403819692072233e-02	4.184946436434984485e-02
1.000000000000000021e-03	2.993965502059029588e-02	4.104147374590966235e-02	4.253303422592580318e-02
1.000000000000000021e-03	3.242531442313675849e-02	3.970256740354118768e-02	3.732577902264892777e-02
1.000000000000000021e-03	3.144863736233335233e-02	3.868730811899557392e-02	4.024045672267675261e-02
1.000000000000000021e-03	3.046554982891916397e-02	4.594171277359518357e-02	4.853526437655091008e-02
1.000000000000000021e-03	3.019907239146222763e-02	3.809758947664842327e-02	3.987271985970437804e-02
1.000000000000000021e-03	2.994891616053675654e-02	3.696404753438153196e-02	3.653324749320745191e-02
1.000000000000000021e-03	2.984988094329695321e-02	3.705576947690304712e-02	3.658107514493167539e-02
1.000000000000000021e-03	2.947813596678307280e-02	3.508496421013827110e-02	3.629849520511925498e-02
1.000000000000000021e-03	3.042139071990682120e-02	3.681041039916545243e-02	4.134681620635092397e-02
1.000000000000000021e-03	2.984545780145338514e-02	4.260427208315015202e-02	4.554271893575787683e-02
1.000000000000000021e-03	2.967358713426723055e-02	4.109830793519918951e-02	4.123338032513856888e-02
1.000000000000000021e-03	3.043782712004259455e-02	3.959033762090181235e-02	4.172217939049005508e-02
1.000000000000000021e-03	2.912049354262619821e-02	4.392209094193281343e-02	4.833335718140006204e-02
1.000000000000000021e-03	2.944099965303217242e-02	3.904390442355765156e-02	3.722245376557111601e-02
1.000000000000000021e-03	3.000113097035205303e-02	3.884566749850804773e-02	3.997140103019773683e-02
1.000000000000000021e-03	2.994910558580554660e-02	3.616177247768921632e-02	3.973708124831318994e-02
1.000000000000000021e-03	2.921900014138936047e-02	3.751368710468888645e-02	4.063307926990091662e-02
1.000000000000000021e-03	2.870319675656339900e-02	3.713219159365636207e-02	3.832617299631237845e-02
1.000000000000000021e-03	2.900122634095636531e-02	3.955823826696235751e-02	4.417721247300505916e-02
1.000000000000000021e-03	2.976604229692042525e-02	4.655945412229493124e-02	4.992624800652265687e-02
1.000000000000000021e-03	2.898168031271458264e-02	4.008828032352225457e-02	4.154883655719458779e-02
1.000000000000000021e-03	2.970318528842516917e-02	3.569365668242202583e-02	4.038150869309901914e-02
1.000000000000000021e-03	3.019397717604219503e-02	3.750731755067540640e-02	4.009365057572722435e-02
1.000000000000000021e-03	3.003513586770801755e-02	4.700442470844191228e-02	5.358484750613570075e-02
1.000000000000000021e-03	2.913498458489905546e-02	4.092061447457493589e-02	4.409216507337987423e-02
1.000000000000000021e-03	2.814965126488775879e-02	4.053751655235028617e-02	4.381808042526245256e-02
1.000000000000000021e-03	2.888732599533353276e-02	3.885373011894563411e-02	4.018213716335594654e-02
1.000000000000000021e-03	2.903779707914039623e-02	3.669503253167836349e-02	3.910930547863245010e-02
1.000000000000000021e-03	2.972255350827928203e-02	3.769714732444723326e-02	3.919923696666956225e-02
5.000000000000000104e-04	2.426677884197013177e-02	3.356094963614541377e-02	3.616279698908329149e-02
5.000000000000000104e-04	2.287861924572973105e-02	3.466551961543048316e-02	3.714658874087035934e-02
5.000000000000000104e-04	2.270257416484122368e-02	3.476406453440638450e-02	3.717894982546567778e-02
5.000000000000000104e-04	2.232913109742066041e-02	3.309825764900727052e-02	3.551071435213089267e-02
5.000000000000000104e-04	2.221624594216450171e-02	3.223511362107012168e-02	3.458139197900891165e-02
5.000000000000000104e-04	2.228693681410955432e-02	3.493280384045933246e-02	3.787559238262474398e-02
5.000000000000000104e-04	2.190020762778354876e-02	3.185897055252684407e-02	3.396877991035580913e-02
5.000000000000000104e-04	2.136277438831093653e-02	3.025289470846740519e-02	3.233084152452647686e-02
5.000000000000000104e-04	2.162728736631099741e-02	3.162613907994712287e-02	3.344792486168444295e-02
5.000000000000000104e-04	2.171603788433725327e-02	3.081018080281493557e-02	3.379648625850677213e-02
5.000000000000000104e-04	2.162018865823676222e-02	3.186948068869051298e-02	3.381330557167529921e-02
5.000000000000000104e-04	2.109668731425063531e-02	3.208826252147164992e-02	3.333562226034701009e-02
5.000000000000000104e-04	2.116468499364236935e-02	3.067638694810929587e-02	3.229819559492171088e-02
5.000000000000000104e-04	2.118193085504226428e-02	3.103689025326861195e-02	3.384291650727391104e-02
5.000000000000000104e-04	2.114924042116701070e-02	2.997342588779813854e-02	3.412392851896584034e-02
5.000000000000000104e-04	2.086192743182008896e-02	3.128959247306067198e-02	3.394152163527906080e-02
5.000000000000000104e-04	2.117522871809826915e-02	3.041213144260551324e-02	3.340342808514833173e-02
5.000000000000000104e-04	2.114221436817279032e-02	3.093973295616853775e-02	3.399786353111267090e-02
5.000000000000000104e-04	2.074665971503415751e-02	3.164565608061421093e-02	3.362668179906904559e-02
5.000000000000000104e-04	2.054053621551909375e-02	3.259121975739588672e-02	3.505955156870186468e-02
5.000000000000000104e-04	2.054219753462485296e-02	3.184852792018370848e-02	3.234845101833343228e-02
5.000000000000000104e-04	2.051695135821344010e-02	3.260057176711983473e-02	3.386664916761219363e-02
5.000000000000000104e-04	2.050900025159952886e-02	3.130871849378365906e-02	3.224800666794180870e-02
5.000000000000000104e-04	2.060592729368568299e-02	3.077851860974159526e-02	3.135509295389056483e-02
5.000000000000000104e-04	2.021431125410078772e-02	3.283539622124889007e-02	3.365916488692164560e-02
5.000000000000000104e-04	2.060691643031687878e-02	3.152728162666890155e-02	3.479811605066061159e-02
5.000000000000000104e-04	2.056873224430770183e-02	2.929574630530404691e-02	3.249260447919368605e-02
5.000000000000000104e-04	2.037528402932148666e-02	3.183991429810436452e-02	3.356184763833880424e-02
5.000000000000000104e-04	2.054130029878153615e-02	3.228345871244737292e-02	3.401116440072655955e-02
5.000000000000000104e-04	2.054978211189838547e-02	3.356221496707793850e-02	3.504188759252428731e-02
5.000000000000000104e-04	2.013265177523018354e-02	3.201090372825792646e-02	3.384406338445842405e-02
5.000000000000000104e-04	2.013924653864551662e-02	3.144489200444433585e-02	3.184416387230157991e-02
5.000000000000000104e-04	2.037655198843656840e-02	3.012599076354066652e-02	3.198426403105258942e-02
5.000000000000000104e-04	2.010628062291173676e-02	2.980876169825723634e-02	3.333294293843210021e-02
5.000000000000000104e-04	2.038969454767833658e-02	3.018749583297999223e-02	3.132949597202241282e-02
5.000000000000000104e-04	1.998099368260636971e-02	3.096835904252466867e-02	3.184586483985185623e-02
5.000000000000000104e-04	1.996329963129228266e-02	3.147951781710717212e-02	3.434197679162025174e-02
5.000000000000000104e-04	2.024796873021170868e-02	3.161691461753158433e-02	3.330235201865434924e-02
5.000000000000000104e-04	1.983924322599602691e-02	2.949989569027230280e-02	3.268384663388133188e-02
5.000000000000000104e-04	1.994028346371415003e-02	3.082196565627739679e-02	3.365972181782126565e-02
5.000000000000000104e-04	1.973756453604234157e-02	2.984193377001747444e-02	3.216406702995300293e-02
5.000000000000000104e-04	1.977493120016071693e-02	3.102759639513118228e-02	3.263364243321120739e-02
5.000000000000000104e-04	1.975503732212464253e-02	3.143739874879415003e-02	3.491791058331727982e-02
5.000000000000000104e-04	1.965978222456503388e-02	3.159504826546339490e-02	3.386657871305942535e-02
5.000000000000000104e-04	1.975419246410130628e-02	3.166738099842795334e-02	3.366866670548916002e-02
5.000000000000000104e-04	1.976596767114233849e-02	2.966361451913548941e-02	3.115842584520578384e-02
5.000000000000000104e-04	1.958630189902044530e-02	3.093600218520738826e-02	3.347504194825887819e-02
5.000000000000000104e-04	1.976627363200847073e-02	3.041050882512674400e-02	3.190576210618019382e-02
2.500000000000000052e-04	1.723628016345857272e-02	2.995247741020162779e-02	3.121251226402819295e-02
2.500000000000000052e-04	1.688821881537072578e-02	2.822840565825320003e-02	3.024660954251885345e-02
2.500000000000000052e-04	1.663389979141648850e-02	2.905016227171839174e-02	3.074820227921009133e-02
2.500000000000000052e-04	1.666280793577623251e-02	3.065460896928897186e-02	3.254925142973661562e-02
2.500000000000000052e-04	1.645419512641870322e-02	3.063588060867724130e-02	3.224200913682580272e-02
2.500000000000000052e-04	1.642238509685772091e-02	2.990791000698873534e-02	3.079645540565252235e-02
2.500000000000000052e-04	1.653766325756760025e-02	2.890670160563048319e-02	3.026016592048108578e-02
2.500000000000000052e-04	1.628380708576306415e-02	2.838105302674608088e-02	2.948476006276905606e-02
2.500000000000000052e-04	1.619907456421449884e-02	2.890660562089288413e-02	2.973062663804739575e-02
2.500000000000000052e-04	1.638819315102885490e-02	2.916544831860127737e-02	3.121173265390098095e-02
2.500000000000000052e-04	1.633423447626284816e-02	2.865136014931489103e-02	3.054725234396755626e-02
2.500000000000000052e-04	1.624366828555229292e-02	3.003763982840857577e-02	3.026002664119005134e-02
2.500000000000000052e-04	1.635498195125950627e-02	2.853198789781768996e-02	2.949798270128667355e-02
2.500000000000000052e-04	1.611456408697966441e-02	2.888457558034914288e-02	2.937230214010923962e-02
2.500000000000000052e-04	1.650297946993905043e-02	3.033975358681841039e-02	3.189437058754265170e-02
2.500000000000000052e-04	1.615836114501835105e-02	3.072313162746853968e-02	3.254359601996838908e-02
2.500000000000000052e-04	1.623835449592969313e-02	2.902277369364237788e-02	2.946820324286818574e-02
2.500000000000000052e-04	1.619572138631582975e-02	2.836099384030746698e-02	2.964396956376731326e-02
2.500000000000000052e-04	1.611272883701716369e-02	3.011758567970148487e-02	3.170332405716180801e-02
2.500000000000000052e-04	1.602164496965121157e-02	2.973604089146509102e-02	3.095528767444193433e-02
2.500000000000000052e-04	1.613574694796590658e-02	3.018787630994594628e-02	3.117775556165724993e-02
2.500000000000000052e-04	1.585416687103102101e-02	2.922209388337522126e-02	3.042616066522896290e-02
2.500000000000000052e-04	1.604227331391665234e-02	2.981929245029444481e-02	3.086726977489888737e-02
1.250000000000000026e-04	1.469684041735302808e-02	2.832826116751313919e-02	2.973306132480502129e-02
1.250000000000000026e-04	1.466714003225739679e-02	2.818993739393681197e-02	2.851594141684472491e-02
1.250000000000000026e-04	1.466123635407673778e-02	2.874706943972884718e-02	3.020075191743671825e-02
1.250000000000000026e-04	1.442365678500789374e-02	2.842154394328126263e-02	2.907421165145933697e-02
1.250000000000000026e-04	1.455032903486521388e-02	2.884017795090275740e-02	3.091621319763362269e-02
1.250000000000000026e-04	1.449789390956128000e-02	2.789459372651202640e-02	2.858856390230357647e-02
1.250000000000000026e-04	1.446375773039631878e-02	2.813042863150229736e-02	2.871930198743939330e-02
1.250000000000000026e-04	1.447281759360143083e-02	2.800871147554738483e-02	2.826598742976784567e-02
1.250000000000000026e-04	1.441479184940552653e-02	2.832017793120202021e-02	2.910257573239505291e-02
1.250000000000000026e-04	1.435234977031010599e-02	2.808827667433709888e-02	2.952915062196552823e-02
1.250000000000000026e-04	1.434737805129744637e-02	2.825770509570681155e-02	2.921906867995858331e-02
1.250000000000000026e-04	1.423968583477608005e-02	2.809857261606068038e-02	2.868637016508728335e-02
1.250000000000000026e-04	1.425058298666786495e-02	2.803498279322816367e-02	2.955981788691133122e-02
1.250000000000000026e-04	1.434332352682055230e-02	2.871180627085463677e-02	2.984802667051553865e-02
1.250000000000000026e-04	1.428294397452808256e-02	2.818235069396296186e-02	2.871023374609649181e-02
1.250000000000000026e-04	1.424526437031297006e-02	2.772608213614262754e-02	2.927576256915926864e-02
1.250000000000000026e-04	1.412681558989140052e-02	2.922603037422864120e-02	2.961165765300393174e-02
1.250000000000000026e-04	1.420701649625107955e-02	2.769752343658221302e-02	2.835298851132393022e-02
1.250000000000000026e-04	1.405339934573296944e-02	2.799125704719290092e-02	2.866069963201880316e-02
1.250000000000000026e-04	1.410981523736643851e-02	2.906505677712525534e-02	3.093163841404020925e-02
1.250000000000000026e-04	1.422568021744160215e-02	2.815283203975380358e-02	2.878425063099711995e-02
1.250000000000000026e-04	1.430055923129303422e-02	2.837113422678091273e-02	2.918269187211990426e-02
1.250000000000000026e-04	1.417040742647689491e-02	2.784886679743752910e-02	2.850145702250301769e-02
1.250000000000000026e-04	1.406413689960030536e-02	2.849205464358729387e-02	2.902149460278451512e-02
1.250000000000000026e-04	1.430976379407031263e-02	2.862026501466466422e-02	2.944275732152163913e-02
1.250000000000000026e-04	1.417329015157176367e-02	2.805531698800818596e-02	2.803671960718929698e-02
1.250000000000000026e-04	1.405181009387418585e-02	2.883738715747732190e-02	2.955372729338705609e-02
1.250000000000000026e-04	1.409044316436157060e-02	2.809524403504676249e-02	2.882530661299824784e-02
1.250000000000000026e-04	1.409401911472844306e-02	2.871981971648506979e-02	2.892172797583043506e-02
1.250000000000000026e-04	1.399555983246152970e-02	2.809679926572981878e-02	2.889813305810094018e-02
1.250000000000000026e-04	1.393334142519177428e-02	2.784090977240139334e-02	2.860086418222635915e-02
1.250000000000000026e-04	1.409989609553707890e-02	2.797488961856402570e-02	2.850354672409594059e-02
1.250000000000000026e-04	1.393502551862897329e-02	2.821226037200052703e-02	2.907746382988989423e-02
1.250000000000000026e-04	1.398301190724287636e-02	2.853759358690671419e-02	2.949826025869697194e-02
1.250000000000000026e-04	1.389434514160919724e-02	2.796237128762362606e-02	2.846084304619580369e-02
1.250000000000000026e-04	1.393918040110455996e-02	2.770810979003993785e-02	2.895311904139816900e-02
1.250000000000000026e-04	1.393874931686090238e-02	2.857509139359621503e-02	3.003766047768294950e-02
1.250000000000000026e-04	1.383149034575000685e-02	2.831422306441199604e-02	2.844214402139186998e-02
1.250000000000000026e-04	1.401646743263613645e-02	2.799599026256674797e-02	2.870677425526082377e-02
6.250000000000000130e-05	1.317346689343851240e-02	2.773924329420502863e-02	2.834886820055544307e-02
6.250000000000000130e-05	1.314830655554973665e-02	2.757126638539018557e-02	2.905607121065258841e-02
6.250000000000000130e-05	1.312955287612926902e-02	2.844777338557842594e-02	2.936358167789876461e-02
6.250000000000000130e-05	1.318324807274993439e-02	2.777641605468788785e-02	2.903171770740300278e-02
6.250000000000000130e-05	1.317526784347865416e-02	2.799720911026313055e-02	2.883471841923892359e-02
6.250000000000000130e-05	1.314445290608313131e-02	2.753935043860948617e-02	2.863473189063370228e-02
6.250000000000000130e-05	1.310452372279969496e-02	2.752364373214893911e-02	2.906684579793363671e-02
6.250000000000000130e-05	1.304197455840342378e-02	2.817296621960183045e-02	2.939136631321161847e-02
6.250000000000000130e-05	1.303950928307640554e-02	2.773599742048698039e-02	2.945655202493071417e-02
6.250000000000000130e-05	1.303708217734684399e-02	2.753367880603093884e-02	2.918446399271488328e-02
6.250000000000000130e-05	1.304964407402946225e-02	2.768400165676602673e-02	2.890071873553097179e-02
6.250000000000000130e-05	1.302947035875256024e-02	2.746659509486552853e-02	2.784121935255825381e-02
6.250000000000000130e-05	1.294646364078142452e-02	2.837749795880929390e-02	2.935485728085041046e-02
6.250000000000000130e-05	1.312035875998485146e-02	2.808960187322026222e-02	2.883135317824780941e-02
6.250000000000000130e-05	1.296591927520085626e-02	2.775737288754179938e-02	2.882074001245200565e-02
6.250000000000000130e-05	1.296300093419611513e-02	2.777126726952834981e-02	2.850602248217910459e-02
6.250000000000000130e-05	1.304530091106960964e-02	2.772257034301133655e-02	2.852040457073599239e-02
6.250000000000000130e-05	1.298632758380785512e-02	2.824957092434011996e-02	2.892267541028559208e-02
6.250000000000000130e-05	1.301616636809739547e-02	2.780333205238374669e-02	2.842057924717664857e-02
6.250000000000000130e-05	1.295907683172081715e-02	2.818020213765935755e-02	2.873241594061255386e-02
6.250000000000000130e-05	1.299513183282758645e-02	2.737254020879873948e-02	2.796764175873249839e-02
6.250000000000000130e-05	1.300932477006754885e-02	2.766504292790802205e-02	2.823815920855849912e-02
6.250000000000000130e-05	1.299194711270791440e-02	2.738517513547424412e-02	2.814848711714148383e-02
6.250000000000000130e-05	1.298807634429712497e-02	2.765494754235625977e-02	2.858134801499545574e-02
6.250000000000000130e-05	1.296808220036522845e-02	2.739494801035726249e-02	2.936894265003502438e-02
6.250000000000000130e-05	1.292073181242513538e-02	2.789632618641822021e-02	2.945533734746277194e-02
6.250000000000000130e-05	1.293907976379361259e-02	2.807225520522650675e-02	2.829699832946062227e-02
6.250000000000000130e-05	1.289514054822204006e-02	2.762453763194733236e-02	2.828271272592246602e-02
6.250000000000000130e-05	1.284878144859877627e-02	2.771707813387141658e-02	2.790407584980130265e-02
6.250000000000000130e-05	1.293771893193445752e-02	2.745271762784238720e-02	2.819155331235378981e-02
6.250000000000000130e-05	1.294300584648066729e-02	2.814129936016354985e-02	2.836610851809382577e-02
6.250000000000000130e-05	1.290236786116237544e-02	2.740678618325612798e-02	2.812629290856421063e-02
6.250000000000000130e-05	1.284059396565151272e-02	2.806209616304536011e-02	2.874179566279053827e-02
6.250000000000000130e-05	1.293577050108629493e-02	2.770958075309611079e-02	2.826282097958028247e-02
6.250000000000000130e-05	1.289210571089912175e-02	2.819487765548428851e-02	2.899049147963523795e-02
6.250000000000000130e-05	1.288977070912554132e-02	2.768242017838967381e-02	2.820388555992394547e-02
6.250000000000000130e-05	1.278258672167198635e-02	2.829588989176207159e-02	2.884050887078046937e-02
6.250000000000000130e-05	1.292677063369227462e-02	2.747823497894858955e-02	2.829571375623345444e-02
6.250000000000000130e-05	1.271282364963757100e-02	2.761853405844946763e-02	2.821559519506990771e-02
6.250000000000000130e-05	1.287908702677006273e-02	2.762755114799706618e-02	2.804673593491315703e-02
6.250000000000000130e-05	1.285081100717854440e-02	2.764722386482342323e-02	2.812616159208118985e-02
6.250000000000000130e-05	1.285550463240357419e-02	2.799602149356722122e-02	2.836832772009074619e-02
3.125000000000000065e-05	1.250796432191329452e-02	2.820223895589094379e-02	2.895386544987559388e-02
3.125000000000000065e-05	1.249385097970478510e-02	2.843244675137297783e-02	2.927760884631425142e-02
3.125000000000000065e-05	1.238345328654493621e-02	2.788738549945398229e-02	2.891673517879098793e-02
3.125000000000000065e-05	1.240754269720112032e-02	2.766595606287424597e-02	2.817300634924322505e-02
3.125000000000000065e-05	1.243069101398059859e-02	2.759123019171946800e-02	2.857537576928734918e-02
3.125000000000000065e-05	1.240047028151716225e-02	2.776699808684631246e-02	2.953552007675170829e-02
3.125000000000000065e-05	1.241530182269153133e-02	2.775826956589184588e-02	2.836035722866654327e-02
3.125000000000000065e-05	1.238362400761657510e-02	2.765697077969917969e-02	2.872143690474331448e-02
3.125000000000000065e-05	1.242922318811079223e-02	2.771153528711402594e-02	2.832991455215960741e-02
3.125000000000000065e-05	1.244988043452848782e-02	2.783775274003051289e-02	2.862869596574455638e-02
3.125000000000000065e-05	1.235212750110933379e-02	2.833231704319334743e-02	2.903580865822732310e-02
3.125000000000000065e-05	1.239762138716178630e-02	2.766788300828940117e-02	2.851936793886124949e-02
3.125000000000000065e-05	1.243757716650408657e-02	2.731824983203910359e-02	2.778256176970899174e-02
3.125000000000000065e-05	1.235550498251801639e-02	2.770880146527477522e-02	2.811257354915142059e-02
3.125000000000000065e-05	1.234671495093109597e-02	2.716802521389348468e-02	2.744006274733692269e-02
3.125000000000000065e-05	1.235115125454602433e-02	2.794201478986215945e-02	2.860377747565507819e-02
3.125000000000000065e-05	1.240276295335236353e-02	2.744859964123571097e-02	2.779018844012171030e-02
3.125000000000000065e-05	1.237956086962487684e-02	2.865036521399520406e-02	2.957519143819808960e-02
3.125000000000000065e-05	1.240964365040600655e-02	2.755758549081873537e-02	2.791139362379908492e-02
3.125000000000000065e-05	1.232807838464716060e-02	2.741332755409454230e-02	2.823281451128423214e-02
3.125000000000000065e-05	1.237756301014488608e-02	2.813232025980013165e-02	2.885318370535969873e-02
3.125000000000000065e-05	1.238814307270553160e-02	2.724218023307036288e-02	2.769316523335874081e-02
3.125000000000000065e-05	1.236567563453712035e-02	2.734024717389601025e-02	2.804586484562605550e-02
3.125000000000000065e-05	1.237194464770061814e-02	2.722763425197588863e-02	2.819737133104354213e-02
3.125000000000000065e-05	1.235552176203602581e-02	2.741291604116949041e-02	2.846645175013691118e-02
3.125000000000000065e-05	1.239281786478938809e-02	2.738223697853650260e-02	2.813389247749000649e-02
3.125000000000000065e-05	1.230216950179229864e-02	2.743564259885025378e-02	2.830670173279941151e-02
3.125000000000000065e-05	1.234908164340684129e-02	2.770231376494724715e-02	2.857248433865606715e-02
3.125000000000000065e-05	1.236661303996467592e-02	2.777345014336221607e-02	2.892355509102344582e-02
3.125000000000000065e-05	1.237103444350197423e-02	2.730764909427983722e-02	2.810938565526157479e-02
3.125000000000000065e-05	1.233623999508489007e-02	2.751672753566846916e-02	2.867096068803220987e-02
3.125000000000000065e-05	1.225257450210850453e-02	2.767329221269535303e-02	2.847315312828868628e-02
3.125000000000000065e-05	1.235597940251760042e-02	2.752724402530499007e-02	2.806901433505117754e-02
3.125000000000000065e-05	1.233740418053916321e-02	2.853869330333009408e-02	2.979334350675344467e-02
3.125000000000000065e-05	1.231777670193483047e-02	2.782445663283944839e-02	2.821090947836637358e-02
3.125000000000000065e-05	1.232093205261561644e-02	2.800854354004585212e-02	2.908276193775236745e-02
1.562500000000000033e-05	1.223996906893987796e-02	2.714814038956976650e-02	2.830144627951085637e-02
1.562500000000000033e-05	1.215900526554857322e-02	2.822226563380806838e-02	2.884651129133999209e-02
1.562500000000000033e-05	1.207727480624488751e-02	2.774008863766468103e-02	2.842393335886299680e-02
1.562500000000000033e-05	1.208274901550373745e-02	2.793535545799900877e-02	2.891771388240158697e-02
1.562500000000000033e-05	1.215375744379567149e-02	2.725963050704351825e-02	2.782659137155860801e-02
1.562500000000000033e-05	1.210203855783354050e-02	2.744439654344819554e-02	2.792714354582130978e-02
1.562500000000000033e-05	1.210999966844474203e-02	2.782457498394693904e-02	2.838266338221728802e-02
1.562500000000000033e-05	1.208832806979651120e-02	2.783518670253572538e-02	2.818846572190523286e-02
1.562500000000000033e-05	1.215755145827773082e-02	2.747789691860607134e-02	2.822747887112200121e-02
1.562500000000000033e-05	1.207802387538467297e-02	2.785224866375561256e-02	2.849413645453751157e-02
1.562500000000000033e-05	1.205860084131871526e-02	2.756118475025548867e-02	2.832547654397785802e-02
1.562500000000000033e-05	1.216820276972424390e-02	2.731623853122844628e-02	2.797965423669666191e-02
1.562500000000000033e-05	1.208403405211670896e-02	2.711480343470554569e-02	2.767088972032070299e-02
1.562500000000000033e-05	1.208799544406524880e-02	2.714225829271746035e-02	2.772065957542508771e-02
1.562500000000000033e-05	1.207813017266418446e-02	2.710108941235623431e-02	2.767958329059183598e-02
1.562500000000000033e-05	1.200616197555459674e-02	2.721224461940570730e-02	2.770899098832160096e-02
1.562500000000000033e-05	1.203118873908552364e-02	2.740959719759631513e-02	2.802675757557153771e-02
1.562500000000000033e-05	1.210328552860023311e-02	2.732959183917932008e-02	2.875810707919299741e-02
1.562500000000000033e-05	1.212434710418982056e-02	2.731689544521389082e-02	2.804885515943169455e-02
1.562500000000000033e-05	1.207909874028595051e-02	2.801585200861954686e-02	2.890306976623833318e-02
1.562500000000000033e-05	1.208884908003410828e-02	2.731462080441220130e-02	2.758647333830594947e-02
1.562500000000000033e-05	1.209688742757233579e-02	2.769928181261136282e-02	2.820336299482733081e-02
1.562500000000000033e-05	1.212507287157377732e-02	2.758311660209407379e-02	2.832548043224960427e-02
1.562500000000000033e-05	1.209568529085859080e-02	2.735426738195082322e-02	2.779915081337094168e-02
1.562500000000000033e-05	1.207081524822091641e-02	2.721181317325193846e-02	2.838494200259446959e-02
1.562500000000000033e-05	1.203178421828794004e-02	2.711708734484867198e-02	2.770474588032811880e-02
1.562500000000000033e-05	1.206106694936405661e-02	2.740277394808399852e-02	2.804931080900132517e-02
1.562500000000000033e-05	1.205012202317056608e-02	2.714255568205686114e-02	2.833763682283461233e-02
1.562500000000000033e-05	1.206110576016003813e-02	2.731745468247779446e-02	2.781146517954766889e-02
1.562500000000000033e-05	1.198457929220672624e-02	2.733234758366933151e-02	2.798440041951835017e-02
1.562500000000000033e-05	1.200632214001171386e-02	2.740605397354713840e-02	2.880568881519138952e-02
1.562500000000000033e-05	1.210680855557305126e-02	2.823690637087946861e-02	3.272384526208042821e-02
1.562500000000000033e-05	1.210378781324030276e-02	2.767987599528116613e-02	2.808895613998174667e-02
1.562500000000000033e-05	1.206018101210516898e-02	2.735588933141287760e-02	2.762136184610426357e-02
1.562500000000000033e-05	1.199640886242641681e-02	2.764333861621574503e-02	2.843432780355215073e-02
1.562500000000000033e-05	1.204494620798510045e-02	2.763650985678453229e-02	2.822227124124765396e-02
7.812500000000000163e-06	1.199420160056460793e-02	2.802876888223343466e-02	2.849499441217630963e-02
7.812500000000000163e-06	1.198509138824072583e-02	2.770635603649141895e-02	3.024400831200182299e-02
7.812500000000000163e-06	1.193752234347637137e-02	2.744120547635705079e-02	2.806362146511674066e-02
7.812500000000000163e-06	1.197115560926371308e-02	2.799697157912229423e-02	2.857784668449312587e-02
7.812500000000000163e-06	1.195443967907727952e-02	2.751227284913287593e-02	2.817990370094776084e-02
7.812500000000000163e-06	1.191999212312639354e-02	2.733962480173841164e-02	2.822166446130722900e-02
7.812500000000000163e-06	1.193704192595444746e-02	2.726529963334037299e-02	2.761122966185212274e-02
7.812500000000000163e-06	1.198860401761192053e-02	2.731066988537292697e-02	2.824404048733413289e-02
7.812500000000000163e-06	1.197101942947813823e-02	2.723191157763540926e-02	2.818791493773460319e-02
7.812500000000000163e-06	1.193091611244074743e-02	2.845850906759032559e-02	2.922123507596552372e-02
7.812500000000000163e-06	1.203419868777429701e-02	2.771351029072444475e-02	2.844200623221695284e-02
7.812500000000000163e-06	1.198281558965175186e-02	2.792973454593051727e-02	2.860601511783898016e-02
7.812500000000000163e-06	1.191092679226134904e-02	2.718247422529140520e-02	2.813811535015702317e-02
7.812500000000000163e-06	1.195323121381263592e-02	2.792880251145487755e-02	2.837987923994660447e-02
7.812500000000000163e-06	1.198765230346135122e-02	2.808605332941753116e-02	2.848218339495360921e-02
7.812500000000000163e-06	1.189742482539836270e-02	2.723734149055955303e-02	2.839959396515041520e-02
7.812500000000000163e-06	1.193268412730638661e-02	2.754166528231498379e-02	2.806598227471113205e-02
7.812500000000000163e-06	1.189308231718157714e-02	2.721064006275843508e-02	2.801870540715754171e-02
7.812500000000000163e-06	1.190239580298290203e-02	2.770974331520770911e-02	2.844836520962417195e-02
7.812500000000000163e-06	1.193902365063653596e-02	2.734545294526984083e-02	2.798196063376963069e-02
7.812500000000000163e-06	1.194814906914465520e-02	2.724633610646449988e-02	2.778559653088450571e-02
3.906250000000000081e-06	1.189523055600116147e-02	2.767306514064835077e-02	2.816821844317018986e-02
3.906250000000000081e-06	1.188677888734178401e-02	2.724210434247061746e-02	2.816163469105958939e-02
3.906250000000000081e-06	1.185660058748434255e-02	2.771179265883892684e-02	2.851288290694355826e-02
3.906250000000000081e-06	1.191839968992604130e-02	2.740950441153729850e-02	2.797624943777918954e-02
3.906250000000000081e-06	1.190295871217161329e-02	2.705367313727190248e-02	2.856945716775953839e-02
3.906250000000000081e-06	1.191269876998851847e-02	2.760833282881850273e-02	2.814866942353546481e-02
3.906250000000000081e-06	1.185104321041526368e-02	2.718339326513531315e-02	2.863362610805779765e-02
3.906250000000000081e-06	1.187044167658178606e-02	2.744061110726513791e-02	2.791087463265284896e-02
3.906250000000000081e-06	1.182739813652251490e-02	2.712199826729703306e-02	2.811276093125343253e-02
3.906250000000000081e-06	1.180861305923283991e-02	2.722640141981278253e-02	2.782066788058728049e-02
3.906250000000000081e-06	1.190656339592577155e-02	2.720942914837005955e-02	2.783622718416154523e-02
3.906250000000000081e-06	1.183996697667815019e-02	2.741936394330406548e-02	2.810755860991775990e-02
3.906250000000000081e-06	1.186597429691592376e-02	2.736003900736726224e-02	2.895330265164375305e-02
3.906250000000000081e-06	1.188958566142825878e-02	2.740850564365455641e-02	2.856296743266284466e-02
3.906250000000000081e-06	1.192061669329195356e-02	2.705513871718607730e-02	2.798232454806566169e-02
3.906250000000000081e-06	1.183457513664344651e-02	2.723309860920718889e-02	2.790494912769645591e-02
3.906250000000000081e-06	1.187184549339328002e-02	2.739798913451389414e-02	2.823620275594294210e-02
3.906250000000000081e-06	1.181568509025186092e-02	2.788541356774524790e-02	2.854415653273463180e-02
3.906250000000000081e-06	1.189622541411696974e-02	2.717245580794299536e-02	2.800602514762431244e-02
3.906250000000000081e-06	1.182557321562626232e-02	2.708977427704171992e-02	2.784146706108003855e-02
3.906250000000000081e-06	1.187599744510128841e-02	2.851849183908307730e-02	2.934094998054206233e-02
3.906250000000000081e-06	1.191370965021165684e-02	2.740036982418822889e-02	2.830205936916172643e-02
3.906250000000000081e-06	1.190845443774502313e-02	2.804425482623552207e-02	2.886429000645875792e-02
