1.000000000000000021e-03	9.178219735622406006e-01	1.020396500825881958e+00	1.042127892374992371e+00
1.000000000000000021e-03	5.714297709585745011e-01	6.760348156094551086e-01	6.642418652772903442e-01
1.000000000000000021e-03	5.381162279768835210e-01	2.493085741996765137e+00	2.455165594816207886e+00
1.000000000000000021e-03	5.094234864168529775e-01	1.844011932611465454e+00	1.852114140987396240e+00
1.000000000000000021e-03	4.598588388931902360e-01	7.119413316249847412e-01	7.061698436737060547e-01
1.000000000000000021e-03	4.686225739460957440e-01	9.765591323375701904e-01	9.780623018741607666e-01
1.000000000000000021e-03	4.072401829158203701e-01	5.228641182184219360e-01	4.953445345163345337e-01
1.000000000000000021e-03	4.045302226573606053e-01	1.386910721659660339e+00	1.357443720102310181e+00
1.000000000000000021e-03	3.920771834216540408e-01	8.845607265830039978e-01	8.340557143092155457e-01
1.000000000000000021e-03	3.632764408860025274e-01	1.056625939905643463e+00	1.045069843530654907e+00
1.000000000000000021e-03	3.747089233579514733e-01	4.403148554265499115e-01	4.158747307956218719e-01
1.000000000000000021e-03	3.410280988186220608e-01	7.724272906780242920e-01	7.346628829836845398e-01
1.000000000000000021e-03	3.494875342408312879e-01	1.089339077472686768e+00	1.067416965961456299e+00
1.000000000000000021e-03	3.390503040974653381e-01	4.462203793227672577e-01	4.237553104758262634e-01
1.000000000000000021e-03	3.493002985097184987e-01	1.534040123224258423e+00	1.521644547581672668e+00
1.000000000000000021e-03	3.253908742077742944e-01	9.824624285101890564e-01	9.254453331232070923e-01
1.000000000000000021e-03	3.193356319318843561e-01	3.632538467645645142e-01	3.302157819271087646e-01
1.000000000000000021e-03	2.870853594209574200e-01	3.590586483478546143e-01	3.227025121450424194e-01
1.000000000000000021e-03	3.054459010121188811e-01	3.809532150626182556e-01	3.472212441265583038e-01
1.000000000000000021e-03	2.917869477709637560e-01	3.568218164145946503e-01	3.372708857059478760e-01
1.000000000000000021e-03	2.915242303021346459e-01	6.842059046030044556e-01	6.696739867329597473e-01
1.000000000000000021e-03	3.025852028704896779e-01	2.640004828572273254e-01	2.341458201408386230e-01
1.000000000000000021e-03	2.989872801530210067e-01	3.179857172071933746e-01	3.019303157925605774e-01
1.000000000000000021e-03	2.900128915340085545e-01	3.052248936146497726e-01	2.706008292734622955e-01
1.000000000000000021e-03	2.844287017478218660e-01	3.583968952298164368e-01	3.329488076269626617e-01
1.000000000000000021e-03	2.795612357462508579e-01	6.221352517604827881e-01	5.883939936757087708e-01
1.000000000000000021e-03	2.726985244434090849e-01	3.222451657056808472e-01	2.835073061287403107e-01
1.000000000000000021e-03	2.781344035381003166e-01	4.165101945400238037e-01	3.984647989273071289e-01
1.000000000000000021e-03	2.608846705171126157e-01	4.208682291209697723e-01	3.943004757165908813e-01
1.000000000000000021e-03	2.800715971219388534e-01	3.609064631164073944e-01	3.422300294041633606e-01
1.000000000000000021e-03	2.764376267979416490e-01	3.912872597575187683e-01	3.781463876366615295e-01
1.000000000000000021e-03	2.653989058129395118e-01	2.481298651546239853e-01	2.294901274144649506e-01
1.000000000000000021e-03	2.532548783700677153e-01	2.326301559805870056e-01	2.093478944152593613e-01
1.000000000000000021e-03	2.500316274317004872e-01	1.012869872152805328e+00	1.010047644376754761e+00
1.000000000000000021e-03	2.652618603993065483e-01	4.445444904267787933e-01	4.195454083383083344e-01
1.000000000000000021e-03	2.385978046097332883e-01	3.267137110233306885e-01	3.045410253107547760e-01
1.000000000000000021e-03	2.522845634176761331e-01	3.193127959966659546e-01	3.118896298110485077e-01
1.000000000000000021e-03	2.513644789593129092e-01	3.795264177024364471e-01	3.498298116028308868e-01
1.000000000000000021e-03	2.385963527839395082e-01	2.302026432007551193e-01	2.094507571309804916e-01
1.000000000000000021e-03	2.358846262663225612e-01	1.969840377569198608e-01	1.682211253792047501e-01
1.000000000000000021e-03	2.330207309768169699e-01	5.509644187986850739e-01	5.243315584957599640e-01
1.000000000000000021e-03	2.279145263041122138e-01	2.716943938285112381e-01	2.445838302373886108e-01
1.000000000000000021e-03	2.471092969556397956e-01	2.435962148010730743e-01	2.099316138774156570e-01
1.000000000000000021e-03	2.326711220077321562e-01	5.177633389830589294e-01	4.908375330269336700e-01
1.000000000000000021e-03	2.142121576810184780e-01	5.012117251753807068e-01	4.768001697957515717e-01
1.000000000000000021e-03	2.493814967478377997e-01	8.187776282429695129e-01	8.098484799265861511e-01
1.000000000000000021e-03	2.200708315719532016e-01	5.804031193256378174e-01	5.554434731602668762e-01
1.000000000000000021e-03	2.338941167049770065e-01	5.502767786383628845e-01	5.416017249226570129e-01
1.000000000000000021e-03	2.193152791337121821e-01	1.947730332612991333e-01	1.650898065418004990e-01
1.000000000000000021e-03	2.253532360626172293e-01	2.122999820858240128e-01	1.998516209423542023e-01
1.000000000000000021e-03	2.485028973108605599e-01	2.387705333530902863e-01	2.118528280407190323e-01
1.000000000000000021e-03	2.255641478526441424e-01	5.921624824404716492e-01	5.959742143750190735e-01
1.000000000000000021e-03	2.202091796111456945e-01	2.386521976441144943e-01	2.244371641427278519e-01
1.000000000000000021e-03	2.258933380812029323e-01	3.487963788211345673e-01	3.282226659357547760e-01
1.000000000000000021e-03	2.048108796530132003e-01	2.179308533668518066e-01	1.926405671983957291e-01
1.000000000000000021e-03	2.039824066848694439e-01	2.674303203821182251e-01	2.452492546290159225e-01
1.000000000000000021e-03	2.207321703811234992e-01	4.613392725586891174e-01	4.474324546754360199e-01
1.000000000000000021e-03	1.982308384738390994e-01	1.960166543722152710e-01	1.579857431352138519e-01
1.000000000000000021e-03	2.036343765786931548e-01	2.302226684987545013e-01	1.950785890221595764e-01
1.000000000000000021e-03	1.980999516724031295e-01	2.833986859768629074e-01	2.637717258185148239e-01
1.000000000000000021e-03	2.008668184280395508e-01	7.243676558136940002e-01	7.118432298302650452e-01
1.000000000000000021e-03	2.180285227449634544e-01	2.198070678859949112e-01	1.927922777831554413e-01
1.000000000000000021e-03	2.076805553670171001e-01	3.255019113421440125e-01	3.119831047952175140e-01
1.000000000000000021e-03	2.234639808346953471e-01	3.110657501965761185e-01	2.851471714675426483e-01
1.000000000000000021e-03	2.101173164157927875e-01	2.732517849653959274e-01	2.396925855427980423e-01
1.000000000000000021e-03	2.047988390432128325e-01	2.737415451556444168e-01	2.559481132775545120e-01
1.000000000000000021e-03	2.016979620992382927e-01	4.104422926902770996e-01	4.006792493164539337e-01
1.000000000000000021e-03	1.911647035917149184e-01	2.656754683703184128e-01	2.330708727240562439e-01
1.000000000000000021e-03	2.014877389692052989e-01	1.977794058620929718e-01	1.830687373876571655e-01
1.000000000000000021e-03	2.419718792544135466e-01	2.192467972636222839e-01	2.029879707843065262e-01
5.000000000000000104e-04	1.891240186140507040e-01	1.654864242300391197e-01	1.364044873043894768e-01
5.000000000000000104e-04	1.745846055542366326e-01	1.796149443835020065e-01	1.601319815963506699e-01
5.000000000000000104e-04	1.802615329057355442e-01	2.536103948950767517e-01	2.277846876531839371e-01
5.000000000000000104e-04	1.767994069223162434e-01	2.517653983086347580e-01	2.182977441698312759e-01
5.000000000000000104e-04	1.659305207902872226e-01	1.809629946947097778e-01	1.597396619617938995e-01
5.000000000000000104e-04	1.755933515444586535e-01	2.212901152670383453e-01	1.986549589782953262e-01
5.000000000000000104e-04	1.645304293760770364e-01	1.922364626079797745e-01	1.662878878414630890e-01
5.000000000000000104e-04	1.768948081173474240e-01	2.131615523248910904e-01	1.890542190521955490e-01
5.000000000000000104e-04	1.745271772334847371e-01	1.981004215776920319e-01	1.738621424883604050e-01
5.000000000000000104e-04	1.631524633569053362e-01	2.331318408250808716e-01	2.145859561860561371e-01
5.000000000000000104e-04	1.755424462541749220e-01	1.991358287632465363e-01	1.644774107262492180e-01
5.000000000000000104e-04	1.678024261623998203e-01	2.332008499652147293e-01	2.033882997930049896e-01
5.000000000000000104e-04	1.771349709811090023e-01	1.560224397107958794e-01	1.278672795742750168e-01
5.000000000000000104e-04	1.628781817381894925e-01	1.877067983150482178e-01	1.556852627545595169e-01
5.000000000000000104e-04	1.517854120723808875e-01	1.853234767913818359e-01	1.581472791731357574e-01
5.000000000000000104e-04	1.695201195116284587e-01	1.971820909529924393e-01	1.677046474069356918e-01
5.000000000000000104e-04	1.821757084395312087e-01	4.264175072312355042e-01	4.147605448961257935e-01
5.000000000000000104e-04	1.592686871373200641e-01	2.185935918241739273e-01	1.850288826972246170e-01
5.000000000000000104e-04	1.847435184106042128e-01	1.793197169899940491e-01	1.581554729491472244e-01
5.000000000000000104e-04	1.743172664619699330e-01	1.695264950394630432e-01	1.498192325234413147e-01
5.000000000000000104e-04	1.685503979649724815e-01	1.894643027335405350e-01	1.646474432200193405e-01
5.000000000000000104e-04	1.647762808995910933e-01	1.876635141670703888e-01	1.632972788065671921e-01
5.000000000000000104e-04	1.575638572626475997e-01	1.758143510669469833e-01	1.566706281155347824e-01
5.000000000000000104e-04	1.724607822827146086e-01	1.916614398360252380e-01	1.643201317638158798e-01
5.000000000000000104e-04	1.481304777008068674e-01	2.380734942853450775e-01	2.141740545630455017e-01
5.000000000000000104e-04	1.657140712383427250e-01	1.972348336130380630e-01	1.732870824635028839e-01
5.000000000000000104e-04	1.614563794264310403e-01	2.341195326298475266e-01	2.121686786413192749e-01
5.000000000000000104e-04	1.611403435280051311e-01	1.989026665687561035e-01	1.733538098633289337e-01
5.000000000000000104e-04	1.566381310171718888e-01	2.285607233643531799e-01	1.944646351039409637e-01
5.000000000000000104e-04	1.628600439127487476e-01	1.689389711245894432e-01	1.430432628840208054e-01
5.000000000000000104e-04	1.590164651787733807e-01	2.295072004199028015e-01	1.953783985227346420e-01
5.000000000000000104e-04	1.469536954654923067e-01	2.397352829575538635e-01	2.105945851653814316e-01
5.000000000000000104e-04	1.566923736960073033e-01	1.772912610322237015e-01	1.568233035504817963e-01
5.000000000000000104e-04	1.555860755564291154e-01	1.945085953921079636e-01	1.712523326277732849e-01
2.500000000000000052e-04	1.379377489225773745e-01	1.689359620213508606e-01	1.412098333239555359e-01
2.500000000000000052e-04	1.314487811885302615e-01	1.561955679208040237e-01	1.259811995550990105e-01
2.500000000000000052e-04	1.492870059571688723e-01	1.696078646928071976e-01	1.361296596005558968e-01
2.500000000000000052e-04	1.391096241489241381e-01	1.500019803643226624e-01	1.207744851708412170e-01
2.500000000000000052e-04	1.283538742344590700e-01	1.596511881798505783e-01	1.316430382430553436e-01
2.500000000000000052e-04	1.332620520946345699e-01	1.727315951138734818e-01	1.436955016106367111e-01
2.500000000000000052e-04	1.361986394924453447e-01	1.637998931109905243e-01	1.268904451280832291e-01
2.500000000000000052e-04	1.396624315765839508e-01	2.289382796734571457e-01	2.055724896490573883e-01
2.500000000000000052e-04	1.400870553488972881e-01	1.603046916425228119e-01	1.289802649989724159e-01
2.500000000000000052e-04	1.319493648560741417e-01	1.642236178740859032e-01	1.289556212723255157e-01
2.500000000000000052e-04	1.323717661390576283e-01	1.515601091086864471e-01	1.225624252110719681e-01
2.500000000000000052e-04	1.255686291599575344e-01	1.638050843030214310e-01	1.303978096693754196e-01
2.500000000000000052e-04	1.326620524065403872e-01	1.604113783687353134e-01	1.235570367425680161e-01
2.500000000000000052e-04	1.338973370722577605e-01	1.593404384329915047e-01	1.257478725165128708e-01
2.500000000000000052e-04	1.294924746963042328e-01	1.601412678137421608e-01	1.248665777966380119e-01
2.500000000000000052e-04	1.304994140621981991e-01	1.735048796981573105e-01	1.413800455629825592e-01
2.500000000000000052e-04	1.344074467314949617e-01	1.579552767798304558e-01	1.241608923301100731e-01
2.500000000000000052e-04	1.298124622317809174e-01	1.562855485826730728e-01	1.251411521807312965e-01
2.500000000000000052e-04	1.201364286715471269e-01	1.626347331330180168e-01	1.290112314745783806e-01
2.500000000000000052e-04	1.266207068309753714e-01	1.671962719410657883e-01	1.442285627126693726e-01
2.500000000000000052e-04	1.325820505241804559e-01	1.897477414458990097e-01	1.598357670009136200e-01
2.500000000000000052e-04	1.411958779149417587e-01	1.567683825269341469e-01	1.231404114514589310e-01
2.500000000000000052e-04	1.189602558748631550e-01	1.676178853958845139e-01	1.276867082342505455e-01
2.500000000000000052e-04	1.335397481069534598e-01	1.767326854169368744e-01	1.456095669418573380e-01
2.500000000000000052e-04	1.267060395094412872e-01	1.789100943133234978e-01	1.468338193371891975e-01
1.250000000000000026e-04	1.106762094776841676e-01	1.539883287623524666e-01	1.184277217835187912e-01
1.250000000000000026e-04	1.204929404620882771e-01	1.788581293076276779e-01	1.492631882429122925e-01
1.250000000000000026e-04	1.210560765164562375e-01	1.571912271901965141e-01	1.249076966196298599e-01
1.250000000000000026e-04	1.136894749029527668e-01	1.681419461965560913e-01	1.388358827680349350e-01
1.250000000000000026e-04	1.096737313591226726e-01	1.486997762694954872e-01	1.187136685475707054e-01
1.250000000000000026e-04	1.151166216387778940e-01	1.551423370838165283e-01	1.193710919469594955e-01
1.250000000000000026e-04	1.136458812729467388e-01	1.550208413973450661e-01	1.279915273189544678e-01
1.250000000000000026e-04	1.069032181101509243e-01	1.501597817987203598e-01	1.212801495566964149e-01
1.250000000000000026e-04	1.229868714190736623e-01	1.574225956574082375e-01	1.304058749228715897e-01
1.250000000000000026e-04	1.114993480658983821e-01	1.565655320882797241e-01	1.277745608240365982e-01
1.250000000000000026e-04	1.235834204037732781e-01	1.592705957591533661e-01	1.282063052058219910e-01
1.250000000000000026e-04	1.118313185399091719e-01	1.584201026707887650e-01	1.319849081337451935e-01
1.250000000000000026e-04	1.087594794321663783e-01	1.537739476189017296e-01	1.224076617509126663e-01
1.250000000000000026e-04	1.124883685025233199e-01	1.568738967180252075e-01	1.243109256029129028e-01
1.250000000000000026e-04	1.082895002976248522e-01	1.655186638236045837e-01	1.331416042521595955e-01
1.250000000000000026e-04	1.075059056659288109e-01	1.727638654410839081e-01	1.469348073005676270e-01
1.250000000000000026e-04	1.111497346641896616e-01	1.499328128993511200e-01	1.185937151312828064e-01
1.250000000000000026e-04	1.055312525905385823e-01	1.536123370751738548e-01	1.222925838083028793e-01
1.250000000000000026e-04	1.090085346581815134e-01	1.710965558886528015e-01	1.390913082286715508e-01
1.250000000000000026e-04	1.035422139058384677e-01	1.528320675715804100e-01	1.217942507937550545e-01
1.250000000000000026e-04	1.176882030654557154e-01	1.952035184949636459e-01	1.657293066382408142e-01
1.250000000000000026e-04	1.097616669780845933e-01	1.642144806683063507e-01	1.334432028234004974e-01
1.250000000000000026e-04	1.061089124200464834e-01	1.624178197234869003e-01	1.344168549403548241e-01
1.250000000000000026e-04	1.033107414841651917e-01	1.516251126304268837e-01	1.207268983125686646e-01
1.250000000000000026e-04	1.076063911277282126e-01	1.532420907169580460e-01	1.237934520468115807e-01
1.250000000000000026e-04	1.109163427749012137e-01	1.848854459822177887e-01	1.539336852729320526e-01
6.250000000000000130e-05	1.055536560148377934e-01	1.504687303677201271e-01	1.179951652884483337e-01
6.250000000000000130e-05	1.084862946992433547e-01	1.508995322510600090e-01	1.216199416667222977e-01
6.250000000000000130e-05	1.034528007612952744e-01	1.635869694873690605e-01	1.314062243327498436e-01
6.250000000000000130e-05	1.105011795895009113e-01	1.546497568488121033e-01	1.228443933650851250e-01
6.250000000000000130e-05	9.597440983487080801e-02	1.753476643934845924e-01	1.423682020977139473e-01
6.250000000000000130e-05	1.020964743876004582e-01	1.625003805384039879e-01	1.311586210504174232e-01
6.250000000000000130e-05	1.022457313028317522e-01	1.528467433527112007e-01	1.240434721112251282e-01
6.250000000000000130e-05	1.053030812004698974e-01	1.594933709129691124e-01	1.274102982133626938e-01
6.250000000000000130e-05	9.945244719333286298e-02	1.516339043155312538e-01	1.199903590604662895e-01
6.250000000000000130e-05	9.900846884031838657e-02	1.517864279448986053e-01	1.194225912913680077e-01
6.250000000000000130e-05	9.888382737017885338e-02	1.485559931024909019e-01	1.186573905870318413e-01
6.250000000000000130e-05	9.248135413361500967e-02	1.537244608625769615e-01	1.265825126320123672e-01
6.250000000000000130e-05	9.331664886278441540e-02	1.528647672384977341e-01	1.235799100250005722e-01
6.250000000000000130e-05	1.039859782668608595e-01	1.597033590078353882e-01	1.303373333066701889e-01
6.250000000000000130e-05	1.018007937111432004e-01	1.597470100969076157e-01	1.288558291271328926e-01
6.250000000000000130e-05	9.640866551029531051e-02	1.537984646856784821e-01	1.247456027194857597e-01
6.250000000000000130e-05	9.924479182573812952e-02	1.571228904649615288e-01	1.268459809944033623e-01
6.250000000000000130e-05	9.399802747029292749e-02	1.497130375355482101e-01	1.206340286880731583e-01
6.250000000000000130e-05	9.275524469116065707e-02	1.555808894336223602e-01	1.237302580848336220e-01
6.250000000000000130e-05	9.793000691865064167e-02	1.766982059925794601e-01	1.423084167763590813e-01
6.250000000000000130e-05	9.479582102238377772e-02	1.596129359677433968e-01	1.318995421752333641e-01
6.250000000000000130e-05	9.738873548900024713e-02	1.673280103132128716e-01	1.386949364095926285e-01
6.250000000000000130e-05	9.225594709757008183e-02	1.557140322402119637e-01	1.264972900971770287e-01
6.250000000000000130e-05	9.078915181416499780e-02	1.533315125852823257e-01	1.221407679840922356e-01
6.250000000000000130e-05	9.026784600713584628e-02	1.571137281134724617e-01	1.213989797979593277e-01
6.250000000000000130e-05	9.747883106900166739e-02	1.529966117814183235e-01	1.191833568736910820e-01
6.250000000000000130e-05	1.024070992311344880e-01	1.570012802258133888e-01	1.285688821226358414e-01
6.250000000000000130e-05	9.113352896669242587e-02	1.514255171641707420e-01	1.185161387547850609e-01
6.250000000000000130e-05	8.816945142572439609e-02	1.543127810582518578e-01	1.250556744635105133e-01
6.250000000000000130e-05	9.569686222114140439e-02	1.500154221430420876e-01	1.221707984805107117e-01
6.250000000000000130e-05	8.997285828182968737e-02	1.603033943101763725e-01	1.292188558727502823e-01
6.250000000000000130e-05	1.024650835632523460e-01	1.744181439280509949e-01	1.501518189907073975e-01
3.125000000000000065e-05	8.976385171843480337e-02	1.490966733545064926e-01	1.178541099652647972e-01
3.125000000000000065e-05	1.018320322979854586e-01	1.512145753949880600e-01	1.220458727329969406e-01
3.125000000000000065e-05	8.963506692383862995e-02	1.564134107902646065e-01	1.223297053948044777e-01
3.125000000000000065e-05	8.932350368439397059e-02	1.483425768092274666e-01	1.191750317811965942e-01
3.125000000000000065e-05	8.160926231855078483e-02	1.477428525686264038e-01	1.184037905186414719e-01
3.125000000000000065e-05	9.234287198397177210e-02	1.553965611383318901e-01	1.292661465704441071e-01
3.125000000000000065e-05	1.040149539048913219e-01	1.614121627062559128e-01	1.349579710513353348e-01
3.125000000000000065e-05	8.973305040522466802e-02	1.537884445860981941e-01	1.231205584481358528e-01
3.125000000000000065e-05	8.899742930750303982e-02	1.522034527733922005e-01	1.204942911863327026e-01
3.125000000000000065e-05	8.939887729438045216e-02	1.517669251188635826e-01	1.231352519243955612e-01
3.125000000000000065e-05	8.850179546618763826e-02	1.500474158674478531e-01	1.201149122789502144e-01
3.125000000000000065e-05	9.270856067349639296e-02	1.694209445267915726e-01	1.319615347310900688e-01
3.125000000000000065e-05	8.957510267066050302e-02	1.487263459712266922e-01	1.196590019389986992e-01
3.125000000000000065e-05	9.551760125197941709e-02	1.672410788014531136e-01	1.411534147337079048e-01
3.125000000000000065e-05	9.100378729120085775e-02	1.539998119696974754e-01	1.242448920384049416e-01
3.125000000000000065e-05	8.508227091235449902e-02	1.474176840856671333e-01	1.193126030266284943e-01
3.125000000000000065e-05	9.222864958493015575e-02	1.536314515396952629e-01	1.205820748582482338e-01
3.125000000000000065e-05	8.467198691413371781e-02	1.488546337932348251e-01	1.196841960772871971e-01
3.125000000000000065e-05	8.462574460272546950e-02	1.595703195780515671e-01	1.314003625884652138e-01
3.125000000000000065e-05	8.332644190780724713e-02	1.502656862139701843e-01	1.217551808804273605e-01
3.125000000000000065e-05	9.313253402898583055e-02	1.595910964533686638e-01	1.303890198469161987e-01
3.125000000000000065e-05	8.857206368370901250e-02	1.494994182139635086e-01	1.211179001256823540e-01
3.125000000000000065e-05	8.649572461277624247e-02	1.528113782405853271e-01	1.262310519814491272e-01
3.125000000000000065e-05	9.251492498796197450e-02	1.525011947378516197e-01	1.244038408622145653e-01
3.125000000000000065e-05	9.059672755531117394e-02	1.492048660293221474e-01	1.196132628247141838e-01
3.125000000000000065e-05	9.394972917588451100e-02	1.513506425544619560e-01	1.226835390552878380e-01
3.125000000000000065e-05	8.651053471655785476e-02	1.662005176767706871e-01	1.368486601859331131e-01
3.125000000000000065e-05	9.911067807410336994e-02	1.516865305602550507e-01	1.214595017954707146e-01
3.125000000000000065e-05	8.669443579414222445e-02	1.533108577132225037e-01	1.242784177884459496e-01
3.125000000000000065e-05	8.784741889449614038e-02	1.530549423769116402e-01	1.244988208636641502e-01
3.125000000000000065e-05	8.466236632836016129e-02	1.499852910637855530e-01	1.251440346240997314e-01
3.125000000000000065e-05	9.398726920915555227e-02	1.564439134672284126e-01	1.224531102925539017e-01
3.125000000000000065e-05	9.289568681505662451e-02	1.579640312120318413e-01	1.314937826246023178e-01
3.125000000000000065e-05	8.717037152640427777e-02	1.494260253384709358e-01	1.209092130884528160e-01
3.125000000000000065e-05	9.115739114865471782e-02	1.502145575359463692e-01	1.235525049269199371e-01
3.125000000000000065e-05	8.660187232720700790e-02	1.518042953684926033e-01	1.200648620724678040e-01
3.125000000000000065e-05	9.200843763125093888e-02	1.521138055250048637e-01	1.221293816342949867e-01
1.562500000000000033e-05	8.392158560926400723e-02	1.516819018870592117e-01	1.212020954117178917e-01
1.562500000000000033e-05	8.309884491977811982e-02	1.494938461109995842e-01	1.216242834925651550e-01
1.562500000000000033e-05	9.047659019692035065e-02	1.514204926788806915e-01	1.243891939520835876e-01
1.562500000000000033e-05	8.074392246294624653e-02	1.509608998894691467e-01	1.222461611032485962e-01
1.562500000000000033e-05	8.753791286409655370e-02	1.516467649489641190e-01	1.211794018745422363e-01
1.562500000000000033e-05	8.272313604815097199e-02	1.500113299116492271e-01	1.225376240909099579e-01
1.562500000000000033e-05	8.852816707914389072e-02	1.576888123527169228e-01	1.255561867728829384e-01
1.562500000000000033e-05	9.165286994244478680e-02	1.587066007778048515e-01	1.260447250679135323e-01
1.562500000000000033e-05	8.926159369794628429e-02	1.527724564075469971e-01	1.233446905389428139e-01
1.562500000000000033e-05	8.170171030148674907e-02	1.505277901887893677e-01	1.221837596967816353e-01
1.562500000000000033e-05	8.505108584708805097e-02	1.514560673385858536e-01	1.228748299181461334e-01
1.562500000000000033e-05	8.630140158760396529e-02	1.508246418088674545e-01	1.212670765817165375e-01
1.562500000000000033e-05	8.515807151605811476e-02	1.523714754730463028e-01	1.224768245592713356e-01
1.562500000000000033e-05	9.007907795566547082e-02	1.510887173935770988e-01	1.221751719713211060e-01
1.562500000000000033e-05	9.313791928977906143e-02	1.589840920642018318e-01	1.244336711242794991e-01
1.562500000000000033e-05	8.544375073117545238e-02	1.595500381663441658e-01	1.351213846355676651e-01
1.562500000000000033e-05	8.746655106167250393e-02	1.573267225176095963e-01	1.294316025450825691e-01
1.562500000000000033e-05	8.701069087167329075e-02	1.521590594202280045e-01	1.219989312812685966e-01
1.562500000000000033e-05	8.411271841842916930e-02	1.538221063092350960e-01	1.224636072292923927e-01
1.562500000000000033e-05	9.048989778266677830e-02	1.518601449206471443e-01	1.232515815645456314e-01
1.562500000000000033e-05	8.368078968192957379e-02	1.519918600097298622e-01	1.235216362401843071e-01
7.812500000000000163e-06	8.518845196577566614e-02	1.516308998689055443e-01	1.195872714743018150e-01
7.812500000000000163e-06	8.091221004724502563e-02	1.589108556509017944e-01	1.274601668119430542e-01
7.812500000000000163e-06	8.365794851244250097e-02	1.510399300605058670e-01	1.235402757301926613e-01
7.812500000000000163e-06	8.368301061512548045e-02	1.527933971956372261e-01	1.225225646048784256e-01
7.812500000000000163e-06	8.398329985292651845e-02	1.513065984472632408e-01	1.261327220126986504e-01
7.812500000000000163e-06	8.366865065844752980e-02	1.549168424680829048e-01	1.253411574289202690e-01
7.812500000000000163e-06	8.438882575948027098e-02	1.532532405108213425e-01	1.263966728001832962e-01
7.812500000000000163e-06	8.348132401138921854e-02	1.523318169638514519e-01	1.241786442697048187e-01
7.812500000000000163e-06	8.257348057401331376e-02	1.514851935207843781e-01	1.245926488190889359e-01
7.812500000000000163e-06	8.255876115039934016e-02	1.524638775736093521e-01	1.247767983004450798e-01
7.812500000000000163e-06	8.449972595406483877e-02	1.513202991336584091e-01	1.212293803691864014e-01
7.812500000000000163e-06	7.913271714992160810e-02	1.500377813354134560e-01	1.213045101612806320e-01
7.812500000000000163e-06	8.353341568874407541e-02	1.532529611140489578e-01	1.258728923276066780e-01
7.812500000000000163e-06	8.543769336199458220e-02	1.524201706051826477e-01	1.258569974452257156e-01
7.812500000000000163e-06	8.342409303671197152e-02	1.530687920749187469e-01	1.283428389579057693e-01
7.812500000000000163e-06	9.021762131324297107e-02	1.544620143249630928e-01	1.270741857588291168e-01
7.812500000000000163e-06	7.897090902434120152e-02	1.562219634652137756e-01	1.267647705972194672e-01
7.812500000000000163e-06	8.743126355583154263e-02	1.500570978969335556e-01	1.208719909191131592e-01
7.812500000000000163e-06	8.712953215912927485e-02	1.619799602776765823e-01	1.337918899953365326e-01
7.812500000000000163e-06	7.701797872970375658e-02	1.524560144171118736e-01	1.230352297425270081e-01
7.812500000000000163e-06	9.090577678967125264e-02	1.538244476541876793e-01	1.276014633476734161e-01
3.906250000000000081e-06	8.077723825279670145e-02	1.501359613612294197e-01	1.224166518077254295e-01
3.906250000000000081e-06	8.356270684471613086e-02	1.541543677449226379e-01	1.244075689464807510e-01
3.906250000000000081e-06	9.005418160482298040e-02	1.508215731009840965e-01	1.212919447571039200e-01
3.906250000000000081e-06	8.261028172660477009e-02	1.563131753355264664e-01	1.271574692800641060e-01
3.906250000000000081e-06	7.822167326377917063e-02	1.560254534706473351e-01	1.211472563445568085e-01
3.906250000000000081e-06	8.353029394262953544e-02	1.500914748758077621e-01	1.232618838548660278e-01
3.906250000000000081e-06	8.213994727481770119e-02	1.521410336717963219e-01	1.251225955784320831e-01
3.906250000000000081e-06	7.673836782386031508e-02	1.527821505442261696e-01	1.208396274596452713e-01
3.906250000000000081e-06	7.864850566168374302e-02	1.510295653715729713e-01	1.210468243807554245e-01
3.906250000000000081e-06	7.914221131160290024e-02	1.517574479803442955e-01	1.220747344195842743e-01
3.906250000000000081e-06	7.898739154768895376e-02	1.515529733151197433e-01	1.208606576547026634e-01
3.906250000000000081e-06	8.915461024528817391e-02	1.515572387725114822e-01	1.237863115966320038e-01
3.906250000000000081e-06	8.099022493520870170e-02	1.506604803726077080e-01	1.235877219587564468e-01
3.906250000000000081e-06	8.390187693736221586e-02	1.540456339716911316e-01	1.242437968030571938e-01
3.906250000000000081e-06	8.521285686123220016e-02	1.509110983461141586e-01	1.218242170289158821e-01
3.906250000000000081e-06	7.814324633041515311e-02	1.511623337864875793e-01	1.250491049140691757e-01
3.906250000000000081e-06	8.553196088988569701e-02	1.501345699653029442e-01	1.204246366396546364e-01
3.906250000000000081e-06	8.528065035426163343e-02	1.548364302143454552e-01	1.279005324468016624e-01
3.906250000000000081e-06	8.391795769522461534e-02	1.507796850055456161e-01	1.211190959438681602e-01
3.906250000000000081e-06	8.117947967935211506e-02	1.512884357944130898e-01	1.227805856615304947e-01
3.906250000000000081e-06	8.383987891145899818e-02	1.654857033863663673e-01	1.325096283107995987e-01
1.953125000000000041e-06	8.673557436353043770e-02	1.530399378389120102e-01	1.269665984436869621e-01
1.953125000000000041e-06	7.954259428985510638e-02	1.521038478240370750e-01	1.220448249951004982e-01
1.953125000000000041e-06	8.494589996488788319e-02	1.568766171112656593e-01	1.280338391661643982e-01
1.953125000000000041e-06	8.561319659782361258e-02	1.525494093075394630e-01	1.248949822038412094e-01
1.953125000000000041e-06	8.864356497231917764e-02	1.576800886541604996e-01	1.303803334012627602e-01
1.953125000000000041e-06	8.500942837777017425e-02	1.527534397318959236e-01	1.232453044503927231e-01
1.953125000000000041e-06	7.817774817724770786e-02	1.558135924860835075e-01	1.239872947335243225e-01
1.953125000000000041e-06	8.328499404501311931e-02	1.496815746650099754e-01	1.198605140671133995e-01
1.953125000000000041e-06	8.586537682368786117e-02	1.590440347790718079e-01	1.344527369365096092e-01
1.953125000000000041e-06	8.410365488144415369e-02	1.510792803019285202e-01	1.209501791745424271e-01
1.953125000000000041e-06	7.867408746594115043e-02	1.515079736709594727e-01	1.222151853144168854e-01
1.953125000000000041e-06	8.320225303686118457e-02	1.523171644657850266e-01	1.272283187136054039e-01
1.953125000000000041e-06	7.807157160360601866e-02	1.548598445951938629e-01	1.221077404916286469e-01
1.953125000000000041e-06	8.522528094015544009e-02	1.518169417977333069e-01	1.225886633619666100e-01
1.953125000000000041e-06	8.570573342185985877e-02	1.513223908841609955e-01	1.233906289562582970e-01
1.953125000000000041e-06	8.471200780212125026e-02	1.558205178007483482e-01	1.295222509652376175e-01
1.953125000000000041e-06	7.887651615693599960e-02	1.509423609822988510e-01	1.225154083222150803e-01
1.953125000000000041e-06	8.384924655473685595e-02	1.588062439113855362e-01	1.400410812348127365e-01
1.953125000000000041e-06	7.671845294063604770e-02	1.527391634881496429e-01	1.227470571175217628e-01
1.953125000000000041e-06	8.397356453764287521e-02	1.526362290605902672e-01	1.233972720801830292e-01
1.953125000000000041e-06	7.906999231516560755e-02	1.515583181753754616e-01	1.238437797874212265e-01
9.765625000000000203e-07	7.945611040237583744e-02	1.550636766478419304e-01	1.250648433342576027e-01
9.765625000000000203e-07	8.420758590668062094e-02	1.515729697421193123e-01	1.244391528889536858e-01
9.765625000000000203e-07	8.190706674056717762e-02	1.499101798981428146e-01	1.221984783187508583e-01
9.765625000000000203e-07	8.314938678205767431e-02	1.534931445494294167e-01	1.281095175072550774e-01
9.765625000000000203e-07	7.629997174762472023e-02	1.542802797630429268e-01	1.222075354307889938e-01
9.765625000000000203e-07	8.059020892162865879e-02	1.542104445397853851e-01	1.256021875888109207e-01
9.765625000000000203e-07	8.094859283558930585e-02	1.539801061153411865e-01	1.266299784183502197e-01
9.765625000000000203e-07	8.205912828068190334e-02	1.533192507922649384e-01	1.252555446699261665e-01
9.765625000000000203e-07	8.224503894018221628e-02	1.508604995906352997e-01	1.237976467236876488e-01
9.765625000000000203e-07	8.090197766506218580e-02	1.511192722246050835e-01	1.235184725373983383e-01
9.765625000000000203e-07	8.067998855928831814e-02	1.542407497763633728e-01	1.234466237947344780e-01
9.765625000000000203e-07	9.339743489517440822e-02	1.523044370114803314e-01	1.242467220872640610e-01
9.765625000000000203e-07	8.351917385677748440e-02	1.493088370189070702e-01	1.230463124811649323e-01
9.765625000000000203e-07	7.910780292711680484e-02	1.563176438212394714e-01	1.279192510992288589e-01
9.765625000000000203e-07	8.609969475412670992e-02	1.508624479174613953e-01	1.239115530624985695e-01
9.765625000000000203e-07	7.494014628891702834e-02	1.510122762992978096e-01	1.224700408056378365e-01
9.765625000000000203e-07	8.221192643800868949e-02	1.505019469186663628e-01	1.239018086344003677e-01
9.765625000000000203e-07	7.889338106482843282e-02	1.530428212136030197e-01	1.246182527393102646e-01
9.765625000000000203e-07	8.443065628975252035e-02	1.518115280196070671e-01	1.260415883734822273e-01
9.765625000000000203e-07	8.572221302156206313e-02	1.520816758275032043e-01	1.219140561297535896e-01
9.765625000000000203e-07	8.159191845149933731e-02	1.497022034600377083e-01	1.218551276251673698e-01
4.882812500000000102e-07	8.231961364044418361e-02	1.599780442193150520e-01	1.326003428548574448e-01
4.882812500000000102e-07	8.520025175206269452e-02	1.487188683822751045e-01	1.220216453075408936e-01
4.882812500000000102e-07	8.243964546466175936e-02	1.525368355214595795e-01	1.241356981918215752e-01
4.882812500000000102e-07	8.400101530589634824e-02	1.496713282540440559e-01	1.227789828553795815e-01
4.882812500000000102e-07	8.523840928756737378e-02	1.555497003719210625e-01	1.274699363857507706e-01
4.882812500000000102e-07	7.642988091971300579e-02	1.535042691975831985e-01	1.251073684543371201e-01
4.882812500000000102e-07	9.059451242225079193e-02	1.678599026054143906e-01	1.407063119113445282e-01
4.882812500000000102e-07	7.876587597818314468e-02	1.511911135166883469e-01	1.226272331550717354e-01
4.882812500000000102e-07	7.539521935808507491e-02	1.528079137206077576e-01	1.231889268383383751e-01
4.882812500000000102e-07	8.354646556928188583e-02	1.575515596196055412e-01	1.302741402760148048e-01
4.882812500000000102e-07	7.879134470337553764e-02	1.542760338634252548e-01	1.260693939402699471e-01
4.882812500000000102e-07	7.746805344955830230e-02	1.560668284073472023e-01	1.263068057596683502e-01
4.882812500000000102e-07	8.109476374863069936e-02	1.513494392856955528e-01	1.235426599159836769e-01
4.882812500000000102e-07	8.165851485314248870e-02	1.525060785934329033e-01	1.258727926760911942e-01
4.882812500000000102e-07	8.111623000306418529e-02	1.548349410295486450e-01	1.221099719405174255e-01
4.882812500000000102e-07	8.128122065829325449e-02	1.583912093192338943e-01	1.265578502789139748e-01
4.882812500000000102e-07	8.385480728141869733e-02	1.504515251144766808e-01	1.230706917122006416e-01
4.882812500000000102e-07	7.995228516527369544e-02	1.540113398805260658e-01	1.226852983236312866e-01
4.882812500000000102e-07	8.644480824093275784e-02	1.606515748426318169e-01	1.347781959921121597e-01
4.882812500000000102e-07	7.969945876658716954e-02	1.524376804009079933e-01	1.234083566814661026e-01
4.882812500000000102e-07	8.245095978432064043e-02	1.521107386797666550e-01	1.259173694998025894e-01
2.441406250000000051e-07	8.261763266747511325e-02	1.601814497262239456e-01	1.308841789141297340e-01
2.441406250000000051e-07	7.793087804619269754e-02	1.497433781623840332e-01	1.208586320281028748e-01
2.441406250000000051e-07	8.565168474105340490e-02	1.508599100634455681e-01	1.241465061902999878e-01
2.441406250000000051e-07	8.637300138420696272e-02	1.563807753846049309e-01	1.274970285594463348e-01
2.441406250000000051e-07	7.807254673370832287e-02	1.515220040455460548e-01	1.237897556275129318e-01
2.441406250000000051e-07	8.306160526750963613e-02	1.504376782104372978e-01	1.243425589054822922e-01
2.441406250000000051e-07	8.070762865716897549e-02	1.512132594361901283e-01	1.260207705199718475e-01
2.441406250000000051e-07	8.457502024837687538e-02	1.508569587022066116e-01	1.252086376771330833e-01
2.441406250000000051e-07	8.021368020320240877e-02	1.585976891219615936e-01	1.249902117997407913e-01
2.441406250000000051e-07	8.120983334470398274e-02	1.527325799688696861e-01	1.243103155866265297e-01
2.441406250000000051e-07	8.230750111839439664e-02	1.559287114068865776e-01	1.219618972390890121e-01
2.441406250000000051e-07	7.713812782983237026e-02	1.574567835777997971e-01	1.244088867679238319e-01
2.441406250000000051e-07	7.949679920190497184e-02	1.525179184973239899e-01	1.244828803464770317e-01
2.441406250000000051e-07	7.522621199111395596e-02	1.532286927103996277e-01	1.251831781119108200e-01
2.441406250000000051e-07	8.155182711308515964e-02	1.551043605431914330e-01	1.238658707588911057e-01
2.441406250000000051e-07	8.189604667168629004e-02	1.504190322011709213e-01	1.227348223328590393e-01
2.441406250000000051e-07	7.407034452580198158e-02	1.509716063737869263e-01	1.234152056276798248e-01
2.441406250000000051e-07	8.094276388800597521e-02	1.554849520325660706e-01	1.229298133403062820e-01
2.441406250000000051e-07	8.498345937909959624e-02	1.704929023981094360e-01	1.438510259613394737e-01
2.441406250000000051e-07	8.155098566903343227e-02	1.524356007575988770e-01	1.235725320875644684e-01
2.441406250000000051e-07	8.124455762437626793e-02	1.624839799478650093e-01	1.361957387998700142e-01
1.220703125000000025e-07	8.359552820837951037e-02	1.579000670462846756e-01	1.325953491032123566e-01
1.220703125000000025e-07	8.342963617436494062e-02	1.532567637041211128e-01	1.270170230418443680e-01
1.220703125000000025e-07	8.306496580944786046e-02	1.511962227523326874e-01	1.228380836546421051e-01
1.220703125000000025e-07	8.316208280717270196e-02	1.566079761832952499e-01	1.258221855387091637e-01
1.220703125000000025e-07	8.018134383461143766e-02	1.499271579086780548e-01	1.209980286657810211e-01
1.220703125000000025e-07	8.168174326419830322e-02	1.561106126755475998e-01	1.202171985059976578e-01
1.220703125000000025e-07	7.814348272130458573e-02	1.498130196705460548e-01	1.204875893890857697e-01
1.220703125000000025e-07	8.576248902120167661e-02	1.529169753193855286e-01	1.253121467307209969e-01
1.220703125000000025e-07	8.028013499665863362e-02	1.515961661934852600e-01	1.240531625226140022e-01
1.220703125000000025e-07	8.458100297028504910e-02	1.520163062959909439e-01	1.272096661850810051e-01
1.220703125000000025e-07	8.551240556790859482e-02	1.504442468285560608e-01	1.250821035355329514e-01
1.220703125000000025e-07	8.804579960960376428e-02	1.689684614539146423e-01	1.372120287269353867e-01
1.220703125000000025e-07	8.717985828466053022e-02	1.527379071339964867e-01	1.234628194943070412e-01
1.220703125000000025e-07	8.335610116018524196e-02	1.510208975523710251e-01	1.239222176373004913e-01
1.220703125000000025e-07	8.463188633322715759e-02	1.563490964472293854e-01	1.237559057772159576e-01
1.220703125000000025e-07	8.117573868624772260e-02	1.539164101704955101e-01	1.250778064131736755e-01
1.220703125000000025e-07	8.742885395318647501e-02	1.527557112276554108e-01	1.245655231177806854e-01
1.220703125000000025e-07	8.656308573635318471e-02	1.527776410803198814e-01	1.229355465620756149e-01
1.220703125000000025e-07	8.030435084542141000e-02	1.574978074058890343e-01	1.228713765740394592e-01
1.220703125000000025e-07	8.133444864350029835e-02	1.498915348201990128e-01	1.219305451959371567e-01
1.220703125000000025e-07	8.266935709722433856e-02	1.522404989227652550e-01	1.250839922577142715e-01
6.103515625000000127e-08	8.103186962536618188e-02	1.610244046896696091e-01	1.335616894066333771e-01
6.103515625000000127e-08	7.971092912403843211e-02	1.517427852377295494e-01	1.246290234848856926e-01
6.103515625000000127e-08	8.699151298290566658e-02	1.598747214302420616e-01	1.326447743922472000e-01
6.103515625000000127e-08	7.984307248003874591e-02	1.566480556502938271e-01	1.273755375295877457e-01
6.103515625000000127e-08	8.172778002446211276e-02	1.500986674800515175e-01	1.224690778180956841e-01
6.103515625000000127e-08	8.751856167859668745e-02	1.513883760198950768e-01	1.208506682887673378e-01
6.103515625000000127e-08	8.163513705323013903e-02	1.556497644633054733e-01	1.278378767892718315e-01
6.103515625000000127e-08	8.407221720377101859e-02	1.494717970490455627e-01	1.227761805057525635e-01
