1.000000000000000021e-03	4.058172148785111344e-01	6.326798796653747559e-01	6.223058730363846269e-01
1.000000000000000021e-03	2.603470911166222979e-01	3.190002202675604748e-01	3.175276909023523331e-01
1.000000000000000021e-03	2.337202028723009972e-01	5.555150402778106233e-01	5.463372461497784105e-01
1.000000000000000021e-03	2.183891309337466224e-01	1.868020674867155728e-01	1.776441093534231186e-01
1.000000000000000021e-03	1.991128258714847943e-01	2.114659131977570661e-01	1.972693012095987908e-01
1.000000000000000021e-03	1.883509743042017237e-01	1.757346092094301537e-01	1.656809246167540439e-01
1.000000000000000021e-03	1.790537202710187070e-01	1.331445817001827014e-01	1.236889546737074824e-01
1.000000000000000021e-03	1.660571667848457222e-01	1.541950552875459013e-01	1.447379853576421793e-01
1.000000000000000021e-03	1.543168845505753228e-01	1.217530636575209491e-01	1.143734684213995878e-01
1.000000000000000021e-03	1.485434097171245971e-01	1.497981249896019607e-01	1.416800446808338110e-01
1.000000000000000021e-03	1.414511602343758445e-01	1.133692224768443890e-01	1.029362412169575747e-01
1.000000000000000021e-03	1.384962749163066997e-01	1.025995281354294963e-01	9.575818479061126709e-02
1.000000000000000021e-03	1.342684883990559741e-01	1.105417608824700026e-01	1.016056895256042536e-01
1.000000000000000021e-03	1.279549312893216717e-01	1.054325143548206500e-01	9.702499620616436560e-02
1.000000000000000021e-03	1.203682386858682396e-01	1.197649836930304856e-01	1.078901410102844211e-01
1.000000000000000021e-03	1.137480788700035578e-01	1.093815984448213291e-01	9.908032752573489588e-02
1.000000000000000021e-03	1.086527046191095996e-01	9.610494025324652079e-02	8.697384996339678487e-02
1.000000000000000021e-03	1.033858162930117175e-01	8.221868056979478312e-02	7.167872199788689891e-02
1.000000000000000021e-03	9.909151963252463280e-02	1.031535627096111241e-01	9.318762831389904022e-02
1.000000000000000021e-03	9.645773857883965796e-02	8.126499741801417043e-02	7.178245251998305321e-02
1.000000000000000021e-03	9.146723095078396204e-02	7.636837193167021753e-02	6.744010532274842540e-02
1.000000000000000021e-03	9.086098983545785879e-02	8.343993622751136319e-02	7.404893469065428058e-02
1.000000000000000021e-03	8.846590353079560043e-02	9.261049790532177584e-02	8.183965021744370183e-02
1.000000000000000021e-03	8.867193984518985383e-02	7.914901905112865788e-02	7.092364532873034200e-02
1.000000000000000021e-03	8.820283099350158251e-02	7.761879460349757620e-02	6.911964947357773781e-02
1.000000000000000021e-03	8.395368326292820815e-02	8.555721345294207969e-02	7.863650256767869273e-02
1.000000000000000021e-03	8.271857783839825506e-02	1.012742210043038327e-01	9.617933630943298340e-02
1.000000000000000021e-03	8.265377348803586155e-02	7.830178862466861955e-02	7.058973014354705255e-02
1.000000000000000021e-03	8.030618271243787631e-02	7.566214602499107822e-02	6.804453684017061632e-02
1.000000000000000021e-03	8.114399740807257122e-02	7.384278872952411421e-02	6.389238117262721617e-02
1.000000000000000021e-03	7.904225701618984579e-02	8.605812029688769682e-02	7.767075682058929842e-02
1.000000000000000021e-03	7.464965808011890525e-02	6.796852473891218382e-02	6.416447069495916089e-02
1.000000000000000021e-03	7.378707697410233357e-02	6.400845289542413108e-02	6.228487007319927216e-02
1.000000000000000021e-03	7.385928254875767651e-02	9.750167592501765568e-02	9.995290879160165232e-02
1.000000000000000021e-03	7.116993392290522913e-02	7.814787969929386235e-02	8.423703052103519162e-02
1.000000000000000021e-03	6.912073721202256771e-02	6.346802982984413311e-02	6.914285141974688131e-02
1.000000000000000021e-03	6.784676035964745666e-02	7.372081917539941021e-02	7.498547965660691539e-02
1.000000000000000021e-03	6.832317128092692260e-02	7.226829123512612529e-02	7.311543067917228300e-02
1.000000000000000021e-03	6.705602436798335786e-02	7.416098954945958555e-02	7.121194321662187299e-02
1.000000000000000021e-03	6.682192918006385485e-02	7.015147136222005253e-02	7.217143774032593051e-02
1.000000000000000021e-03	6.534821645656320455e-02	6.708395494762516009e-02	6.904928814619779032e-02
1.000000000000000021e-03	6.620215454234711083e-02	6.960692990044649309e-02	6.628936650231480321e-02
1.000000000000000021e-03	6.383907625049682621e-02	6.240903549091354058e-02	6.409636149182915132e-02
1.000000000000000021e-03	6.294921903484709813e-02	6.008228735695958500e-02	5.808446779847144942e-02
1.000000000000000021e-03	6.204562743019405996e-02	6.060222187201390331e-02	6.398350568488239687e-02
1.000000000000000021e-03	6.352379169789700020e-02	6.318711682529973284e-02	6.969064408913254460e-02
1.000000000000000021e-03	6.061433933007814162e-02	7.879443298927776840e-02	7.938805324956774156e-02
1.000000000000000021e-03	6.073800196796395878e-02	5.736591452391359702e-02	6.214641807600855550e-02
1.000000000000000021e-03	6.118071469987042266e-02	8.334580208150503544e-02	8.491495670750737190e-02
1.000000000000000021e-03	6.233210892672799708e-02	8.720157293515055918e-02	8.973019197583198547e-02
1.000000000000000021e-03	5.788636937793810444e-02	6.503080225583771079e-02	6.186098596081137518e-02
1.000000000000000021e-03	5.711971732629046034e-02	5.712064583810212010e-02	6.043019350618124286e-02
1.000000000000000021e-03	5.977597114819125507e-02	5.247023120444482824e-02	5.719105852767825127e-02
1.000000000000000021e-03	5.674795045746558464e-02	5.966653335468931341e-02	6.378663573414086740e-02
1.000000000000000021e-03	5.726985856587280682e-02	8.491518564951357206e-02	8.115671919658780376e-02
1.000000000000000021e-03	5.956010040006296663e-02	6.391001953036373751e-02	7.485132375732064802e-02
1.000000000000000021e-03	5.551332820243722044e-02	5.473776093406203247e-02	6.037786435335874835e-02
1.000000000000000021e-03	5.413749880781001944e-02	5.950045956210940623e-02	1.179396185092627947e-01
1.000000000000000021e-03	5.716049040322597474e-02	5.721869095379769621e-02	5.774645525962114612e-02
1.000000000000000021e-03	5.473597933727340076e-02	5.626803381046699415e-02	6.333594471216201505e-02
1.000000000000000021e-03	5.446934247732925644e-02	7.153443449922881892e-02	1.656702634878456648e-01
1.000000000000000021e-03	5.514996192824916932e-02	5.249097281140494703e-02	4.858455918729305545e-02
1.000000000000000021e-03	5.422673755611979313e-02	6.002892129591310549e-02	7.006701808422803601e-02
1.000000000000000021e-03	5.501538145812601838e-02	6.246816076299283038e-02	6.213278779760002951e-02
1.000000000000000021e-03	5.385607987893675092e-02	6.303462430990802723e-02	6.658371277153492251e-02
1.000000000000000021e-03	5.388845923752753897e-02	7.174236928137185665e-02	7.992245741188526431e-02
1.000000000000000021e-03	5.239501179733929703e-02	5.836888539229388023e-02	6.552034392952918451e-02
1.000000000000000021e-03	5.192026652725128394e-02	5.020532052944468027e-02	4.901478951796889305e-02
1.000000000000000021e-03	5.152937826560187451e-02	5.354775330393102273e-02	5.537481531500816623e-02
1.000000000000000021e-03	4.965745661041464504e-02	5.539224835122442958e-02	5.826783152297139445e-02
1.000000000000000021e-03	4.901160676316198422e-02	5.047100582476998082e-02	5.599925126880407611e-02
1.000000000000000021e-03	4.915373412964821331e-02	5.402890614268043151e-02	5.766335427761078158e-02
1.000000000000000021e-03	5.049772844164956975e-02	6.661167641350736190e-02	6.618510065600276271e-02
1.000000000000000021e-03	4.801727082729859847e-02	4.844289372494707535e-02	5.038218568079173842e-02
1.000000000000000021e-03	4.945867414271470919e-02	6.006912736914545026e-02	5.726453429087996483e-02
1.000000000000000021e-03	4.880012586873204439e-02	5.497714313459022006e-02	6.340037798509001732e-02
1.000000000000000021e-03	5.081934042799396423e-02	5.283307206100194137e-02	5.477172927930951118e-02
1.000000000000000021e-03	4.786791005553791417e-02	5.588649213314056396e-02	5.876577068120240888e-02
1.000000000000000021e-03	4.734841346471999057e-02	5.182948121459696189e-02	5.449084239080548286e-02
1.000000000000000021e-03	4.754482747779952001e-02	4.894058543857167376e-02	5.211179708130657395e-02
1.000000000000000021e-03	4.627126899134495486e-02	5.518704369976258628e-02	6.002534911967814107e-02
1.000000000000000021e-03	4.726871850490223237e-02	5.342014906294059035e-02	5.507887080311775485e-02
1.000000000000000021e-03	4.799986475620282578e-02	4.687634315244190025e-02	4.798787888139486452e-02
1.000000000000000021e-03	4.587504427301426074e-02	4.774327228986779970e-02	5.127607104368507585e-02
1.000000000000000021e-03	4.681897898263678859e-02	5.045160337190353339e-02	5.489787291735410968e-02
1.000000000000000021e-03	4.618324566721361546e-02	6.287510675519548953e-02	6.517659835517405909e-02
1.000000000000000021e-03	4.713945759545931646e-02	6.113126729639412754e-02	6.464161062613130171e-02
1.000000000000000021e-03	4.475909585502690219e-02	5.125288577526027761e-02	5.400198008865118166e-02
1.000000000000000021e-03	4.455405469483209729e-02	5.542450563016674409e-02	5.478612659499049187e-02
1.000000000000000021e-03	4.392358190756574798e-02	5.389686757747415291e-02	5.420797374099493166e-02
1.000000000000000021e-03	4.407070700779184419e-02	4.840735014508532053e-02	5.251610921695828299e-02
1.000000000000000021e-03	4.273238991142844917e-02	4.580505912957703180e-02	4.917431715875864029e-02
1.000000000000000021e-03	4.327240152963897357e-02	5.234538200091941318e-02	5.497204335406422754e-02
1.000000000000000021e-03	4.408259257141104032e-02	5.391648228411899391e-02	5.903423847630619864e-02
1.000000000000000021e-03	4.236534231576966764e-02	5.089412861703578039e-02	5.483936239033937454e-02
1.000000000000000021e-03	4.304640799643793397e-02	5.026367524180425095e-02	5.223830677568912229e-02
1.000000000000000021e-03	4.189171139941859356e-02	5.824204499184773565e-02	5.863964781165122847e-02
1.000000000000000021e-03	4.135116551303288229e-02	5.562194232970320285e-02	5.993617940694093843e-02
1.000000000000000021e-03	4.155337925482413541e-02	4.818774326777582745e-02	5.262065324932337085e-02
1.000000000000000021e-03	4.102870406731399383e-02	4.837998775131415602e-02	5.334139643236994466e-02
1.000000000000000021e-03	4.140762735858186799e-02	4.809555548842976702e-02	5.282062692567705831e-02
1.000000000000000021e-03	4.285418905248435106e-02	5.071572503026243461e-02	5.847005750983953754e-02
1.000000000000000021e-03	4.085875112387834379e-02	4.546404473912653288e-02	5.019392482936382155e-02
1.000000000000000021e-03	3.966960629828625295e-02	4.714460329625619339e-02	5.153093882836401463e-02
1.000000000000000021e-03	4.262951248416968486e-02	6.136223246679880367e-02	6.827822430059313219e-02
1.000000000000000021e-03	4.416712384872515523e-02	4.855357048087095145e-02	4.957661703228950778e-02
1.000000000000000021e-03	3.976657804277242830e-02	6.942415514385512354e-02	7.260857308283448497e-02
1.000000000000000021e-03	4.182782438608052128e-02	5.552541491872977492e-02	5.827721953392028809e-02
1.000000000000000021e-03	4.154266525816265737e-02	5.622007662713215947e-02	6.126174647361039977e-02
1.000000000000000021e-03	4.114806870407077682e-02	4.672719617203580089e-02	4.602334415540099144e-02
1.000000000000000021e-03	4.097327541986858779e-02	4.684045716769096035e-02	4.521441278047859391e-02
1.000000000000000021e-03	3.932664277267151204e-02	4.589180312855705574e-02	5.085821244865655621e-02
1.000000000000000021e-03	3.991831031288255865e-02	4.443277335720848681e-02	4.841235778294503828e-02
1.000000000000000021e-03	4.054287832648584972e-02	4.367086624833926151e-02	4.844301440753042559e-02
1.000000000000000021e-03	3.836475639079045541e-02	4.478725923605614279e-02	4.811842576600611210e-02
1.000000000000000021e-03	3.880535862438376504e-02	4.972472091580872749e-02	5.397302508354186873e-02
1.000000000000000021e-03	4.133275224609975901e-02	5.234632321209183731e-02	5.565918069332838336e-02
1.000000000000000021e-03	4.090872532002727546e-02	4.807041648833851322e-02	4.817051067948341370e-02
1.000000000000000021e-03	3.816800892305381027e-02	7.174952880172205671e-02	7.264929162338376600e-02
1.000000000000000021e-03	3.936250482801263717e-02	4.226700500316957210e-02	4.500014488585293154e-02
1.000000000000000021e-03	3.830451400513874838e-02	6.277812518062392266e-02	6.657830663025379736e-02
1.000000000000000021e-03	4.055375545033713947e-02	5.482544712917342827e-02	5.937026301398873329e-02
1.000000000000000021e-03	3.858173451234151591e-02	5.368107373957858863e-02	5.874414313584565978e-02
1.000000000000000021e-03	3.824182337018866562e-02	4.579683543421834979e-02	4.994273674674332142e-02
1.000000000000000021e-03	3.774292812232468014e-02	4.483282221822526559e-02	4.749909290112554888e-02
1.000000000000000021e-03	3.733505033294672038e-02	4.530943942826767823e-02	4.656339474022388319e-02
1.000000000000000021e-03	3.806287581409875664e-02	4.016212434434766193e-02	4.053680230863392076e-02
1.000000000000000021e-03	3.755017501205084457e-02	4.946309062822951130e-02	4.738286435604095737e-02
1.000000000000000021e-03	3.776246964511065229e-02	3.953586294466912565e-02	4.247049600817263265e-02
1.000000000000000021e-03	3.577725593392900444e-02	4.147099997087611012e-02	4.332781084813177447e-02
1.000000000000000021e-03	3.638151089198683741e-02	4.350779741924470922e-02	4.398023313842713833e-02
1.000000000000000021e-03	3.599796817465151372e-02	4.243302097573330156e-02	4.317463128827512403e-02
1.000000000000000021e-03	3.604947660744640958e-02	4.008405987192822928e-02	4.387683020904660502e-02
1.000000000000000021e-03	3.724087276856277717e-02	5.408540920047235495e-02	5.721625974401831766e-02
1.000000000000000021e-03	3.558237391018534423e-02	4.550398214286222737e-02	4.444172973744571487e-02
1.000000000000000021e-03	3.623226055915512722e-02	4.260191996216149829e-02	4.529716987162828168e-02
1.000000000000000021e-03	3.498992737146433551e-02	4.161024656322302034e-02	3.942059339024126668e-02
1.000000000000000021e-03	3.944415097526334651e-02	5.133185898446288031e-02	4.870656831189990044e-02
1.000000000000000021e-03	3.660783213912712636e-02	4.454313722775556789e-02	5.032241791486739835e-02
1.000000000000000021e-03	3.585873381464962928e-02	4.969871375729276175e-02	4.810277596116065840e-02
1.000000000000000021e-03	3.632657229250222525e-02	4.737535733437038543e-02	4.785839337855577608e-02
1.000000000000000021e-03	3.607318137402344693e-02	4.512324229038822826e-02	4.491897127591073374e-02
1.000000000000000021e-03	3.489742977864316448e-02	4.183050927691434745e-02	4.188560233451425752e-02
1.000000000000000021e-03	3.570738548132276063e-02	4.800013618553496120e-02	4.828126912470907112e-02
1.000000000000000021e-03	3.736875889743740409e-02	5.293017011428378937e-02	5.460453880950808664e-02
1.000000000000000021e-03	3.463727095364275976e-02	4.116026900162559482e-02	4.407518669031560560e-02
1.000000000000000021e-03	3.473249922976236193e-02	4.066583341601943263e-02	4.721152419224381586e-02
1.000000000000000021e-03	3.580717624659764120e-02	4.027683620404510362e-02	4.335215943865478039e-02
1.000000000000000021e-03	3.507213085920155710e-02	4.252499872477266685e-02	4.397247917950153351e-02
1.000000000000000021e-03	3.414848739408073847e-02	3.922051473164745589e-02	4.163320916704833785e-02
1.000000000000000021e-03	3.374417355027290594e-02	3.965353611759177971e-02	3.852164018899202624e-02
1.000000000000000021e-03	3.360800867886166304e-02	4.146519678776489082e-02	4.272266407497227192e-02
1.000000000000000021e-03	3.385403849305872181e-02	4.490753002854853959e-02	4.766567321494221549e-02
1.000000000000000021e-03	3.342198957258390307e-02	4.785296538386357712e-02	5.268662618473172327e-02
1.000000000000000021e-03	3.346005402106646404e-02	4.299954734547600105e-02	4.560860767960548540e-02
1.000000000000000021e-03	3.301585177333463128e-02	4.422692813135254558e-02	4.842823478393256525e-02
1.000000000000000021e-03	3.497643492695479139e-02	4.102572696332219826e-02	4.480932443402707577e-02
1.000000000000000021e-03	3.420085049277131473e-02	4.011556591975127400e-02	3.957372880540788174e-02
1.000000000000000021e-03	3.349112234402874810e-02	5.307520294064626415e-02	5.535053955391049108e-02
1.000000000000000021e-03	3.262212154536208580e-02	4.285685019811410340e-02	4.356946479529142519e-02
1.000000000000000021e-03	3.255302817769318430e-02	4.070416321071030491e-02	4.603111627511680126e-02
1.000000000000000021e-03	3.228884932778476602e-02	4.395518902474673112e-02	4.635466593317687234e-02
1.000000000000000021e-03	3.264862854291596811e-02	4.206693480620209147e-02	4.462082888931036273e-02
1.000000000000000021e-03	3.360964133988777330e-02	4.153864713707519640e-02	4.446337814442813396e-02
1.000000000000000021e-03	3.375989631676549335e-02	4.000655434908666902e-02	4.317637952044606209e-02
1.000000000000000021e-03	3.179365768053456914e-02	4.018885364356153400e-02	4.334444403648376326e-02
1.000000000000000021e-03	3.160130829182455914e-02	3.883358911264941232e-02	4.678506893105804920e-02
1.000000000000000021e-03	3.166512951662264763e-02	4.291117385380867344e-02	4.960578670725226264e-02
1.000000000000000021e-03	3.257205612511049342e-02	5.100018154654203245e-02	5.836221072822809358e-02
1.000000000000000021e-03	3.165343658345219635e-02	4.089092030263071637e-02	4.569225371815264364e-02
1.000000000000000021e-03	3.224334751275856337e-02	4.232972454650239802e-02	4.557830141857266426e-02
1.000000000000000021e-03	3.249345957981492755e-02	3.855598490704728598e-02	4.001675257459282736e-02
1.000000000000000021e-03	3.173684369211386691e-02	4.045323840298577917e-02	3.894567573443055014e-02
1.000000000000000021e-03	3.286895561159315637e-02	3.838936083447870573e-02	3.704660059884190559e-02
1.000000000000000021e-03	3.078929947308844950e-02	3.930150029976018505e-02	4.322454235516488830e-02
1.000000000000000021e-03	3.121352291310020705e-02	3.824346855828899411e-02	3.943969514220953265e-02
1.000000000000000021e-03	3.287577330676048903e-02	3.995152965617117247e-02	4.424722492694854736e-02
1.000000000000000021e-03	3.156652052655443269e-02	3.878812999976555265e-02	3.933197497390210351e-02
1.000000000000000021e-03	3.117317782304292531e-02	3.738870165500965403e-02	4.092775634489953518e-02
1.000000000000000021e-03	3.122897324471400268e-02	3.853322267142265944e-02	4.156864508986472806e-02
1.000000000000000021e-03	3.186958522870139698e-02	3.972461595351159391e-02	4.225795278325676640e-02
1.000000000000000021e-03	3.236217444211053618e-02	3.683359377788311684e-02	3.914329800754785815e-02
1.000000000000000021e-03	3.246721248248068958e-02	3.924801200628280640e-02	4.237593864090740542e-02
1.000000000000000021e-03	3.393139115438827125e-02	4.087333770283541751e-02	4.685253440402448177e-02
1.000000000000000021e-03	3.130761155053548433e-02	4.897013530915320101e-02	5.646827551536261897e-02
1.000000000000000021e-03	3.087613496164411456e-02	3.662396444700151410e-02	4.096321547403931895e-02
1.000000000000000021e-03	3.108947369887115827e-02	4.299477580447159247e-02	4.540238045156001767e-02
1.000000000000000021e-03	3.037960872318489630e-02	3.771670392826589890e-02	4.114317796193063537e-02
1.000000000000000021e-03	2.970231651236943105e-02	3.736237981673622838e-02	3.880026489496231357e-02
1.000000000000000021e-03	3.014197073001338711e-02	3.680117600914383641e-02	4.061308386735618114e-02
1.000000000000000021e-03	3.145798325100875731e-02	3.766503744802549708e-02	4.080772767774761001e-02
1.000000000000000021e-03	3.010503077091797666e-02	3.810387597229156209e-02	4.095094520598650117e-02
1.000000000000000021e-03	2.985278512565218631e-02	3.696830545342405516e-02	3.994889059104025225e-02
1.000000000000000021e-03	3.015520958605895710e-02	4.534973336764031027e-02	4.779574731364846091e-02
1.000000000000000021e-03	3.045992328394735160e-02	4.531478121174567497e-02	4.842368643730878691e-02
1.000000000000000021e-03	3.058465336920252603e-02	3.557360205428762578e-02	3.877783915959298611e-02
1.000000000000000021e-03	2.951660795313907140e-02	3.799474451944465786e-02	4.126738724298775057e-02
1.000000000000000021e-03	2.953276840440057643e-02	3.941709660383731217e-02	4.326233179308473786e-02
1.000000000000000021e-03	3.229418533587088275e-02	4.100444269273918058e-02	4.688078060280531645e-02
1.000000000000000021e-03	3.239148912638200456e-02	4.359165565427685490e-02	4.743474805727600913e-02
1.000000000000000021e-03	2.967851064609468639e-02	5.223037540444528531e-02	4.706465918570756912e-02
1.000000000000000021e-03	2.994309274621693648e-02	3.518045975470730086e-02	3.482649186626076560e-02
1.000000000000000021e-03	3.085368383651975258e-02	4.451335242008351567e-02	5.202013463713228703e-02
1.000000000000000021e-03	3.073491082743997835e-02	4.499180504749894505e-02	4.550779238343238831e-02
1.000000000000000021e-03	2.919999771838690389e-02	3.956623417349697941e-02	3.949942192994058271e-02
1.000000000000000021e-03	2.872313623635695465e-02	3.782995314342189191e-02	3.809372414834797521e-02
1.000000000000000021e-03	2.895368370289820581e-02	3.599500256293106798e-02	4.005642002448439598e-02
1.000000000000000021e-03	2.918047580484424419e-02	3.646739116864990832e-02	3.980449195951223096e-02
1.000000000000000021e-03	3.021771379829389301e-02	4.225701402814288632e-02	4.590467773377895216e-02
1.000000000000000021e-03	2.973403834963760095e-02	4.399437599703279189e-02	4.714088588953017911e-02
1.000000000000000021e-03	2.839986619026491771e-02	3.644446334289630496e-02	3.845280762761831006e-02
1.000000000000000021e-03	2.822750329715592588e-02	3.541540809911895155e-02	3.728459978010505160e-02
1.000000000000000021e-03	2.876369266566528374e-02	4.343173289135176390e-02	4.480865187942981859e-02
1.000000000000000021e-03	2.861822055086033975e-02	3.535825223783860272e-02	3.870774600654840192e-02
1.000000000000000021e-03	2.830500101725884690e-02	3.769634310058585930e-02	4.303191574290395061e-02
1.000000000000000021e-03	2.835454314149625857e-02	3.768963756829656064e-02	3.599569899961352348e-02
1.000000000000000021e-03	2.854927110639056756e-02	4.112391981310869332e-02	4.078755946829915047e-02
1.000000000000000021e-03	2.794573255806485218e-02	3.801089583735191291e-02	4.203794724307954173e-02
1.000000000000000021e-03	2.841760573335481641e-02	3.572946607442426675e-02	3.755265497602522373e-02
1.000000000000000021e-03	2.791832206709014483e-02	4.319914685884071459e-02	4.713618960231542865e-02
1.000000000000000021e-03	2.758334098690432695e-02	4.085328018400057742e-02	4.495380194857716283e-02
1.000000000000000021e-03	2.759122718374801275e-02	4.769770847877282532e-02	4.978301832452416281e-02
1.000000000000000021e-03	2.769819481396931793e-02	3.483654970195904782e-02	3.388396748341619691e-02
1.000000000000000021e-03	2.874535314062607108e-02	4.613469774147290620e-02	4.510404998436570029e-02
1.000000000000000021e-03	2.795598256537704801e-02	3.771058390043793146e-02	4.103403449989855012e-02
1.000000000000000021e-03	2.832258082037751590e-02	3.898078719085736055e-02	3.862806721590459486e-02
1.000000000000000021e-03	2.757385162579208820e-02	3.726599857952270223e-02	3.636592496186494966e-02
1.000000000000000021e-03	3.168571462021482765e-02	3.799556245471482491e-02	3.820418482646346231e-02
1.000000000000000021e-03	2.819958406567157558e-02	3.550965165358563325e-02	3.983130971901118617e-02
1.000000000000000021e-03	2.683463094863279899e-02	3.814807322597940642e-02	3.908030544407666007e-02
1.000000000000000021e-03	2.680875516348692200e-02	3.696692360477298045e-02	4.008600204251706878e-02
1.000000000000000021e-03	2.805092023309578228e-02	3.739149270686491916e-02	4.138678484596312185e-02
1.000000000000000021e-03	2.832680397762886090e-02	4.487263033878428897e-02	5.015526874922215939e-02
1.000000000000000021e-03	2.818899702686012559e-02	3.672961132961730102e-02	4.238259457051753859e-02
1.000000000000000021e-03	2.786139462255873486e-02	3.590933758160830963e-02	3.883383148349821290e-02
1.000000000000000021e-03	2.674379115658766237e-02	3.583969368906545633e-02	3.943033958785235882e-02
1.000000000000000021e-03	2.819048161572360045e-02	3.516251238852895200e-02	3.902100874111056467e-02
1.000000000000000021e-03	2.712207309437949382e-02	3.550478206528107084e-02	3.733236095868051191e-02
1.000000000000000021e-03	2.791831055748178469e-02	3.406928464068167961e-02	3.661818150430917740e-02
1.000000000000000021e-03	2.685842118342474799e-02	4.269118996151766848e-02	4.285330167040228566e-02
1.000000000000000021e-03	2.704425262793283199e-02	4.696282032506628179e-02	5.019280174747109413e-02
1.000000000000000021e-03	2.675788663652762731e-02	3.922518659675620911e-02	4.308056216686963896e-02
1.000000000000000021e-03	2.691830336882875332e-02	3.551699669729352360e-02	3.808473679237067699e-02
1.000000000000000021e-03	2.752424764093130971e-02	3.625368633117351247e-02	3.935708017088472566e-02
1.000000000000000021e-03	2.653774943575479620e-02	3.817418970518711430e-02	4.111075843684375286e-02
1.000000000000000021e-03	2.690209516385324087e-02	3.928092999764137838e-02	4.244029046967625479e-02
1.000000000000000021e-03	2.661144571598790531e-02	4.061256981996029525e-02	4.375459952279925346e-02
1.000000000000000021e-03	2.775389344852424375e-02	3.839235538275453941e-02	3.945273105055093626e-02
1.000000000000000021e-03	2.841611293324937393e-02	3.511677828680782182e-02	3.721616328693926057e-02
1.000000000000000021e-03	2.654909512321743797e-02	3.344518431896314342e-02	3.663296028971672197e-02
1.000000000000000021e-03	2.585608339497365640e-02	3.869693666813573546e-02	3.802813794463873187e-02
1.000000000000000021e-03	2.588104722136116975e-02	3.473285861625409476e-02	3.242666753940284113e-02
1.000000000000000021e-03	2.603831173935520354e-02	3.968868685486429126e-02	4.233954329974949637e-02
1.000000000000000021e-03	2.633684291111531781e-02	3.505972767960650882e-02	4.275003452785312852e-02
1.000000000000000021e-03	2.635547477446405565e-02	3.887618995266747118e-02	3.896534265950322290e-02
1.000000000000000021e-03	2.564133879679313111e-02	3.613548507397087300e-02	4.009040817618370056e-02
1.000000000000000021e-03	2.657633206312430205e-02	3.453463574393569185e-02	3.749845069833099981e-02
1.000000000000000021e-03	2.755592508028072152e-02	4.199762605325713799e-02	4.420374799519777298e-02
1.000000000000000021e-03	2.557183769512585622e-02	3.483450389345278675e-02	3.725832970812916617e-02
1.000000000000000021e-03	2.575289731527775558e-02	4.789986280012505093e-02	5.010694004595279971e-02
1.000000000000000021e-03	2.548796208353237489e-02	3.656738936042910199e-02	3.958211354911327085e-02
1.000000000000000021e-03	2.591049858521173727e-02	4.017461048370880861e-02	4.271883605979383269e-02
1.000000000000000021e-03	2.570466500007530589e-02	3.625823588583482193e-02	3.819618802517652650e-02
1.000000000000000021e-03	2.540699973076131213e-02	3.618155122388407724e-02	3.863811511546373645e-02
1.000000000000000021e-03	2.595607771680686487e-02	3.330333044274626925e-02	3.576797461137175282e-02
1.000000000000000021e-03	2.583242366941013862e-02	4.016721863982253282e-02	4.032132988795637807e-02
1.000000000000000021e-03	2.574539951299636281e-02	3.536571257050436651e-02	3.898776262067258497e-02
1.000000000000000021e-03	2.523239440576689752e-02	3.870347442583264158e-02	4.180065193213522434e-02
1.000000000000000021e-03	2.563870951821545230e-02	3.671365265407799255e-02	3.921083393506705900e-02
1.000000000000000021e-03	2.518806890478881080e-02	4.449442984702075415e-02	4.617512729018926482e-02
1.000000000000000021e-03	2.518088538459718403e-02	3.745073829996960202e-02	3.868274861015379151e-02
1.000000000000000021e-03	2.566123722416932193e-02	3.735238086451722617e-02	4.089031531475484371e-02
1.000000000000000021e-03	2.557809810831908684e-02	3.362337211195710884e-02	3.396156895905733109e-02
1.000000000000000021e-03	2.493857178964921373e-02	3.641588508068579338e-02	4.038653438910842081e-02
1.000000000000000021e-03	2.572143431091946514e-02	3.834938821602242032e-02	4.186330195516348163e-02
1.000000000000000021e-03	2.454087314038272405e-02	3.711137832849437795e-02	3.977549318224191804e-02
1.000000000000000021e-03	2.567972058897329685e-02	3.449830931674747331e-02	3.909336961805820465e-02
1.000000000000000021e-03	2.523879663191991307e-02	3.436225116330915430e-02	3.631157116033136706e-02
1.000000000000000021e-03	2.519941209355469960e-02	3.269561585916586771e-02	3.590328674763441225e-02
1.000000000000000021e-03	2.511421665538442552e-02	3.569865767010219765e-02	3.836472951807081561e-02
1.000000000000000021e-03	2.469572088821482894e-02	3.472456750484349125e-02	3.743985020555555543e-02
1.000000000000000021e-03	2.495122237327124584e-02	3.981324481285367090e-02	4.242829335853457590e-02
1.000000000000000021e-03	2.485487078830660515e-02	4.322863414064440080e-02	4.596795570105314394e-02
1.000000000000000021e-03	2.486183834405764417e-02	3.540778613566416405e-02	3.736160504631698409e-02
1.000000000000000021e-03	2.442383411199010312e-02	3.332216927479386692e-02	3.636633730493486066e-02
1.000000000000000021e-03	2.433270790493370292e-02	4.111463357133703089e-02	4.406154858879744729e-02
1.000000000000000021e-03	2.444629104122077526e-02	3.589356433190600548e-02	3.792390078306197981e-02
1.000000000000000021e-03	2.448058227719679403e-02	3.345396118092287124e-02	3.581044995225966115e-02
1.000000000000000021e-03	2.463370211717172409e-02	3.545004782798402698e-02	3.749147388152777871e-02
1.000000000000000021e-03	2.452204834264575667e-02	3.434787828143666399e-02	3.705835021100938043e-02
1.000000000000000021e-03	2.484179013411429507e-02	3.995842071181816835e-02	4.537247284315526485e-02
1.000000000000000021e-03	2.768634011239732434e-02	3.762377395796838442e-02	3.667563647031783780e-02
1.000000000000000021e-03	2.662014857979102395e-02	5.163540359566973215e-02	5.325274672359227995e-02
1.000000000000000021e-03	2.624249175015388319e-02	3.651041889572954890e-02	3.424368924461305280e-02
1.000000000000000021e-03	2.543357473599262494e-02	3.414677558418031944e-02	3.340166420675814291e-02
1.000000000000000021e-03	2.475213013977297857e-02	4.334932116118712930e-02	4.132194523699581762e-02
1.000000000000000021e-03	2.517227708931455213e-02	3.799011413963677281e-02	4.300869298167527000e-02
1.000000000000000021e-03	2.451522429671448497e-02	3.716789008513170928e-02	3.788771736435592175e-02
1.000000000000000021e-03	2.472893574013395809e-02	3.396321697579940402e-02	3.547970014624297896e-02
1.000000000000000021e-03	2.394219179956839569e-02	3.234793521775937430e-02	3.591400310397148410e-02
1.000000000000000021e-03	2.494858324456225226e-02	3.551504171955648104e-02	3.344171233475208560e-02
1.000000000000000021e-03	2.397988274977382733e-02	3.794205789478661411e-02	3.653109879232942919e-02
1.000000000000000021e-03	2.423350515907035305e-02	3.616934310625360971e-02	3.389626606367528161e-02
1.000000000000000021e-03	2.389830827426952034e-02	3.249058547717426776e-02	3.008476812392473290e-02
1.000000000000000021e-03	2.467543277304366095e-02	3.144330434813237540e-02	3.697352404706179957e-02
1.000000000000000021e-03	2.403595002065778488e-02	3.660785337588237653e-02	3.757708207704126696e-02
1.000000000000000021e-03	2.361074434035284955e-02	3.452894751821201230e-02	3.164261998608708382e-02
1.000000000000000021e-03	2.380461365563135007e-02	3.639098826347221538e-02	3.416898963041603565e-02
1.000000000000000021e-03	2.441185411746294581e-02	3.415113931316979962e-02	3.406562376767396927e-02
1.000000000000000021e-03	2.378478504602492272e-02	3.835658646183800341e-02	4.082157420925795754e-02
1.000000000000000021e-03	2.411045135855414620e-02	3.423196248008006370e-02	3.135320683941245079e-02
1.000000000000000021e-03	2.411218724197828830e-02	3.836177901915854838e-02	3.775969417765736441e-02
1.000000000000000021e-03	2.353953157344084238e-02	3.441745344139830742e-02	3.410689970478415767e-02
1.000000000000000021e-03	2.428915087456547800e-02	3.699728813392953730e-02	3.741739224642515182e-02
1.000000000000000021e-03	2.340960123810815335e-02	3.196485461520898880e-02	3.552816230803727826e-02
1.000000000000000021e-03	2.375675583991843434e-02	3.366838733992339600e-02	4.937820988707244257e-02
1.000000000000000021e-03	2.354498854347999298e-02	3.428728900927835443e-02	3.503210223279893537e-02
1.000000000000000021e-03	2.364571587956787457e-02	4.390497418871412705e-02	4.739680485799908916e-02
1.000000000000000021e-03	2.371274072832930263e-02	4.158533713658442432e-02	4.355446905829012116e-02
1.000000000000000021e-03	2.397788568102408521e-02	3.270039425587466936e-02	3.214101903140544753e-02
1.000000000000000021e-03	2.430719758777805106e-02	3.285371574587846871e-02	3.378884666599333425e-02
1.000000000000000021e-03	2.461902146867502028e-02	3.715580837381760038e-02	3.514839401468634883e-02
1.000000000000000021e-03	2.433223079255044871e-02	3.385540005307235284e-02	3.390713036060333252e-02
1.000000000000000021e-03	2.322820573232508776e-02	3.371151025694702624e-02	3.206441919319331924e-02
1.000000000000000021e-03	2.295075402849198337e-02	3.241935076864914389e-02	3.495761477388441285e-02
1.000000000000000021e-03	2.357642973787809487e-02	3.203954707577590794e-02	3.098126808181405137e-02
5.000000000000000104e-04	1.912473545936892519e-02	3.020017285933669290e-02	2.932168752886354923e-02
5.000000000000000104e-04	1.832991609389938645e-02	2.961941669007558606e-02	2.933998070657253127e-02
5.000000000000000104e-04	1.824516531756150903e-02	3.048263351720665107e-02	3.004482598043978214e-02
5.000000000000000104e-04	1.804319525071446453e-02	3.094761031655429012e-02	3.045805459842085977e-02
5.000000000000000104e-04	1.791676020801257971e-02	3.149967144258047219e-02	2.994268988259136607e-02
5.000000000000000104e-04	1.771724326974902577e-02	3.461878775028970345e-02	3.617025115527212897e-02
5.000000000000000104e-04	1.776883265013314006e-02	2.956726476160019546e-02	2.684281566180288930e-02
5.000000000000000104e-04	1.783333061866509972e-02	3.077710285314714730e-02	3.171071042306720933e-02
5.000000000000000104e-04	1.782028210024853843e-02	3.153589138692898530e-02	3.198807784356176576e-02
5.000000000000000104e-04	1.764980101456227468e-02	3.129718121121691232e-02	3.150137290358543535e-02
5.000000000000000104e-04	1.734751434005263673e-02	3.015833470911879685e-02	2.919330261647701263e-02
5.000000000000000104e-04	1.741298944312795124e-02	2.911172163580100572e-02	2.928945124149322579e-02
5.000000000000000104e-04	1.757866790579927854e-02	3.294997892454656907e-02	3.254917692393064638e-02
5.000000000000000104e-04	1.762762080028505707e-02	3.015373333196365302e-02	3.128252443857491155e-02
5.000000000000000104e-04	1.739617089354641641e-02	2.962030026652114068e-02	2.922280323691666196e-02
5.000000000000000104e-04	1.748580825008525658e-02	2.917728884174873583e-02	2.773368624038994451e-02
5.000000000000000104e-04	1.747002484468681421e-02	2.980471601348896882e-02	3.083205383736640354e-02
5.000000000000000104e-04	1.708062951371221161e-02	2.915124999876109874e-02	2.766932132653892110e-02
5.000000000000000104e-04	1.711654064363088770e-02	3.039540989197673723e-02	2.847132282331586023e-02
5.000000000000000104e-04	1.706114469703943690e-02	2.894419023074716948e-02	2.594677042216062685e-02
5.000000000000000104e-04	1.697083525663028308e-02	2.854495595028887223e-02	2.567318412475287984e-02
5.000000000000000104e-04	1.708987763898101378e-02	2.898938461397018718e-02	2.755174334160983424e-02
5.000000000000000104e-04	1.691637861630714001e-02	2.868717211586330543e-02	2.774685916956514189e-02
5.000000000000000104e-04	1.702225084702087277e-02	2.888056809443453887e-02	2.742207921110093732e-02
5.000000000000000104e-04	1.696518782055988356e-02	3.458915121307235691e-02	3.244148890953511138e-02
5.000000000000000104e-04	1.697868206270078048e-02	2.879984537383336804e-02	2.724551437422633240e-02
5.000000000000000104e-04	1.682661735648294590e-02	2.970358230056563062e-02	2.943921624682843685e-02
5.000000000000000104e-04	1.699777583062319491e-02	2.984335667000235018e-02	2.887026923708617757e-02
5.000000000000000104e-04	1.668767923670167949e-02	2.956905454904308964e-02	2.897924510762095451e-02
5.000000000000000104e-04	1.698304335042236102e-02	3.268136312278153294e-02	3.375201886519789418e-02
5.000000000000000104e-04	1.686195156755334462e-02	3.051959455052283277e-02	3.082769177854061127e-02
5.000000000000000104e-04	1.705307988672061584e-02	2.970440740360639348e-02	2.968131727539002895e-02
5.000000000000000104e-04	1.672176313935982289e-02	3.046784985869030807e-02	2.914685537107288699e-02
5.000000000000000104e-04	1.671270648512714063e-02	3.022984489408463149e-02	2.913454310037195613e-02
5.000000000000000104e-04	1.659166387489814307e-02	2.983765763411035110e-02	2.754090297967195372e-02
5.000000000000000104e-04	1.657290450108214394e-02	2.847570783083195473e-02	2.549376790411770483e-02
5.000000000000000104e-04	1.669441134500392748e-02	3.052246987000497777e-02	2.743978695943951468e-02
5.000000000000000104e-04	1.674777843435189262e-02	3.021995904636008701e-02	2.705225548706948618e-02
5.000000000000000104e-04	1.651983769039486530e-02	3.032719279537026205e-02	2.732577803544700146e-02
5.000000000000000104e-04	1.666678126723683886e-02	3.080405994118508295e-02	2.916365871205926080e-02
5.000000000000000104e-04	1.670612488158693121e-02	3.044893290281919934e-02	2.677297662012279034e-02
5.000000000000000104e-04	1.644989447110159833e-02	2.979942223944589269e-02	2.650902052409946988e-02
5.000000000000000104e-04	1.662058037894801124e-02	2.973165693668482906e-02	2.725941604003310342e-02
5.000000000000000104e-04	1.646740005068251383e-02	2.910559710251723123e-02	2.642198349349200726e-02
5.000000000000000104e-04	1.642565612549557255e-02	3.254991269509517615e-02	2.968179220333695342e-02
5.000000000000000104e-04	1.652604657419810483e-02	3.219631559054576819e-02	3.028352563269436429e-02
5.000000000000000104e-04	1.632595947797888664e-02	2.883767150830067807e-02	2.548879696987569471e-02
5.000000000000000104e-04	1.633099251637509450e-02	3.014317281661233264e-02	2.699953741393983433e-02
5.000000000000000104e-04	1.643710825245539228e-02	2.810420016441201804e-02	2.669340111315250327e-02
5.000000000000000104e-04	1.632203994705674899e-02	2.966666610726199221e-02	2.602056772448122640e-02
5.000000000000000104e-04	1.626633491785357127e-02	2.844725221551525768e-02	2.910353969782590935e-02
5.000000000000000104e-04	1.650498616452252335e-02	2.904421060848298361e-02	2.636391855776309967e-02
5.000000000000000104e-04	1.620747662057808736e-02	2.874350557542596288e-02	2.704793675802647998e-02
5.000000000000000104e-04	1.629379164176132308e-02	2.883159075692998119e-02	2.631893246434629033e-02
5.000000000000000104e-04	1.619970423633741025e-02	3.118440022214232984e-02	2.668029675260186195e-02
5.000000000000000104e-04	1.649196536311096223e-02	3.262251881755771216e-02	3.030638960190117429e-02
5.000000000000000104e-04	1.628354850694875219e-02	3.009521093278031204e-02	2.678315495140850405e-02
5.000000000000000104e-04	1.639776818569123329e-02	2.956520905474405506e-02	2.641771906055510183e-02
5.000000000000000104e-04	1.626739523700238693e-02	3.145833119398948330e-02	2.840515808202326298e-02
5.000000000000000104e-04	1.621045728407501108e-02	2.827054165615773204e-02	2.391118025407195161e-02
5.000000000000000104e-04	1.647308231680857243e-02	3.040738905053488178e-02	2.730721710249781747e-02
5.000000000000000104e-04	1.597746858430713207e-02	2.885625842002986080e-02	2.513987603597343107e-02
5.000000000000000104e-04	1.651674422851008919e-02	2.947027977380452940e-02	2.592347380705177853e-02
5.000000000000000104e-04	1.640822810140926680e-02	2.941447808480387657e-02	2.555627701804041862e-02
5.000000000000000104e-04	1.600772016283521365e-02	3.040234342763561276e-02	2.599733839742839406e-02
5.000000000000000104e-04	1.597740552092860589e-02	2.871194639833185569e-02	2.566164215095341136e-02
5.000000000000000104e-04	1.602754564311110325e-02	2.873135525830753170e-02	2.596890311688184599e-02
5.000000000000000104e-04	1.588215235590397303e-02	3.452690746342636230e-02	3.158665020018815855e-02
5.000000000000000104e-04	1.620052141365511261e-02	2.823568423185985124e-02	2.579291714355349402e-02
5.000000000000000104e-04	1.594969191885899432e-02	3.206376230139382916e-02	2.875083908438682417e-02
2.500000000000000052e-04	1.391098007273715645e-02	2.793998453102966920e-02	2.549794048536568880e-02
2.500000000000000052e-04	1.366214995413862592e-02	2.745737509402149112e-02	2.445247140713036060e-02
2.500000000000000052e-04	1.365302157560672157e-02	2.905870008609057892e-02	2.540158140473067899e-02
2.500000000000000052e-04	1.349744263932394980e-02	2.865729504386791901e-02	2.513681468553841114e-02
2.500000000000000052e-04	1.361176381705717781e-02	2.820945251245461291e-02	2.510529165156185488e-02
2.500000000000000052e-04	1.355484112232507345e-02	2.821428745165857274e-02	2.478245296515524387e-02
2.500000000000000052e-04	1.340261301044168817e-02	2.745327664080870686e-02	2.572915302589535644e-02
2.500000000000000052e-04	1.360984368779636321e-02	2.749266933786307168e-02	2.426111125387251516e-02
2.500000000000000052e-04	1.335183123571970568e-02	2.894380412683749196e-02	2.564577669836580823e-02
2.500000000000000052e-04	1.332108644685161408e-02	2.751452265141521997e-02	2.399514990393072228e-02
2.500000000000000052e-04	1.336967105283214975e-02	2.781448524971907171e-02	2.430147009436041047e-02
2.500000000000000052e-04	1.317394774682373489e-02	2.861489678845199544e-02	2.495621987618506024e-02
2.500000000000000052e-04	1.334205758798522913e-02	2.829835738460118738e-02	2.484510841313749413e-02
2.500000000000000052e-04	1.340908726158271738e-02	2.755253343643006281e-02	2.358078744728118320e-02
2.500000000000000052e-04	1.317575847629269201e-02	2.709312525368173796e-02	2.427734741941094468e-02
2.500000000000000052e-04	1.318000083374224612e-02	2.825893303233135284e-02	2.423295527696609636e-02
2.500000000000000052e-04	1.348145676038860208e-02	2.892762286032681679e-02	2.549160849303007056e-02
2.500000000000000052e-04	1.330580040184025682e-02	2.897920854467684118e-02	2.564666913822293351e-02
2.500000000000000052e-04	1.325926519312731720e-02	2.822323198093793645e-02	2.465446889400482039e-02
2.500000000000000052e-04	1.314571811132232704e-02	2.890705282151386987e-02	2.526056075002998044e-02
2.500000000000000052e-04	1.327610517829795264e-02	2.904823531167513573e-02	2.581099933013319969e-02
2.500000000000000052e-04	1.307320794000692808e-02	2.733867615948952848e-02	2.352825254201889107e-02
2.500000000000000052e-04	1.323387232013675287e-02	3.027232857274759353e-02	2.712704781442880700e-02
2.500000000000000052e-04	1.307259967448780313e-02	2.805411160304284099e-02	2.430453330744057963e-02
2.500000000000000052e-04	1.303524577176418293e-02	2.891362478946828130e-02	2.528574480675160885e-02
2.500000000000000052e-04	1.298981221634385418e-02	2.736701817783229740e-02	2.383871455676853796e-02
2.500000000000000052e-04	1.311055527227416619e-02	2.925518942577520418e-02	2.546315421350300173e-02
2.500000000000000052e-04	1.306192676789750921e-02	2.812995377401406732e-02	2.419228067155927350e-02
2.500000000000000052e-04	1.304531524173477633e-02	2.821448899278933969e-02	2.450601626187563081e-02
2.500000000000000052e-04	1.310388273610979884e-02	2.765388467900103953e-02	2.428123808931559324e-02
2.500000000000000052e-04	1.293255963946252259e-02	2.745720020529487243e-02	2.426813051570207019e-02
2.500000000000000052e-04	1.311693137534365727e-02	2.809641646777148033e-02	2.440204480662942071e-02
2.500000000000000052e-04	1.303115939892668038e-02	2.746861329526489176e-02	2.345277536660432885e-02
2.500000000000000052e-04	1.306989736862614916e-02	2.770088835380464173e-02	2.429319829680025647e-02
2.500000000000000052e-04	1.302843681282519345e-02	2.853443460412206575e-02	2.520588771440088888e-02
2.500000000000000052e-04	1.302292119763648510e-02	2.821057434169409878e-02	2.474901183741167257e-02
1.250000000000000026e-04	1.191117163907916450e-02	2.839739491958268719e-02	2.442746302112936904e-02
1.250000000000000026e-04	1.178699129311462125e-02	2.731297773196903270e-02	2.390315153170376877e-02
1.250000000000000026e-04	1.180733671035875433e-02	2.725798926311325671e-02	2.369153574109077523e-02
1.250000000000000026e-04	1.171731166167747085e-02	2.750224844889023051e-02	2.373109152540564537e-02
1.250000000000000026e-04	1.176637065948494751e-02	2.803431559568612258e-02	2.454518580343574216e-02
1.250000000000000026e-04	1.174857257770557488e-02	2.717166288672941479e-02	2.410221425816416740e-02
1.250000000000000026e-04	1.180197607558989940e-02	2.733533178500011790e-02	2.335383300669491291e-02
1.250000000000000026e-04	1.174884843312251625e-02	2.831159101516320456e-02	2.422053022310137818e-02
1.250000000000000026e-04	1.160809197319523020e-02	2.731713703321536971e-02	2.447168063372373581e-02
1.250000000000000026e-04	1.165869815758342233e-02	2.832334168762436558e-02	2.471873709000647207e-02
1.250000000000000026e-04	1.155867183054382942e-02	2.688107815088401978e-02	2.308205743320286205e-02
1.250000000000000026e-04	1.166155896598712605e-02	2.769967898999521269e-02	2.372657065279781818e-02
1.250000000000000026e-04	1.160760491180551704e-02	2.735889177886447268e-02	2.546654040925204823e-02
1.250000000000000026e-04	1.155110010758059712e-02	2.689254438475320585e-02	2.325277416966855387e-02
1.250000000000000026e-04	1.172350168877203842e-02	2.770388623728801958e-02	2.442107670940458705e-02
1.250000000000000026e-04	1.148860745154724194e-02	2.783056520198652281e-02	2.381052402779459953e-02
1.250000000000000026e-04	1.160140726888696412e-02	2.712992667488714829e-02	2.299623165745288272e-02
1.250000000000000026e-04	1.162453354436550866e-02	2.782731899182209687e-02	2.389345113188028405e-02
1.250000000000000026e-04	1.147429922670386085e-02	2.710879432203257972e-02	2.287770705297589163e-02
1.250000000000000026e-04	1.161231503211321639e-02	2.750228308823876242e-02	2.380628432147204737e-02
1.250000000000000026e-04	1.153955293451980335e-02	2.711317205011688769e-02	2.312012985348701338e-02
1.250000000000000026e-04	1.165185993647830168e-02	2.715606240955478756e-02	2.330035511404275964e-02
1.250000000000000026e-04	1.159276649488083163e-02	2.710381070278701857e-02	2.345917767379433055e-02
1.250000000000000026e-04	1.154671618557811912e-02	2.757474678661186659e-02	2.376160710118711133e-02
1.250000000000000026e-04	1.155148756648606209e-02	2.915790779467340374e-02	2.615775871090591023e-02
1.250000000000000026e-04	1.150735620481849013e-02	2.702824246742962372e-02	2.382497487124055763e-02
1.250000000000000026e-04	1.149001785777747572e-02	2.736163621583066058e-02	2.331319032236933708e-02
1.250000000000000026e-04	1.148695585769213788e-02	2.781473275722633545e-02	2.381725071463734050e-02
1.250000000000000026e-04	1.152495350450312081e-02	2.749075562600533998e-02	2.347628930583596160e-02
1.250000000000000026e-04	1.140946408012072540e-02	2.934711269488197299e-02	2.519006538204848766e-02
1.250000000000000026e-04	1.146890459703568677e-02	2.727148227920239004e-02	2.329479195177554945e-02
1.250000000000000026e-04	1.144170695363200957e-02	2.795516698577329290e-02	2.426829389296471934e-02
6.250000000000000130e-05	1.095027891580945163e-02	2.749495082461709053e-02	2.377393599599599699e-02
6.250000000000000130e-05	1.084872550147392145e-02	2.710334116505234633e-02	2.292378699639812181e-02
6.250000000000000130e-05	1.093488144393037209e-02	2.836961932090252547e-02	2.460570416878908942e-02
6.250000000000000130e-05	1.081353820234086383e-02	2.739828226707524683e-02	2.334050580393522839e-02
6.250000000000000130e-05	1.078169968915391325e-02	2.797898719409061194e-02	2.391542317345738550e-02
6.250000000000000130e-05	1.079728626990132841e-02	2.677320269623975971e-02	2.342526074498891761e-02
6.250000000000000130e-05	1.086463906231741050e-02	2.751036286256544269e-02	2.368640531785786221e-02
6.250000000000000130e-05	1.083109140262839866e-02	2.677685695246876177e-02	2.274334321264177491e-02
6.250000000000000130e-05	1.076054396871704844e-02	2.682906676434877735e-02	2.302943258546292712e-02
6.250000000000000130e-05	1.079216322857819328e-02	2.730207745941521519e-02	2.345894353929907014e-02
6.250000000000000130e-05	1.078480777805839071e-02	2.738110986367570110e-02	2.355517805553972860e-02
6.250000000000000130e-05	1.076852105592592500e-02	2.752828447840600587e-02	2.449314617551863124e-02
6.250000000000000130e-05	1.073320158944184033e-02	2.715220624161640214e-02	2.279453068040311267e-02
6.250000000000000130e-05	1.069316775426962067e-02	2.691550601117741887e-02	3.837830505799501996e-02
6.250000000000000130e-05	1.078107358005771232e-02	2.723634431714006682e-02	2.343267183750867913e-02
6.250000000000000130e-05	1.066938299038829377e-02	2.770147261975323266e-02	2.434369074180722098e-02
6.250000000000000130e-05	1.090079330210208183e-02	2.702809298284234926e-02	2.310902499593794207e-02
6.250000000000000130e-05	1.072271437361975097e-02	2.715754636724269921e-02	2.318102149292826722e-02
6.250000000000000130e-05	1.064651013379607804e-02	2.738512359579040045e-02	2.349293523002415895e-02
6.250000000000000130e-05	1.074330499092330388e-02	2.659245802294365330e-02	2.259412759449332814e-02
6.250000000000000130e-05	1.069478634143504990e-02	2.707702382248265705e-02	2.293612281791865964e-02
6.250000000000000130e-05	1.071479128199072026e-02	2.837191091079986627e-02	2.434282843023538589e-02
6.250000000000000130e-05	1.069229305464473173e-02	2.834266697724608167e-02	2.410033573396503856e-02
6.250000000000000130e-05	1.075269613380328872e-02	2.757532661049309775e-02	2.319602225907146931e-02
6.250000000000000130e-05	1.067602242098784210e-02	2.664460071133381569e-02	2.239324320107698510e-02
6.250000000000000130e-05	1.074258970620068331e-02	2.809963745420984010e-02	2.392065485473722150e-02
6.250000000000000130e-05	1.072972245571821720e-02	2.724424243480435062e-02	2.351001687347888808e-02
6.250000000000000130e-05	1.064828198799704258e-02	2.817158901781155814e-02	2.409673559013754060e-02
6.250000000000000130e-05	1.070738080596424571e-02	2.739005226700405929e-02	2.342531615868210723e-02
6.250000000000000130e-05	1.072579378548222870e-02	2.702782611747842761e-02	2.263364479877054761e-02
6.250000000000000130e-05	1.063693213260853351e-02	2.665041195452993311e-02	2.285708696581423283e-02
6.250000000000000130e-05	1.073884727284875676e-02	2.655770835413046385e-02	2.242630198597907881e-02
6.250000000000000130e-05	1.065769711013075070e-02	2.711902846977192610e-02	2.349528491031378438e-02
6.250000000000000130e-05	1.059473448700080228e-02	2.722392364829310726e-02	2.337550558149814606e-02
6.250000000000000130e-05	1.063199916885924044e-02	2.684870953257171428e-02	2.266383189707994392e-02
6.250000000000000130e-05	1.069170644115645732e-02	2.674601651260053933e-02	2.240802466403692822e-02
