1.000000000000000021e-03	9.608911170235162613e-01	2.188905626535415649e+00	2.129593312740325928e+00
1.000000000000000021e-03	5.984041645557065525e-01	1.375964194536209106e+00	1.382128551602363586e+00
1.000000000000000021e-03	5.371527924567838230e-01	7.730851620435714722e-01	7.829857766628265381e-01
1.000000000000000021e-03	4.854587855972821164e-01	8.713034540414810181e-01	8.776678666472434998e-01
1.000000000000000021e-03	4.732677891284604588e-01	1.064491018652915955e+00	1.056411899626255035e+00
1.000000000000000021e-03	4.279544157317922148e-01	1.042252942919731140e+00	1.045198127627372742e+00
1.000000000000000021e-03	4.349217486532428456e-01	1.552426666021347046e+00	1.537730365991592407e+00
1.000000000000000021e-03	4.072918790050699678e-01	9.025733172893524170e-01	8.937450870871543884e-01
1.000000000000000021e-03	3.908951680494260339e-01	3.783688694238662720e-01	3.791723251342773438e-01
1.000000000000000021e-03	3.791513097814366851e-01	2.048330545425415039e+00	2.056785255670547485e+00
1.000000000000000021e-03	3.830112828106819745e-01	7.577601522207260132e-01	7.705003693699836731e-01
1.000000000000000021e-03	3.560733474508116503e-01	4.891922213137149811e-01	4.595889896154403687e-01
1.000000000000000021e-03	3.643472913322569617e-01	7.206633090972900391e-01	6.963713914155960083e-01
1.000000000000000021e-03	3.344501611552661013e-01	5.639444440603256226e-01	5.530207380652427673e-01
1.000000000000000021e-03	3.260666313050668563e-01	3.645465523004531860e-01	3.396778181195259094e-01
1.000000000000000021e-03	3.275669784862784151e-01	1.002801649272441864e+00	9.773065149784088135e-01
1.000000000000000021e-03	3.126009659299367471e-01	7.889508530497550964e-01	7.736515179276466370e-01
1.000000000000000021e-03	2.990694698653643679e-01	8.368940874934196472e-01	7.995778918266296387e-01
1.000000000000000021e-03	2.991983203948298531e-01	3.935567289590835571e-01	3.802010603249073029e-01
1.000000000000000021e-03	2.901745598904694190e-01	3.423438258469104767e-01	3.101292643696069717e-01
1.000000000000000021e-03	2.772789644666864839e-01	4.583616517484188080e-01	4.409202001988887787e-01
1.000000000000000021e-03	2.790033019418957649e-01	1.016514919698238373e+00	1.010590113699436188e+00
1.000000000000000021e-03	2.871750510191615757e-01	1.229946941137313843e+00	1.213698461651802063e+00
1.000000000000000021e-03	2.915318602625328048e-01	2.918849810957908630e-01	2.626399062573909760e-01
1.000000000000000021e-03	2.778105892335312466e-01	7.740340232849121094e-01	7.601498737931251526e-01
1.000000000000000021e-03	2.771681948930402317e-01	4.558482505381107330e-01	4.224320985376834869e-01
1.000000000000000021e-03	2.601433918823169988e-01	6.955904662609100342e-01	6.607286185026168823e-01
1.000000000000000021e-03	2.630800508622881950e-01	3.060187585651874542e-01	2.658696472644805908e-01
1.000000000000000021e-03	2.663743373336671105e-01	6.427754238247871399e-01	6.042815521359443665e-01
1.000000000000000021e-03	2.761877518665941666e-01	4.969253055751323700e-01	4.896205030381679535e-01
1.000000000000000021e-03	2.641168246163597688e-01	3.220969028770923615e-01	3.094409033656120300e-01
1.000000000000000021e-03	2.665094761531563994e-01	2.849849835038185120e-01	2.630565892904996872e-01
1.000000000000000021e-03	2.641951347453684873e-01	3.281255289912223816e-01	2.878022529184818268e-01
1.000000000000000021e-03	2.800515199763865537e-01	2.591134365648031235e-01	2.336077857762575150e-01
1.000000000000000021e-03	2.500025509278985258e-01	2.710363641381263733e-01	2.492008395493030548e-01
1.000000000000000021e-03	2.582480475495133043e-01	2.663280479609966278e-01	2.356846332550048828e-01
1.000000000000000021e-03	2.379124743651740148e-01	3.771389499306678772e-01	3.490387611091136932e-01
1.000000000000000021e-03	2.435488457543940610e-01	3.182141426950693130e-01	2.886785455048084259e-01
1.000000000000000021e-03	2.553016926291622468e-01	4.633727595210075378e-01	4.377698451280593872e-01
1.000000000000000021e-03	2.239719742461095953e-01	3.497330285608768463e-01	3.198497146368026733e-01
1.000000000000000021e-03	2.473372862308840237e-01	2.603317312896251678e-01	2.387912776321172714e-01
1.000000000000000021e-03	2.248164504011974929e-01	4.021403193473815918e-01	3.616269901394844055e-01
1.000000000000000021e-03	2.375504912077626152e-01	2.982925940304994583e-01	2.755682319402694702e-01
1.000000000000000021e-03	2.278443803138370805e-01	2.198150157928466797e-01	1.970494240522384644e-01
1.000000000000000021e-03	2.301740393608431301e-01	2.291066031903028488e-01	1.990069132298231125e-01
1.000000000000000021e-03	2.184581586831732536e-01	2.378498855978250504e-01	2.112972047179937363e-01
1.000000000000000021e-03	2.255389943153043308e-01	2.482775729149580002e-01	2.164456993341445923e-01
1.000000000000000021e-03	2.173194131707843479e-01	2.874604444950819016e-01	2.684977408498525620e-01
1.000000000000000021e-03	2.273344331527057949e-01	2.932808697223663330e-01	2.765789795666933060e-01
1.000000000000000021e-03	2.247297773255577669e-01	2.845635097473859787e-01	2.630824297666549683e-01
1.000000000000000021e-03	2.106287987737716083e-01	3.804560415446758270e-01	3.404647745192050934e-01
1.000000000000000021e-03	2.288935473070868865e-01	2.620592676103115082e-01	2.277350351214408875e-01
1.000000000000000021e-03	2.021164584763442407e-01	2.366698943078517914e-01	2.100769970566034317e-01
1.000000000000000021e-03	2.212727489539339509e-01	2.770108897238969803e-01	2.432549819350242615e-01
1.000000000000000021e-03	2.028682976961135864e-01	2.811908423900604248e-01	2.596861943602561951e-01
1.000000000000000021e-03	2.210583369943160126e-01	2.440689969807863235e-01	2.405937723815441132e-01
1.000000000000000021e-03	2.298567870372458244e-01	3.441683873534202576e-01	3.121151998639106750e-01
1.000000000000000021e-03	2.125101709101773484e-01	3.367959447205066681e-01	3.185778632760047913e-01
1.000000000000000021e-03	2.100296152543418005e-01	3.126461096107959747e-01	2.970290333032608032e-01
1.000000000000000021e-03	2.002287444811833017e-01	2.125971261411905289e-01	1.793890632688999176e-01
1.000000000000000021e-03	2.102953834058363114e-01	3.296703472733497620e-01	3.047036007046699524e-01
1.000000000000000021e-03	2.094541442922399077e-01	2.262912895530462265e-01	2.038120906800031662e-01
1.000000000000000021e-03	2.258637938884240082e-01	2.968524862080812454e-01	2.752644158899784088e-01
1.000000000000000021e-03	2.030580806769902158e-01	2.179321199655532837e-01	2.038847394287586212e-01
1.000000000000000021e-03	2.177437145875979196e-01	3.296136148273944855e-01	2.930910959839820862e-01
1.000000000000000021e-03	1.976584530895269254e-01	2.157439105212688446e-01	2.034259587526321411e-01
1.000000000000000021e-03	1.851923983496955584e-01	1.801429130136966705e-01	1.504999976605176926e-01
1.000000000000000021e-03	2.077000294870968156e-01	2.480121422559022903e-01	2.385947834700345993e-01
1.000000000000000021e-03	1.996267043714281819e-01	2.220830321311950684e-01	1.964214239269495010e-01
1.000000000000000021e-03	2.151580951824972887e-01	3.087418191134929657e-01	3.021813444793224335e-01
1.000000000000000021e-03	1.980516444655913422e-01	2.280897106975317001e-01	2.074404172599315643e-01
1.000000000000000021e-03	2.071991354415688436e-01	2.180118598043918610e-01	1.990509089082479477e-01
1.000000000000000021e-03	1.977269748532319293e-01	3.537735007703304291e-01	3.325873650610446930e-01
1.000000000000000021e-03	2.018017670776270645e-01	1.954245213419198990e-01	1.827464997768402100e-01
1.000000000000000021e-03	1.836611507814141786e-01	3.593241572380065918e-01	3.271633423864841461e-01
1.000000000000000021e-03	2.007429656348651004e-01	2.456560619175434113e-01	2.199082057923078537e-01
1.000000000000000021e-03	1.870846429580374504e-01	2.167072910815477371e-01	1.943672969937324524e-01
1.000000000000000021e-03	1.965495040522345915e-01	1.965726166963577271e-01	1.808567065745592117e-01
1.000000000000000021e-03	1.947193140093284314e-01	1.751758428290486336e-01	1.531867068260908127e-01
1.000000000000000021e-03	1.919739969734904073e-01	2.105659507215023041e-01	1.856959108263254166e-01
1.000000000000000021e-03	1.986615178705770646e-01	2.150206901133060455e-01	1.866645198315382004e-01
1.000000000000000021e-03	1.802389552887481983e-01	1.994639672338962555e-01	1.759905647486448288e-01
1.000000000000000021e-03	1.979583607444280191e-01	2.088146880269050598e-01	1.831560190767049789e-01
1.000000000000000021e-03	1.873734881040416134e-01	2.959540598094463348e-01	2.739985063672065735e-01
1.000000000000000021e-03	1.969332803465143056e-01	3.200964517891407013e-01	2.970245368778705597e-01
1.000000000000000021e-03	1.917101172140882048e-01	2.435925304889678955e-01	2.238592281937599182e-01
1.000000000000000021e-03	1.933768534962135022e-01	2.390778455883264542e-01	2.178243361413478851e-01
1.000000000000000021e-03	1.879193838449973175e-01	2.563065513968467712e-01	2.197299543768167496e-01
1.000000000000000021e-03	1.941983013213435250e-01	1.935380883514881134e-01	1.582409143447875977e-01
1.000000000000000021e-03	1.934649188873134029e-01	2.694385703653097153e-01	2.382618449628353119e-01
1.000000000000000021e-03	1.878556339423867738e-01	1.785930469632148743e-01	1.621320527046918869e-01
1.000000000000000021e-03	1.782850350571583975e-01	2.216368298977613449e-01	2.050289642065763474e-01
1.000000000000000021e-03	1.832963440425788293e-01	1.970304567366838455e-01	1.779667399823665619e-01
1.000000000000000021e-03	1.729296931548963689e-01	2.643536627292633057e-01	2.330090776085853577e-01
1.000000000000000021e-03	1.716415102157411721e-01	2.117351517081260681e-01	1.891738753765821457e-01
1.000000000000000021e-03	1.760782667353183450e-01	2.972166873514652252e-01	2.631273418664932251e-01
1.000000000000000021e-03	1.935747754347475202e-01	1.891096066683530807e-01	1.739638354629278183e-01
1.000000000000000021e-03	1.903595711234249699e-01	2.396829091012477875e-01	2.223308440297842026e-01
1.000000000000000021e-03	1.886393897518326979e-01	3.887068256735801697e-01	3.556715436279773712e-01
1.000000000000000021e-03	1.726268377107909868e-01	2.003675699234008789e-01	1.777049880474805832e-01
5.000000000000000104e-04	1.613400359696979813e-01	2.492699213325977325e-01	2.214864883571863174e-01
5.000000000000000104e-04	1.456320404629164178e-01	1.604659520089626312e-01	1.363417971879243851e-01
5.000000000000000104e-04	1.575524386348603756e-01	1.648663384839892387e-01	1.362977949902415276e-01
5.000000000000000104e-04	1.542153535764428651e-01	2.073549926280975342e-01	1.833613812923431396e-01
5.000000000000000104e-04	1.517367310161832072e-01	1.696137711405754089e-01	1.481106858700513840e-01
5.000000000000000104e-04	1.488512844035897176e-01	1.973245888948440552e-01	1.636830233037471771e-01
5.000000000000000104e-04	1.507182592832589374e-01	1.719642337411642075e-01	1.370494505390524864e-01
5.000000000000000104e-04	1.543967808726467716e-01	1.680600447580218315e-01	1.420361110940575600e-01
5.000000000000000104e-04	1.459069801848145997e-01	1.575461961328983307e-01	1.316881291568279266e-01
5.000000000000000104e-04	1.390910874816435883e-01	1.665190337225794792e-01	1.428302377462387085e-01
5.000000000000000104e-04	1.624282663570174590e-01	3.241992406547069550e-01	2.955038547515869141e-01
5.000000000000000104e-04	1.432617818818816557e-01	2.151231877505779266e-01	1.811491511762142181e-01
5.000000000000000104e-04	1.509457308846184065e-01	1.672741323709487915e-01	1.305079841986298561e-01
5.000000000000000104e-04	1.476032033185415704e-01	2.024390008300542831e-01	1.812227014452219009e-01
5.000000000000000104e-04	1.407411400275894453e-01	1.821469441056251526e-01	1.699756551533937454e-01
5.000000000000000104e-04	1.390099453775188454e-01	1.782914884388446808e-01	1.456604767590761185e-01
5.000000000000000104e-04	1.470853295884554934e-01	1.809227261692285538e-01	1.616553403437137604e-01
5.000000000000000104e-04	1.491810297475585356e-01	1.683042738586664200e-01	1.505024842917919159e-01
5.000000000000000104e-04	1.493921062048477466e-01	2.172726523131132126e-01	1.828270610421895981e-01
5.000000000000000104e-04	1.443112911302832091e-01	1.963300015777349472e-01	1.784620396792888641e-01
5.000000000000000104e-04	1.332205576421339188e-01	1.849680151790380478e-01	1.600754596292972565e-01
5.000000000000000104e-04	1.402085239562807228e-01	1.744257565587759018e-01	1.494874758645892143e-01
5.000000000000000104e-04	1.333103952339932952e-01	1.751948259770870209e-01	1.394239328801631927e-01
5.000000000000000104e-04	1.395979312401783579e-01	1.790557913482189178e-01	1.552100386470556259e-01
5.000000000000000104e-04	1.387871397258360062e-01	1.603981414809823036e-01	1.429202388972043991e-01
5.000000000000000104e-04	1.444739912506900203e-01	1.657378319650888443e-01	1.387937068939208984e-01
5.000000000000000104e-04	1.378739545522611465e-01	1.896883212029933929e-01	1.540072523057460785e-01
5.000000000000000104e-04	1.497814243164243553e-01	1.953654978424310684e-01	1.688239499926567078e-01
5.000000000000000104e-04	1.422218359723875780e-01	2.722334079444408417e-01	2.463935893028974533e-01
5.000000000000000104e-04	1.317816345091862018e-01	1.834466066211462021e-01	1.671155057847499847e-01
2.500000000000000052e-04	1.386574524207205839e-01	1.534234862774610519e-01	1.259759115055203438e-01
2.500000000000000052e-04	1.227695383603059770e-01	1.547261942178010941e-01	1.347482409328222275e-01
2.500000000000000052e-04	1.176380380233631867e-01	1.672780774533748627e-01	1.445949915796518326e-01
2.500000000000000052e-04	1.279071380348899833e-01	1.500114174559712410e-01	1.233356306329369545e-01
2.500000000000000052e-04	1.276963048060483497e-01	1.601350577548146248e-01	1.314715575426816940e-01
2.500000000000000052e-04	1.240056513136700705e-01	1.485502338036894798e-01	1.273405440151691437e-01
2.500000000000000052e-04	1.195597446794751384e-01	1.695972066372632980e-01	1.460343748331069946e-01
2.500000000000000052e-04	1.241157981036584562e-01	1.739117037504911423e-01	1.388706704601645470e-01
2.500000000000000052e-04	1.232350578979600902e-01	1.675981003791093826e-01	1.460349522531032562e-01
2.500000000000000052e-04	1.230613790169546862e-01	1.516055744141340256e-01	1.215293416753411293e-01
2.500000000000000052e-04	1.169967010522944967e-01	1.575380973517894745e-01	1.309675034135580063e-01
2.500000000000000052e-04	1.144311647815040439e-01	1.827458925545215607e-01	1.576241813600063324e-01
2.500000000000000052e-04	1.147255486325372692e-01	1.802331581711769104e-01	1.474071163684129715e-01
2.500000000000000052e-04	1.211359315092050554e-01	1.514394497498869896e-01	1.263999817892909050e-01
2.500000000000000052e-04	1.209984607051445005e-01	1.582545153796672821e-01	1.232710704207420349e-01
2.500000000000000052e-04	1.115086176255835754e-01	1.680604666471481323e-01	1.290597263723611832e-01
2.500000000000000052e-04	1.158238048134725279e-01	1.682240562513470650e-01	1.465868912637233734e-01
2.500000000000000052e-04	1.244487126322486731e-01	1.640444016084074974e-01	1.358308168128132820e-01
2.500000000000000052e-04	1.065760587306716772e-01	1.460312902927398682e-01	1.277672741562128067e-01
2.500000000000000052e-04	1.151335326648211116e-01	1.491507915779948235e-01	1.284209489822387695e-01
2.500000000000000052e-04	1.127359202202362354e-01	1.545091141015291214e-01	1.367151057347655296e-01
2.500000000000000052e-04	1.023001923119720019e-01	1.463329959660768509e-01	1.200657263398170471e-01
2.500000000000000052e-04	1.171333614878262153e-01	1.596494913101196289e-01	1.410630233585834503e-01
2.500000000000000052e-04	1.083379419921319670e-01	1.541456086561083794e-01	1.362077277153730392e-01
2.500000000000000052e-04	1.180796775070926813e-01	1.561329271644353867e-01	1.300691319629549980e-01
2.500000000000000052e-04	1.182544704385196099e-01	1.541586602106690407e-01	1.239852663129568100e-01
2.500000000000000052e-04	1.146217748711380741e-01	1.532724536955356598e-01	1.305285636335611343e-01
2.500000000000000052e-04	1.030035473029070198e-01	1.569594759494066238e-01	1.300599453970789909e-01
2.500000000000000052e-04	1.100974365880217770e-01	1.518232021480798721e-01	1.251971889287233353e-01
2.500000000000000052e-04	1.163315451409243362e-01	2.177573572844266891e-01	1.912547685205936432e-01
2.500000000000000052e-04	1.010171684283244498e-01	1.486940225586295128e-01	1.308821551501750946e-01
2.500000000000000052e-04	1.045136116445064545e-01	1.626525260508060455e-01	1.390915606170892715e-01
2.500000000000000052e-04	1.089423747285257343e-01	1.547909947112202644e-01	1.285161282867193222e-01
2.500000000000000052e-04	1.024284916399400419e-01	1.564579997211694717e-01	1.255969470366835594e-01
2.500000000000000052e-04	1.088552342939980433e-01	1.556800501421093941e-01	1.285527376458048820e-01
2.500000000000000052e-04	1.019692876010755977e-01	1.535205245018005371e-01	1.327860169112682343e-01
2.500000000000000052e-04	1.100096424357800556e-01	1.624468415975570679e-01	1.309273391962051392e-01
2.500000000000000052e-04	1.117848174387141152e-01	1.477704299613833427e-01	1.218519685789942741e-01
2.500000000000000052e-04	1.132679926820948091e-01	1.621032133698463440e-01	1.371177807450294495e-01
2.500000000000000052e-04	1.134366078090064123e-01	1.652501001954078674e-01	1.394872730597853661e-01
1.250000000000000026e-04	9.742474664427057396e-02	1.501417551189661026e-01	1.242371872067451477e-01
1.250000000000000026e-04	1.033819136268730454e-01	1.511138463392853737e-01	1.212497148662805557e-01
1.250000000000000026e-04	9.470255786105047369e-02	1.549754161387681961e-01	1.291006142273545265e-01
1.250000000000000026e-04	9.885616289286673630e-02	1.640562452375888824e-01	1.400289759039878845e-01
1.250000000000000026e-04	8.963652558719055474e-02	1.522691994905471802e-01	1.240386273711919785e-01
1.250000000000000026e-04	9.583995505412921945e-02	1.523460512980818748e-01	1.246286407113075256e-01
1.250000000000000026e-04	8.672667101402825596e-02	1.540093701332807541e-01	1.222083484753966331e-01
1.250000000000000026e-04	9.581213317151311692e-02	1.492685014382004738e-01	1.246054396033287048e-01
1.250000000000000026e-04	9.412265465229371908e-02	1.570407971739768982e-01	1.321673877537250519e-01
1.250000000000000026e-04	9.741115777552881994e-02	1.489469371736049652e-01	1.223189393058419228e-01
1.250000000000000026e-04	9.255945503334456204e-02	1.485252743586897850e-01	1.192230647429823875e-01
1.250000000000000026e-04	9.349268448503711415e-02	1.518371626734733582e-01	1.261543408036231995e-01
1.250000000000000026e-04	8.705242336550846061e-02	1.493390966206789017e-01	1.278240587562322617e-01
1.250000000000000026e-04	9.159175372576411345e-02	1.450132289901375771e-01	1.187958847731351852e-01
1.250000000000000026e-04	9.157846104117887964e-02	1.446948572993278503e-01	1.177578214555978775e-01
1.250000000000000026e-04	9.234913471567479659e-02	1.425871681421995163e-01	1.233238019049167633e-01
1.250000000000000026e-04	9.075586629819266948e-02	1.508058896288275719e-01	1.355633242055773735e-01
1.250000000000000026e-04	9.437545577559290633e-02	1.511977305635809898e-01	1.296718381345272064e-01
1.250000000000000026e-04	1.200360514789442501e-01	1.510309530422091484e-01	1.314600547775626183e-01
1.250000000000000026e-04	8.903234041755712924e-02	1.518935142084956169e-01	1.260456070303916931e-01
1.250000000000000026e-04	9.129253803174706972e-02	1.434525977820158005e-01	1.172946272417902946e-01
1.250000000000000026e-04	9.445210546255111694e-02	1.480801375582814217e-01	1.220883866772055626e-01
1.250000000000000026e-04	8.764507701691193198e-02	1.473484365269541740e-01	1.197465788573026657e-01
1.250000000000000026e-04	8.955497440846660329e-02	1.443886961787939072e-01	1.224868716672062874e-01
1.250000000000000026e-04	9.002343206843242684e-02	1.504163593053817749e-01	1.293963892385363579e-01
1.250000000000000026e-04	8.878476747983618522e-02	1.467728298157453537e-01	1.210733735933899879e-01
1.250000000000000026e-04	9.820389563712893233e-02	1.567080970853567123e-01	1.342664677649736404e-01
1.250000000000000026e-04	8.444393874157833657e-02	1.432501915842294693e-01	1.204402372241020203e-01
1.250000000000000026e-04	9.085080687758288753e-02	1.477367524057626724e-01	1.228191684931516647e-01
1.250000000000000026e-04	8.258283713573141838e-02	1.479684282094240189e-01	1.205714419484138489e-01
1.250000000000000026e-04	8.917016130459459733e-02	1.508277663961052895e-01	1.261791205033659935e-01
1.250000000000000026e-04	8.970495968868461012e-02	1.420582691207528114e-01	1.189323384314775467e-01
1.250000000000000026e-04	9.798858390201496682e-02	1.784341782331466675e-01	1.545718507841229439e-01
1.250000000000000026e-04	8.684824572145184718e-02	1.466169022023677826e-01	1.249786820262670517e-01
1.250000000000000026e-04	8.533087608557712866e-02	1.452809851616621017e-01	1.225170940160751343e-01
1.250000000000000026e-04	8.346147057187708329e-02	1.457090843468904495e-01	1.202216437086462975e-01
1.250000000000000026e-04	8.680340327039549886e-02	1.531300432980060577e-01	1.308768270537257195e-01
1.250000000000000026e-04	8.583682959404172197e-02	1.451284131035208702e-01	1.234044674783945084e-01
1.250000000000000026e-04	8.989554063617428981e-02	1.433952404186129570e-01	1.172351315617561340e-01
1.250000000000000026e-04	8.116783937321433995e-02	1.501947762444615364e-01	1.186429848894476891e-01
1.250000000000000026e-04	8.337766238594357393e-02	1.413809414952993393e-01	1.187910167500376701e-01
1.250000000000000026e-04	8.922687856645523941e-02	1.459534037858247757e-01	1.260129436850547791e-01
1.250000000000000026e-04	8.562145731117151715e-02	1.505905762314796448e-01	1.268877396360039711e-01
1.250000000000000026e-04	9.369445059307013324e-02	1.532069193199276924e-01	1.348717017099261284e-01
1.250000000000000026e-04	7.832797800626935258e-02	1.550761749967932701e-01	1.345743536949157715e-01
1.250000000000000026e-04	8.052061696218539011e-02	1.419805744662880898e-01	1.213971013203263283e-01
1.250000000000000026e-04	9.105619349623028658e-02	1.494373809546232224e-01	1.276530968025326729e-01
1.250000000000000026e-04	7.906254569563685164e-02	1.494238981977105141e-01	1.297758063301444054e-01
1.250000000000000026e-04	8.760082665123516965e-02	1.556731956079602242e-01	1.333047039806842804e-01
1.250000000000000026e-04	7.965042758025700498e-02	1.435730233788490295e-01	1.178950071334838867e-01
1.250000000000000026e-04	8.410105439303797170e-02	1.430201977491378784e-01	1.177305495366454124e-01
1.250000000000000026e-04	7.931331960083562449e-02	1.432632207870483398e-01	1.159075573086738586e-01
1.250000000000000026e-04	8.371251368824439432e-02	1.414913563057780266e-01	1.169476900249719620e-01
1.250000000000000026e-04	8.215786285604102790e-02	1.458705104887485504e-01	1.233101021498441696e-01
1.250000000000000026e-04	7.769198362019998083e-02	1.526339370757341385e-01	1.238266974687576294e-01
1.250000000000000026e-04	8.486475687049611916e-02	1.461046515032649040e-01	1.209772070869803429e-01
1.250000000000000026e-04	8.371683733561370577e-02	1.482738032937049866e-01	1.288981214165687561e-01
1.250000000000000026e-04	7.888412093625793431e-02	1.446394613012671471e-01	1.211507879197597504e-01
1.250000000000000026e-04	8.765811180766625021e-02	1.473058946430683136e-01	1.256586899980902672e-01
1.250000000000000026e-04	8.094684506141686109e-02	1.427333801984786987e-01	1.191958589479327202e-01
1.250000000000000026e-04	8.419917382394211114e-02	1.511620022356510162e-01	1.286704596132040024e-01
1.250000000000000026e-04	8.384412343177614912e-02	1.450292617082595825e-01	1.185021400451660156e-01
6.250000000000000130e-05	8.461455925355983176e-02	1.458590701222419739e-01	1.205209335312247276e-01
6.250000000000000130e-05	7.100770580051821157e-02	1.463842056691646576e-01	1.224872833117842674e-01
6.250000000000000130e-05	7.934653169558017471e-02	1.451316261664032936e-01	1.190309440717101097e-01
6.250000000000000130e-05	7.503590218817131341e-02	1.462786477059125900e-01	1.213246444240212440e-01
6.250000000000000130e-05	7.056674969535839392e-02	1.521561816334724426e-01	1.266144104301929474e-01
6.250000000000000130e-05	7.524564126624336269e-02	1.438732137903571129e-01	1.216214215382933617e-01
6.250000000000000130e-05	7.204277747416798494e-02	1.442279033362865448e-01	1.189579796046018600e-01
6.250000000000000130e-05	7.203230398553836511e-02	1.525413710623979568e-01	1.330449748784303665e-01
6.250000000000000130e-05	7.143229024508331026e-02	1.463235281407833099e-01	1.189219076186418533e-01
6.250000000000000130e-05	6.904687491964690838e-02	1.523310421034693718e-01	1.280026352033019066e-01
6.250000000000000130e-05	7.304738419531267568e-02	1.517150318250060081e-01	1.265738904476165771e-01
6.250000000000000130e-05	7.429779448275324050e-02	1.442228006199002266e-01	1.190373999997973442e-01
6.250000000000000130e-05	7.926195444940012380e-02	1.588270068168640137e-01	1.323341839015483856e-01
6.250000000000000130e-05	6.886471939992301616e-02	1.515832515433430672e-01	1.294829752296209335e-01
6.250000000000000130e-05	7.153541434414778522e-02	1.463686656206846237e-01	1.229231655597686768e-01
6.250000000000000130e-05	7.491834423964537082e-02	1.548362635076045990e-01	1.327848415821790695e-01
6.250000000000000130e-05	7.126035824229445814e-02	1.444316646084189415e-01	1.234436752274632454e-01
6.250000000000000130e-05	7.792928569679018203e-02	1.447983160614967346e-01	1.209702668711543083e-01
6.250000000000000130e-05	7.345299432172050502e-02	1.480968380346894264e-01	1.242063790559768677e-01
6.250000000000000130e-05	7.451640493884871541e-02	1.495572915300726891e-01	1.231691874563694000e-01
6.250000000000000130e-05	6.331868172635006509e-02	1.430398980155587196e-01	1.174859078601002693e-01
3.125000000000000065e-05	7.621739286033413219e-02	1.498357066884636879e-01	1.292038988322019577e-01
3.125000000000000065e-05	6.877511098415037272e-02	1.479522334411740303e-01	1.255986951291561127e-01
3.125000000000000065e-05	7.057688588017149711e-02	1.452095275744795799e-01	1.206852979958057404e-01
3.125000000000000065e-05	6.902265779768364251e-02	1.426911735907196999e-01	1.208502408117055893e-01
3.125000000000000065e-05	6.551332512422453069e-02	1.440227366983890533e-01	1.206279732286930084e-01
3.125000000000000065e-05	6.811872633952129052e-02	1.472514271736145020e-01	1.201648637652397156e-01
3.125000000000000065e-05	6.864605452629583826e-02	1.437901230528950691e-01	1.234603337943553925e-01
3.125000000000000065e-05	7.346061659576016978e-02	1.462308159098029137e-01	1.259661819785833359e-01
3.125000000000000065e-05	7.186392567391637620e-02	1.457932163029909134e-01	1.266512209549546242e-01
3.125000000000000065e-05	6.670664592728584030e-02	1.460533216595649719e-01	1.200506631284952164e-01
3.125000000000000065e-05	7.395106516306913791e-02	1.434095455333590508e-01	1.214475426822900772e-01
3.125000000000000065e-05	7.022437229280985294e-02	1.451710201799869537e-01	1.229721438139677048e-01
3.125000000000000065e-05	6.899647412326516405e-02	1.470003649592399597e-01	1.192516330629587173e-01
3.125000000000000065e-05	6.711826676243468071e-02	1.490002023056149483e-01	1.218828819692134857e-01
3.125000000000000065e-05	6.950774392749689556e-02	1.444511720910668373e-01	1.220326749607920647e-01
3.125000000000000065e-05	7.029125563611712812e-02	1.493310416117310524e-01	1.214827578514814377e-01
3.125000000000000065e-05	6.784118032908137419e-02	1.476029781624674797e-01	1.258535683155059814e-01
3.125000000000000065e-05	7.190848486144331420e-02	1.447731582447886467e-01	1.228422792628407478e-01
3.125000000000000065e-05	6.718787126526047648e-02	1.440971866250038147e-01	1.200836794450879097e-01
3.125000000000000065e-05	6.384065553923196079e-02	1.444735899567604065e-01	1.238236352801322937e-01
3.125000000000000065e-05	6.129874048542372639e-02	1.458685779944062233e-01	1.216722335666418076e-01
1.562500000000000033e-05	6.109958212775520175e-02	1.433152509853243828e-01	1.215860685333609581e-01
1.562500000000000033e-05	7.119753471092332697e-02	1.476024826988577843e-01	1.235197773203253746e-01
1.562500000000000033e-05	6.701223417833636342e-02	1.460848664864897728e-01	1.201233370229601860e-01
1.562500000000000033e-05	6.964085128488420318e-02	1.443540044128894806e-01	1.222525872290134430e-01
1.562500000000000033e-05	6.460410384814950502e-02	1.434841146692633629e-01	1.200343789532780647e-01
1.562500000000000033e-05	6.813868807180772924e-02	1.437567239627242088e-01	1.205655150115489960e-01
1.562500000000000033e-05	6.100039997527116620e-02	1.431723730638623238e-01	1.209195852279663086e-01
1.562500000000000033e-05	6.698462206728850177e-02	1.438234141096472740e-01	1.208469513803720474e-01
1.562500000000000033e-05	7.065282406026049400e-02	1.452895421534776688e-01	1.230765627697110176e-01
1.562500000000000033e-05	6.193592010325268959e-02	1.437032734975218773e-01	1.216972460970282555e-01
1.562500000000000033e-05	6.394554608607594393e-02	1.436399603262543678e-01	1.190979899838566780e-01
1.562500000000000033e-05	6.699931470653679166e-02	1.431177305057644844e-01	1.190069708973169327e-01
1.562500000000000033e-05	6.469482289556460763e-02	1.415194850414991379e-01	1.200829129666090012e-01
1.562500000000000033e-05	6.574187639959250262e-02	1.459055533632636070e-01	1.219444004818797112e-01
1.562500000000000033e-05	6.810633255805395581e-02	1.426011072471737862e-01	1.208066474646329880e-01
1.562500000000000033e-05	7.084463942277280379e-02	1.453105695545673370e-01	1.196526391431689262e-01
1.562500000000000033e-05	6.681323987490768446e-02	1.479794895276427269e-01	1.218596305698156357e-01
1.562500000000000033e-05	6.245636902277982433e-02	1.459113517776131630e-01	1.207266291603446007e-01
1.562500000000000033e-05	6.727550829513163910e-02	1.428429577499628067e-01	1.189471175894141197e-01
1.562500000000000033e-05	6.142008073533637702e-02	1.467704465612769127e-01	1.204198310151696205e-01
1.562500000000000033e-05	6.305060038178027237e-02	1.494144080206751823e-01	1.298604886978864670e-01
7.812500000000000163e-06	6.698574903833715011e-02	1.421653460711240768e-01	1.194453965872526169e-01
7.812500000000000163e-06	6.308057949041263879e-02	1.458779042586684227e-01	1.209430284798145294e-01
7.812500000000000163e-06	6.476554227403447106e-02	1.509643401950597763e-01	1.223481334745883942e-01
7.812500000000000163e-06	6.718566372424741862e-02	1.433792533352971077e-01	1.214459510520100594e-01
7.812500000000000163e-06	6.537294116672835720e-02	1.449834546074271202e-01	1.210159948095679283e-01
7.812500000000000163e-06	6.598474297531042865e-02	1.453657131642103195e-01	1.204134486615657806e-01
7.812500000000000163e-06	6.749488976842994703e-02	1.468272171914577484e-01	1.235181158408522606e-01
7.812500000000000163e-06	6.393355249038225330e-02	1.444375775754451752e-01	1.196210505440831184e-01
7.812500000000000163e-06	6.770639920819408741e-02	1.442517982795834541e-01	1.209707353264093399e-01
7.812500000000000163e-06	6.488232168404362010e-02	1.469537960365414619e-01	1.227274872362613678e-01
7.812500000000000163e-06	6.889415581863891913e-02	1.458048941567540169e-01	1.238300995901226997e-01
7.812500000000000163e-06	6.570871525644501887e-02	1.438322970643639565e-01	1.202673278748989105e-01
7.812500000000000163e-06	6.180635983525197691e-02	1.441097836941480637e-01	1.214125612750649452e-01
7.812500000000000163e-06	6.948145325708238174e-02	1.466681845486164093e-01	1.270079463720321655e-01
7.812500000000000163e-06	6.289121407213844883e-02	1.477158553898334503e-01	1.215296704322099686e-01
7.812500000000000163e-06	6.160596614302713686e-02	1.464805258437991142e-01	1.204370446503162384e-01
7.812500000000000163e-06	6.673261134213284707e-02	1.439431086182594299e-01	1.192562431097030640e-01
7.812500000000000163e-06	7.037132594121407736e-02	1.478947801515460014e-01	1.222178712487220764e-01
7.812500000000000163e-06	6.433148792933059135e-02	1.447094921022653580e-01	1.226989934220910072e-01
7.812500000000000163e-06	6.437272889704644119e-02	1.487375469878315926e-01	1.209252057597041130e-01
7.812500000000000163e-06	5.999061217696606552e-02	1.457799458876252174e-01	1.199782276526093483e-01
3.906250000000000081e-06	7.342293346890166328e-02	1.577668264508247375e-01	1.314150756224989891e-01
3.906250000000000081e-06	6.462320923522303640e-02	1.463978020474314690e-01	1.212381497025489807e-01
3.906250000000000081e-06	5.903135039666785461e-02	1.459060721099376678e-01	1.256531001999974251e-01
3.906250000000000081e-06	6.387927647255643715e-02	1.485568247735500336e-01	1.222833702340722084e-01
3.906250000000000081e-06	6.462759519868259417e-02	1.458661314100027084e-01	1.206983989104628563e-01
3.906250000000000081e-06	6.343879498824288310e-02	1.451389221474528313e-01	1.189695671200752258e-01
3.906250000000000081e-06	6.017120925214471810e-02	1.465202067047357559e-01	1.196866882964968681e-01
3.906250000000000081e-06	6.534419472836240639e-02	1.460354924201965332e-01	1.232151342555880547e-01
3.906250000000000081e-06	6.059815885522697870e-02	1.442904593423008919e-01	1.219513667747378349e-01
3.906250000000000081e-06	6.676365630819072750e-02	1.450071549043059349e-01	1.215337775647640228e-01
3.906250000000000081e-06	6.079361936714075543e-02	1.452585337683558464e-01	1.189487539231777191e-01
3.906250000000000081e-06	5.958590604647805156e-02	1.446842113509774208e-01	1.205427972599864006e-01
3.906250000000000081e-06	6.576076612065109850e-02	1.439431756734848022e-01	1.188392583280801773e-01
3.906250000000000081e-06	6.723561272308041514e-02	1.506145615130662918e-01	1.236425423994660378e-01
3.906250000000000081e-06	7.037598543057713152e-02	1.468684384599328041e-01	1.231367858126759529e-01
3.906250000000000081e-06	6.325873249222206673e-02	1.447009034454822540e-01	1.203771447762846947e-01
3.906250000000000081e-06	5.967789581870731191e-02	1.459384197369217873e-01	1.225912142544984818e-01
3.906250000000000081e-06	6.621431417857544244e-02	1.446866728365421295e-01	1.212527547031641006e-01
3.906250000000000081e-06	6.413259595349619924e-02	1.446832157671451569e-01	1.204041494056582451e-01
3.906250000000000081e-06	6.499147898505759635e-02	1.455452805384993553e-01	1.210554745048284531e-01
3.906250000000000081e-06	6.094730437933644496e-02	1.448982367292046547e-01	1.239558449015021324e-01
1.953125000000000041e-06	6.788530804311172784e-02	1.456421501934528351e-01	1.220084736123681068e-01
1.953125000000000041e-06	6.427595601711846851e-02	1.452275840565562248e-01	1.223544068634510040e-01
1.953125000000000041e-06	5.983589426909066700e-02	1.440607141703367233e-01	1.199992084875702858e-01
1.953125000000000041e-06	6.125487825727161245e-02	1.435553375631570816e-01	1.212535481899976730e-01
1.953125000000000041e-06	6.365653846554364392e-02	1.453056205064058304e-01	1.228785933926701546e-01
1.953125000000000041e-06	6.313566809307925853e-02	1.487264446914196014e-01	1.196281388401985168e-01
1.953125000000000041e-06	6.532090746715099594e-02	1.450659437105059624e-01	1.208188189193606377e-01
1.953125000000000041e-06	6.589280271643324638e-02	1.496430775150656700e-01	1.246238583698868752e-01
1.953125000000000041e-06	6.285897687171833337e-02	1.437406819313764572e-01	1.211846368387341499e-01
1.953125000000000041e-06	6.172241753886772292e-02	1.446945117786526680e-01	1.226445557549595833e-01
1.953125000000000041e-06	6.554798887971835519e-02	1.455948399379849434e-01	1.211829986423254013e-01
1.953125000000000041e-06	7.061182778281500927e-02	1.596857924014329910e-01	1.314196754246950150e-01
1.953125000000000041e-06	6.339173558863657465e-02	1.485004993155598640e-01	1.213045855984091759e-01
1.953125000000000041e-06	6.489216597585738266e-02	1.432728907093405724e-01	1.217172825708985329e-01
1.953125000000000041e-06	6.200536062257199638e-02	1.441317601129412651e-01	1.212614728137850761e-01
1.953125000000000041e-06	6.074492010889174370e-02	1.430437732487916946e-01	1.215847888961434364e-01
1.953125000000000041e-06	6.237624496032920240e-02	1.450900398194789886e-01	1.202644100412726402e-01
1.953125000000000041e-06	6.605738974353179971e-02	1.465474301949143410e-01	1.214194511994719505e-01
1.953125000000000041e-06	5.992282068804849482e-02	1.436900971457362175e-01	1.198572367429733276e-01
1.953125000000000041e-06	6.592216097478624526e-02	1.473432946950197220e-01	1.235485952347517014e-01
1.953125000000000041e-06	6.243790386692632532e-02	1.453498387709259987e-01	1.211976306512951851e-01
9.765625000000000203e-07	6.393149895947190797e-02	1.548629011958837509e-01	1.311793243512511253e-01
9.765625000000000203e-07	6.311403054602537921e-02	1.482099825516343117e-01	1.197370402514934540e-01
9.765625000000000203e-07	5.441976477733895950e-02	1.433804128319025040e-01	1.200237888842821121e-01
9.765625000000000203e-07	6.776654918359804880e-02	1.446414096280932426e-01	1.232799626886844635e-01
9.765625000000000203e-07	6.035115588692169936e-02	1.464856183156371117e-01	1.228931182995438576e-01
9.765625000000000203e-07	6.323811944715584943e-02	1.442659450694918633e-01	1.230371082201600075e-01
9.765625000000000203e-07	6.699637038326716754e-02	1.447593821212649345e-01	1.220556506887078285e-01
9.765625000000000203e-07	6.193501891308947349e-02	1.438191151246428490e-01	1.203289637342095375e-01
9.765625000000000203e-07	6.825849430376215721e-02	1.485194284468889236e-01	1.229782840237021446e-01
9.765625000000000203e-07	6.674846214584156945e-02	1.444695182144641876e-01	1.237054085358977318e-01
9.765625000000000203e-07	6.165985008583792920e-02	1.441894294694066048e-01	1.209247605875134468e-01
9.765625000000000203e-07	6.561418679318850589e-02	1.457172054797410965e-01	1.241162708029150963e-01
9.765625000000000203e-07	6.189501177095159401e-02	1.440691361203789711e-01	1.208626283332705498e-01
9.765625000000000203e-07	6.985590003336532294e-02	1.553478473797440529e-01	1.293515563011169434e-01
9.765625000000000203e-07	6.130377349408366872e-02	1.433106316253542900e-01	1.203410327434539795e-01
9.765625000000000203e-07	6.952517038753515399e-02	1.587506392970681190e-01	1.308872569352388382e-01
9.765625000000000203e-07	6.068969888117494577e-02	1.476473445072770119e-01	1.247893813997507095e-01
9.765625000000000203e-07	5.875977638024318384e-02	1.433818088844418526e-01	1.212255181744694710e-01
9.765625000000000203e-07	6.422772829102564585e-02	1.437629302963614464e-01	1.240020804107189178e-01
9.765625000000000203e-07	6.079866381102724815e-02	1.468910863623023033e-01	1.230921382084488869e-01
9.765625000000000203e-07	6.417461993950832055e-02	1.447133952751755714e-01	1.209262283518910408e-01
4.882812500000000102e-07	6.807928341381912218e-02	1.463539991527795792e-01	1.228706995025277138e-01
4.882812500000000102e-07	6.804456453345998634e-02	1.478236680850386620e-01	1.278207702562212944e-01
4.882812500000000102e-07	5.926916293234010119e-02	1.448681680485606194e-01	1.211932022124528885e-01
4.882812500000000102e-07	6.560093963730938282e-02	1.545689376071095467e-01	1.273482702672481537e-01
4.882812500000000102e-07	6.062390483161316651e-02	1.516208294779062271e-01	1.246679909527301788e-01
4.882812500000000102e-07	6.560124801118162596e-02	1.452080197632312775e-01	1.214761501178145409e-01
4.882812500000000102e-07	6.838124698098702048e-02	1.500006895512342453e-01	1.253925953060388565e-01
4.882812500000000102e-07	6.694086313341991723e-02	1.490858821198344231e-01	1.242749281227588654e-01
4.882812500000000102e-07	6.485992306961288478e-02	1.463785273954272270e-01	1.256524482741951942e-01
4.882812500000000102e-07	6.240882210527794183e-02	1.436316855251789093e-01	1.219315826892852783e-01
4.882812500000000102e-07	6.530660885987402131e-02	1.546480394899845123e-01	1.267983028665184975e-01
4.882812500000000102e-07	5.792349482638926156e-02	1.455123843625187874e-01	1.223918851464986801e-01
4.882812500000000102e-07	6.186144452400599986e-02	1.454265471547842026e-01	1.223379885777831078e-01
4.882812500000000102e-07	6.449939070057265911e-02	1.461126105859875679e-01	1.213856432586908340e-01
4.882812500000000102e-07	6.345691942150079312e-02	1.442683702334761620e-01	1.208651708438992500e-01
4.882812500000000102e-07	6.529388932770566201e-02	1.447026440873742104e-01	1.214349362999200821e-01
4.882812500000000102e-07	6.150453259484677665e-02	1.454155510291457176e-01	1.235358221456408501e-01
4.882812500000000102e-07	6.464759024638164209e-02	1.482233088463544846e-01	1.237413454800844193e-01
4.882812500000000102e-07	6.254399473531337128e-02	1.490187784656882286e-01	1.224093763157725334e-01
4.882812500000000102e-07	6.337920543325098466e-02	1.460349643602967262e-01	1.246053930371999741e-01
4.882812500000000102e-07	6.553255007425441703e-02	1.439521536231040955e-01	1.194523917511105537e-01
