1.000000000000000021e-03	8.780242879933948252e-01	2.985233724117279053e+00	3.015722125768661499e+00
1.000000000000000021e-03	6.081920186930065420e-01	1.110903337597846985e+00	1.099084585905075073e+00
1.000000000000000021e-03	5.414289469960369416e-01	5.234032012522220612e-01	5.526239350438117981e-01
1.000000000000000021e-03	5.030187455159199628e-01	8.828720822930335999e-01	9.111439958214759827e-01
1.000000000000000021e-03	4.454265753679637618e-01	6.319204345345497131e-01	6.610933616757392883e-01
1.000000000000000021e-03	4.259549070008193383e-01	1.221327379345893860e+00	1.209945708513259888e+00
1.000000000000000021e-03	4.094790812534622182e-01	4.745980426669120789e-01	4.599654562771320343e-01
1.000000000000000021e-03	4.169359554218340369e-01	4.863197244703769684e-01	4.948509782552719116e-01
1.000000000000000021e-03	3.944181498092941274e-01	6.834123209118843079e-01	6.811959519982337952e-01
1.000000000000000021e-03	3.668903165225741447e-01	6.130006685853004456e-01	5.938718914985656738e-01
1.000000000000000021e-03	3.785858218428455046e-01	1.686003312468528748e+00	1.652495712041854858e+00
1.000000000000000021e-03	3.457135829744459876e-01	3.975751921534538269e-01	3.782747872173786163e-01
1.000000000000000021e-03	3.644106339050244836e-01	6.049532666802406311e-01	5.998505577445030212e-01
1.000000000000000021e-03	3.352095324404631982e-01	6.014131680130958557e-01	5.628377944231033325e-01
1.000000000000000021e-03	3.496517721987977834e-01	4.336823597550392151e-01	4.132513664662837982e-01
1.000000000000000021e-03	3.315377620202076825e-01	5.194135308265686035e-01	5.198762230575084686e-01
1.000000000000000021e-03	3.274220154632496160e-01	4.028962515294551849e-01	3.697827830910682678e-01
1.000000000000000021e-03	3.139858494831037072e-01	5.764280483126640320e-01	5.607356056571006775e-01
1.000000000000000021e-03	3.040613232156898493e-01	4.260126911103725433e-01	3.949181847274303436e-01
1.000000000000000021e-03	2.955952713006659294e-01	2.932076416909694672e-01	2.654022388160228729e-01
1.000000000000000021e-03	2.979155130024197518e-01	3.937492854893207550e-01	3.652255088090896606e-01
1.000000000000000021e-03	2.863001319803769040e-01	3.561584949493408203e-01	3.312908187508583069e-01
1.000000000000000021e-03	2.823941198330891522e-01	3.399780578911304474e-01	3.108711615204811096e-01
1.000000000000000021e-03	2.863460032245780940e-01	3.998453021049499512e-01	3.604949042201042175e-01
1.000000000000000021e-03	2.820055767705169081e-01	3.504816889762878418e-01	3.225417323410511017e-01
1.000000000000000021e-03	2.642697556109367962e-01	5.535105504095554352e-01	5.360897183418273926e-01
1.000000000000000021e-03	2.680992214362832304e-01	8.490252047777175903e-01	8.232639059424400330e-01
1.000000000000000021e-03	2.830814106177680367e-01	2.964767850935459137e-01	2.745069935917854309e-01
1.000000000000000021e-03	2.864494778310196499e-01	2.838735263794660568e-01	2.532218229025602341e-01
1.000000000000000021e-03	2.530687013758888826e-01	2.815789841115474701e-01	2.612277884036302567e-01
1.000000000000000021e-03	2.585971462952939559e-01	2.487643864005804062e-01	2.210744544863700867e-01
1.000000000000000021e-03	2.474798854393295000e-01	2.500958591699600220e-01	2.304582353681325912e-01
1.000000000000000021e-03	2.800422716367093612e-01	3.032128810882568359e-01	2.784709185361862183e-01
1.000000000000000021e-03	2.555320081831533585e-01	3.576425760984420776e-01	3.322368860244750977e-01
1.000000000000000021e-03	2.444306349829782343e-01	4.161818847060203552e-01	3.895901702344417572e-01
1.000000000000000021e-03	2.531316721741157516e-01	8.182570412755012512e-01	7.956392318010330200e-01
1.000000000000000021e-03	2.494225696295122585e-01	4.627953507006168365e-01	4.472481273114681244e-01
1.000000000000000021e-03	2.546260277681712814e-01	5.979978591203689575e-01	5.682740435004234314e-01
1.000000000000000021e-03	2.266097742168209084e-01	4.190143197774887085e-01	3.995154872536659241e-01
1.000000000000000021e-03	2.385331397946876819e-01	2.972611319273710251e-01	2.845246996730566025e-01
1.000000000000000021e-03	2.451516005057322867e-01	5.401878394186496735e-01	5.135513991117477417e-01
1.000000000000000021e-03	2.328184852494469270e-01	2.979017086327075958e-01	2.620502524077892303e-01
1.000000000000000021e-03	2.308814095545418665e-01	4.292519204318523407e-01	3.996403813362121582e-01
1.000000000000000021e-03	2.333572674778443268e-01	3.989442288875579834e-01	3.865073733031749725e-01
1.000000000000000021e-03	2.464288559895527475e-01	4.054407253861427307e-01	3.880016393959522247e-01
1.000000000000000021e-03	2.295697661517541732e-01	2.164867985993623734e-01	1.834131181240081787e-01
1.000000000000000021e-03	2.330959422301642492e-01	3.024701774120330811e-01	2.836798392236232758e-01
1.000000000000000021e-03	2.142871903090537433e-01	3.634836003184318542e-01	3.369994387030601501e-01
1.000000000000000021e-03	2.340454925087433746e-01	3.411459103226661682e-01	3.115407861769199371e-01
1.000000000000000021e-03	2.262249977528294487e-01	2.651544343680143356e-01	2.387245837599039078e-01
1.000000000000000021e-03	2.176865614667723436e-01	3.137521520256996155e-01	3.032352477312088013e-01
1.000000000000000021e-03	2.236025789870491609e-01	3.992099575698375702e-01	3.702680841088294983e-01
1.000000000000000021e-03	2.223849473874780214e-01	2.597457841038703918e-01	2.432654090225696564e-01
1.000000000000000021e-03	2.342640855644322617e-01	6.082818433642387390e-01	5.693924352526664734e-01
1.000000000000000021e-03	2.358556899088847525e-01	7.805654332041740417e-01	7.801261842250823975e-01
1.000000000000000021e-03	2.262317023322552023e-01	3.858283236622810364e-01	3.540370874106884003e-01
1.000000000000000021e-03	2.073495741697806427e-01	2.137052863836288452e-01	1.826434135437011719e-01
1.000000000000000021e-03	2.171505057736288213e-01	5.035780444741249084e-01	4.922062642872333527e-01
1.000000000000000021e-03	2.241747839541374798e-01	5.111070908606052399e-01	4.879684932529926300e-01
1.000000000000000021e-03	2.237387506079070165e-01	4.308068826794624329e-01	4.075148552656173706e-01
1.000000000000000021e-03	2.261649321151684988e-01	2.426212746649980545e-01	2.260676585137844086e-01
1.000000000000000021e-03	2.145377013690863977e-01	2.226144280284643173e-01	2.101136185228824615e-01
1.000000000000000021e-03	2.137980159324935625e-01	3.015141449868679047e-01	2.620077207684516907e-01
1.000000000000000021e-03	2.214940846720828416e-01	8.085532933473587036e-01	7.924846857786178589e-01
1.000000000000000021e-03	2.110394126252282954e-01	4.624727629125118256e-01	4.312499314546585083e-01
1.000000000000000021e-03	2.191001123076752877e-01	3.856505751609802246e-01	3.758408203721046448e-01
1.000000000000000021e-03	2.163325828276103091e-01	2.997671961784362793e-01	2.864842973649501801e-01
1.000000000000000021e-03	2.139194861431664985e-01	2.055810764431953430e-01	1.771072056144475937e-01
1.000000000000000021e-03	2.081541288879853180e-01	3.610905259847640991e-01	3.382408246397972107e-01
1.000000000000000021e-03	1.979271572413323910e-01	2.590809706598520279e-01	2.358185108751058578e-01
1.000000000000000021e-03	1.923928865337673488e-01	2.323540393263101578e-01	2.044685669243335724e-01
1.000000000000000021e-03	2.058707846305038447e-01	2.280984316021203995e-01	2.045484166592359543e-01
1.000000000000000021e-03	1.868038850871822365e-01	2.772033344954252243e-01	2.588955182582139969e-01
1.000000000000000021e-03	1.978168382863455255e-01	3.203221820294857025e-01	2.959209978580474854e-01
1.000000000000000021e-03	2.016819199617904956e-01	2.565064877271652222e-01	2.240731418132781982e-01
1.000000000000000021e-03	1.901312731677972934e-01	4.436840713024139404e-01	4.321541897952556610e-01
1.000000000000000021e-03	2.015312337611294968e-01	2.294854819774627686e-01	2.133778147399425507e-01
1.000000000000000021e-03	2.001238452105582599e-01	2.075199764221906662e-01	1.841931454837322235e-01
1.000000000000000021e-03	1.985765888909750421e-01	2.575296312570571899e-01	2.387987878173589706e-01
1.000000000000000021e-03	2.016683087884625358e-01	1.952319387346506119e-01	1.747068781405687332e-01
1.000000000000000021e-03	1.947924619234061017e-01	1.985977310687303543e-01	1.794964931905269623e-01
1.000000000000000021e-03	1.964944888707957638e-01	3.536969386041164398e-01	3.247635960578918457e-01
1.000000000000000021e-03	2.189970101359524357e-01	3.900141380727291107e-01	3.711794577538967133e-01
1.000000000000000021e-03	1.987504677116116447e-01	2.066173721104860306e-01	1.863096579909324646e-01
1.000000000000000021e-03	1.992912195339987536e-01	3.052225112915039062e-01	2.840632908046245575e-01
1.000000000000000021e-03	2.027574310762972898e-01	2.180466949939727783e-01	1.936751026660203934e-01
1.000000000000000021e-03	1.938292308698726651e-01	2.228911332786083221e-01	1.910572312772274017e-01
1.000000000000000021e-03	1.874772864806501238e-01	1.979874223470687866e-01	1.730402410030364990e-01
1.000000000000000021e-03	2.087238165962545244e-01	2.935336120426654816e-01	2.755429856479167938e-01
1.000000000000000021e-03	1.935449779222283284e-01	1.954014990478754044e-01	1.781196892261505127e-01
1.000000000000000021e-03	1.919232145706309678e-01	2.780311368405818939e-01	2.654414400458335876e-01
1.000000000000000021e-03	1.869251395139513161e-01	2.935326304286718369e-01	2.711074110120534897e-01
1.000000000000000021e-03	1.895328298022475322e-01	1.887044645845890045e-01	1.695216260850429535e-01
1.000000000000000021e-03	1.854344942147218844e-01	2.249075975269079208e-01	2.071976214647293091e-01
1.000000000000000021e-03	1.837447581789161677e-01	1.876846626400947571e-01	1.627626381814479828e-01
1.000000000000000021e-03	1.883192162347745169e-01	3.296001739799976349e-01	3.148491084575653076e-01
1.000000000000000021e-03	1.848918905929674006e-01	2.559414673596620560e-01	2.429150268435478210e-01
1.000000000000000021e-03	1.890065794504141583e-01	3.286162577569484711e-01	3.037654310464859009e-01
1.000000000000000021e-03	1.750423457426360796e-01	1.872925590723752975e-01	1.644305884838104248e-01
1.000000000000000021e-03	1.867572502999366169e-01	2.436570152640342712e-01	2.266951762139797211e-01
1.000000000000000021e-03	1.850069011502628036e-01	3.043383844196796417e-01	2.781507931649684906e-01
1.000000000000000021e-03	1.695041879068447110e-01	1.725239939987659454e-01	1.451290957629680634e-01
1.000000000000000021e-03	1.858170206976842154e-01	3.434603363275527954e-01	3.202109262347221375e-01
1.000000000000000021e-03	1.955207337307024729e-01	3.343424610793590546e-01	3.119053542613983154e-01
1.000000000000000021e-03	1.717034576437141413e-01	2.308352217078208923e-01	2.143207415938377380e-01
1.000000000000000021e-03	1.763231603405143733e-01	1.659515239298343658e-01	1.540036704391241074e-01
1.000000000000000021e-03	1.661490786679183373e-01	1.674502054229378700e-01	1.434531193226575851e-01
1.000000000000000021e-03	1.857677884871446750e-01	3.402883559465408325e-01	3.179642930626869202e-01
1.000000000000000021e-03	1.861193581849713841e-01	1.821049991995096207e-01	1.610834784805774689e-01
1.000000000000000021e-03	1.764640478959566550e-01	1.717952862381935120e-01	1.516118496656417847e-01
1.000000000000000021e-03	1.638872827155680723e-01	1.882045362144708633e-01	1.653825379908084869e-01
1.000000000000000021e-03	1.867350471925131872e-01	3.358696028590202332e-01	3.039694800972938538e-01
1.000000000000000021e-03	1.681339264481882534e-01	1.860740054398775101e-01	1.620736103504896164e-01
1.000000000000000021e-03	1.727153291996521289e-01	2.006941866129636765e-01	1.778058260679244995e-01
1.000000000000000021e-03	1.521009024751337202e-01	2.465907894074916840e-01	2.296626772731542587e-01
1.000000000000000021e-03	1.642267323936088264e-01	3.083577826619148254e-01	2.759087271988391876e-01
1.000000000000000021e-03	1.720817227718196285e-01	1.809306573122739792e-01	1.540603321045637131e-01
1.000000000000000021e-03	1.717520475010328729e-01	1.644765306264162064e-01	1.484088003635406494e-01
1.000000000000000021e-03	1.595561060158512123e-01	2.682828102260828018e-01	2.488007061183452606e-01
1.000000000000000021e-03	1.706750370279143114e-01	3.467859737575054169e-01	3.334802463650703430e-01
1.000000000000000021e-03	1.771182480114924795e-01	2.957947254180908203e-01	2.690440025180578232e-01
1.000000000000000021e-03	1.664538005296188061e-01	2.665330022573471069e-01	2.467876076698303223e-01
1.000000000000000021e-03	1.674790507819079177e-01	1.774627231061458588e-01	1.697548292577266693e-01
1.000000000000000021e-03	1.696073009243494467e-01	1.933279875665903091e-01	1.646531447768211365e-01
1.000000000000000021e-03	1.696844829034201696e-01	2.829405628144741058e-01	2.652777619659900665e-01
1.000000000000000021e-03	1.619489811643769483e-01	1.785272769629955292e-01	1.617065919563174248e-01
1.000000000000000021e-03	1.712327049691465819e-01	1.861392743885517120e-01	1.701431851834058762e-01
1.000000000000000021e-03	1.649378398551216707e-01	1.641887407749891281e-01	1.385845476761460304e-01
1.000000000000000021e-03	1.559141795091991134e-01	1.642723008990287781e-01	1.473408183082938194e-01
1.000000000000000021e-03	1.589768175271492889e-01	2.858842443674802780e-01	2.608743589371442795e-01
1.000000000000000021e-03	1.620450107545792218e-01	1.807657815515995026e-01	1.644015572965145111e-01
1.000000000000000021e-03	1.664976369165167003e-01	3.058977797627449036e-01	2.871105447411537170e-01
1.000000000000000021e-03	1.650577774153479949e-01	1.768464371562004089e-01	1.544126309454441071e-01
1.000000000000000021e-03	1.620166050859644380e-01	1.848711818456649780e-01	1.580510511994361877e-01
1.000000000000000021e-03	1.484768481194218559e-01	1.916341055184602737e-01	1.845486611127853394e-01
1.000000000000000021e-03	1.588146183875542572e-01	1.600310457870364189e-01	1.385958660393953323e-01
1.000000000000000021e-03	1.588128019548669667e-01	1.750911492854356766e-01	1.520790718495845795e-01
1.000000000000000021e-03	1.560234716044196501e-01	1.714946739375591278e-01	1.588001828640699387e-01
1.000000000000000021e-03	1.658969778991952748e-01	2.321841306984424591e-01	2.083468697965145111e-01
1.000000000000000021e-03	1.606255489625508237e-01	1.756420657038688660e-01	1.594306528568267822e-01
1.000000000000000021e-03	1.562730452116531665e-01	1.742868572473526001e-01	1.623279843479394913e-01
1.000000000000000021e-03	1.617690492657166412e-01	2.699061688035726547e-01	2.511153575032949448e-01
1.000000000000000021e-03	1.499839293994481015e-01	2.288481127470731735e-01	2.062175069004297256e-01
1.000000000000000021e-03	1.469462745929066005e-01	1.746820211410522461e-01	1.543074548244476318e-01
1.000000000000000021e-03	1.616413763052300667e-01	1.767133567482233047e-01	1.675175651907920837e-01
1.000000000000000021e-03	1.547964246401303812e-01	2.388928234577178955e-01	2.145262807607650757e-01
1.000000000000000021e-03	1.534099577914310453e-01	1.914613842964172363e-01	1.687853485345840454e-01
1.000000000000000021e-03	1.686336303813548154e-01	1.970354430377483368e-01	1.743815541267395020e-01
1.000000000000000021e-03	1.374811642343485019e-01	2.280941996723413467e-01	2.133544478565454483e-01
1.000000000000000021e-03	1.469588174095636801e-01	1.727321725338697433e-01	1.547251287847757339e-01
1.000000000000000021e-03	1.562165623601478870e-01	2.914069220423698425e-01	2.644413132220506668e-01
1.000000000000000021e-03	1.463564075058019498e-01	1.747965458780527115e-01	1.552069317549467087e-01
1.000000000000000021e-03	1.490541632416882145e-01	1.809971388429403305e-01	1.608843263238668442e-01
1.000000000000000021e-03	1.627853102510488370e-01	2.246895562857389450e-01	2.023750003427267075e-01
1.000000000000000021e-03	1.461072780097587287e-01	2.046960666775703430e-01	1.803610734641551971e-01
1.000000000000000021e-03	1.439305788165406441e-01	2.095404788851737976e-01	1.929398588836193085e-01
1.000000000000000021e-03	1.568338605044763412e-01	2.283313758671283722e-01	2.027799803763628006e-01
5.000000000000000104e-04	1.395475139157681399e-01	1.516299257054924965e-01	1.262159394100308418e-01
5.000000000000000104e-04	1.357663101221941726e-01	1.505578607320785522e-01	1.313005201518535614e-01
5.000000000000000104e-04	1.236466844153555067e-01	1.571974037215113640e-01	1.345235491171479225e-01
5.000000000000000104e-04	1.280623667790919962e-01	1.517907259985804558e-01	1.379314139485359192e-01
5.000000000000000104e-04	1.240730526137955592e-01	1.846053525805473328e-01	1.688793562352657318e-01
5.000000000000000104e-04	1.243045254127134319e-01	1.669592335820198059e-01	1.511838436126708984e-01
5.000000000000000104e-04	1.280656592755378131e-01	1.755470819771289825e-01	1.584026385098695755e-01
5.000000000000000104e-04	1.411045486979846664e-01	1.639448683708906174e-01	1.404960341751575470e-01
5.000000000000000104e-04	1.230727273829375634e-01	1.675159800797700882e-01	1.425618417561054230e-01
5.000000000000000104e-04	1.248571795847596977e-01	1.695186905562877655e-01	1.496859565377235413e-01
5.000000000000000104e-04	1.241984880423244036e-01	1.918186433613300323e-01	1.723772492259740829e-01
5.000000000000000104e-04	1.279307430303549542e-01	1.383717060089111328e-01	1.281244941055774689e-01
5.000000000000000104e-04	1.201108696905872492e-01	1.606767419725656509e-01	1.516163218766450882e-01
5.000000000000000104e-04	1.093668655692776603e-01	1.589758265763521194e-01	1.365013886243104935e-01
5.000000000000000104e-04	1.104168625949304289e-01	1.542485784739255905e-01	1.399411587044596672e-01
5.000000000000000104e-04	1.192925764790064153e-01	1.793271210044622421e-01	1.574491262435913086e-01
5.000000000000000104e-04	1.187050160067745358e-01	1.734260637313127518e-01	1.628614049404859543e-01
5.000000000000000104e-04	1.185306198423421858e-01	2.099657077342271805e-01	1.919631697237491608e-01
5.000000000000000104e-04	1.125275022055529373e-01	1.432676846161484718e-01	1.300641726702451706e-01
5.000000000000000104e-04	1.230943301999116307e-01	1.596294809132814407e-01	1.362784001976251602e-01
5.000000000000000104e-04	1.212716499650025731e-01	1.588012911379337311e-01	1.401359615847468376e-01
5.000000000000000104e-04	1.200237345846393439e-01	1.603726372122764587e-01	1.449645459651947021e-01
5.000000000000000104e-04	1.108322352453877668e-01	1.659411098808050156e-01	1.509873289614915848e-01
5.000000000000000104e-04	1.087402000174492178e-01	1.422130223363637924e-01	1.267651822417974472e-01
5.000000000000000104e-04	1.198670743386956727e-01	1.564747765660285950e-01	1.416384344920516014e-01
5.000000000000000104e-04	1.113722796870183357e-01	1.479974044486880302e-01	1.286801900714635849e-01
5.000000000000000104e-04	1.101613792154607918e-01	1.545389592647552490e-01	1.337041612714529037e-01
5.000000000000000104e-04	1.050799998301494009e-01	1.710347766056656837e-01	1.508895233273506165e-01
5.000000000000000104e-04	1.117376530472236340e-01	1.674636285752058029e-01	1.460575331002473831e-01
5.000000000000000104e-04	1.141526355773587742e-01	2.071223612874746323e-01	1.841239407658576965e-01
5.000000000000000104e-04	1.079505737163597989e-01	1.582196606323122978e-01	1.448792386800050735e-01
5.000000000000000104e-04	1.112095681078071885e-01	1.602315893396735191e-01	1.451830472797155380e-01
5.000000000000000104e-04	1.082565460495556464e-01	1.536081098020076752e-01	1.332819322124123573e-01
2.500000000000000052e-04	1.043419757315629665e-01	1.454086285084486008e-01	1.269213436171412468e-01
2.500000000000000052e-04	9.374247316884089243e-02	1.412830008193850517e-01	1.263683130964636803e-01
2.500000000000000052e-04	9.092825476693201792e-02	1.528783142566680908e-01	1.296307947486639023e-01
2.500000000000000052e-04	1.025544562011579952e-01	1.807801909744739532e-01	1.628056522458791733e-01
2.500000000000000052e-04	9.218281455620934428e-02	1.577896848320960999e-01	1.385756535455584526e-01
2.500000000000000052e-04	8.908484630946870986e-02	1.638534655794501305e-01	1.426646858453750610e-01
2.500000000000000052e-04	9.383468589262117243e-02	1.450194530189037323e-01	1.270386064425110817e-01
2.500000000000000052e-04	9.214243368257450661e-02	1.439083386212587357e-01	1.286837235093116760e-01
2.500000000000000052e-04	9.590602392637276319e-02	1.367573356255888939e-01	1.240725759416818619e-01
2.500000000000000052e-04	9.199733673771724740e-02	1.681308802217245102e-01	1.548545677214860916e-01
2.500000000000000052e-04	9.144232346664500632e-02	1.493246238678693771e-01	1.372568393126130104e-01
2.500000000000000052e-04	1.023469512126868319e-01	1.417666543275117874e-01	1.241696299985051155e-01
2.500000000000000052e-04	9.568114861657348036e-02	1.443243864923715591e-01	1.320089492946863174e-01
2.500000000000000052e-04	9.785304760819749093e-02	1.422224519774317741e-01	1.307951984927058220e-01
2.500000000000000052e-04	1.057563636310492883e-01	1.570138987153768539e-01	1.390814399346709251e-01
2.500000000000000052e-04	9.419394383513474134e-02	1.396920671686530113e-01	1.228240290656685829e-01
2.500000000000000052e-04	9.112327041316635456e-02	1.466419100761413574e-01	1.317933360114693642e-01
2.500000000000000052e-04	8.699674371488486102e-02	1.372546916827559471e-01	1.255557788535952568e-01
2.500000000000000052e-04	9.634191250499291037e-02	1.605298547074198723e-01	1.492999717593193054e-01
2.500000000000000052e-04	8.980913512125800191e-02	1.436418676748871803e-01	1.253141229972243309e-01
2.500000000000000052e-04	9.346464243304880570e-02	1.375063098967075348e-01	1.219268534332513809e-01
2.500000000000000052e-04	8.872814335023300469e-02	1.418703002855181694e-01	1.311300247907638550e-01
2.500000000000000052e-04	8.895889282981052359e-02	1.501019466668367386e-01	1.358444122597575188e-01
2.500000000000000052e-04	1.016624769360958830e-01	1.591573655605316162e-01	1.490058116614818573e-01
2.500000000000000052e-04	9.032342502776580240e-02	1.419687317684292793e-01	1.237581036984920502e-01
2.500000000000000052e-04	9.098916448935677470e-02	1.444440456107258797e-01	1.278596241027116776e-01
2.500000000000000052e-04	8.768055847362626887e-02	1.489858971908688545e-01	1.308642700314521790e-01
2.500000000000000052e-04	8.813028174299228357e-02	1.488971970975399017e-01	1.269082399085164070e-01
2.500000000000000052e-04	8.585749948515167262e-02	1.392548624426126480e-01	1.255449261516332626e-01
2.500000000000000052e-04	8.224822519512116348e-02	1.406666776165366173e-01	1.228539999574422836e-01
1.250000000000000026e-04	7.954320608626437583e-02	1.570932073518633842e-01	1.403109496459364891e-01
1.250000000000000026e-04	8.280723603277266587e-02	1.420803163200616837e-01	1.216918015852570534e-01
1.250000000000000026e-04	7.174619711652586995e-02	1.437497204169631004e-01	1.283453218638896942e-01
1.250000000000000026e-04	7.952610252401497160e-02	1.395197203382849693e-01	1.227585533633828163e-01
1.250000000000000026e-04	7.526722536245479545e-02	1.407695021480321884e-01	1.212144810706377029e-01
1.250000000000000026e-04	7.773892987000791122e-02	1.386312320828437805e-01	1.231032498180866241e-01
1.250000000000000026e-04	7.456831412413451876e-02	1.398333245888352394e-01	1.251915246248245239e-01
1.250000000000000026e-04	7.022732642443874074e-02	1.382345091551542282e-01	1.222175601869821548e-01
1.250000000000000026e-04	8.266796600780909610e-02	1.510489713400602341e-01	1.316874846816062927e-01
1.250000000000000026e-04	7.835572642050211978e-02	1.499466570094227791e-01	1.308111948892474174e-01
1.250000000000000026e-04	7.944129671477064003e-02	1.525348750874400139e-01	1.348549025133252144e-01
1.250000000000000026e-04	7.527131101564515925e-02	1.412777593359351158e-01	1.229983009397983551e-01
1.250000000000000026e-04	7.738634976970998336e-02	1.441140668466687202e-01	1.290469188243150711e-01
1.250000000000000026e-04	7.720092976395087625e-02	1.373274698853492737e-01	1.244503688067197800e-01
1.250000000000000026e-04	7.633354147023792280e-02	1.420054109767079353e-01	1.304365163668990135e-01
1.250000000000000026e-04	7.367547775937031973e-02	1.389859588816761971e-01	1.207562601193785667e-01
1.250000000000000026e-04	7.944748734560193315e-02	1.502367379143834114e-01	1.330935116857290268e-01
1.250000000000000026e-04	8.520984725107121072e-02	1.383003965020179749e-01	1.219859505072236061e-01
1.250000000000000026e-04	8.363767784041693798e-02	1.420678645372390747e-01	1.274567069485783577e-01
1.250000000000000026e-04	7.305958183317244614e-02	1.458930987864732742e-01	1.281129959970712662e-01
1.250000000000000026e-04	7.251126432343374395e-02	1.415199441835284233e-01	1.270456025376915932e-01
6.250000000000000130e-05	7.202410511672496796e-02	1.389478016644716263e-01	1.244381992146372795e-01
6.250000000000000130e-05	6.828699652341348181e-02	1.391175752505660057e-01	1.242589186877012253e-01
6.250000000000000130e-05	6.966549129802969420e-02	1.451670965179800987e-01	1.214339751750230789e-01
6.250000000000000130e-05	7.074280186921735880e-02	1.399037828668951988e-01	1.221955381333827972e-01
6.250000000000000130e-05	7.689770636490628197e-02	1.403957912698388100e-01	1.249555861577391624e-01
6.250000000000000130e-05	7.091150357376170554e-02	1.372133223339915276e-01	1.211217232048511505e-01
6.250000000000000130e-05	6.770934249404110539e-02	1.409074794501066208e-01	1.220457600429654121e-01
6.250000000000000130e-05	7.190683104475087406e-02	1.389142135158181190e-01	1.245371773838996887e-01
6.250000000000000130e-05	6.810511309134809066e-02	1.398671008646488190e-01	1.220311615616083145e-01
6.250000000000000130e-05	7.517651624128787735e-02	1.489754896610975266e-01	1.333940131589770317e-01
6.250000000000000130e-05	6.896954119394096971e-02	1.496222857385873795e-01	1.352759366855025291e-01
6.250000000000000130e-05	6.349402534056312886e-02	1.360846413299441338e-01	1.222483329474925995e-01
6.250000000000000130e-05	6.877745942601674878e-02	1.386626185849308968e-01	1.206724354997277260e-01
6.250000000000000130e-05	6.664811584013927148e-02	1.377909872680902481e-01	1.213803226128220558e-01
6.250000000000000130e-05	7.912488696695882395e-02	1.418224405497312546e-01	1.256816498935222626e-01
6.250000000000000130e-05	6.454647558776638316e-02	1.383206937462091446e-01	1.220836080610752106e-01
6.250000000000000130e-05	6.592294979321805526e-02	1.371200885623693466e-01	1.226597139611840248e-01
6.250000000000000130e-05	6.429265920497194420e-02	1.374733010306954384e-01	1.221321951597929001e-01
6.250000000000000130e-05	8.364001517714578227e-02	1.426831632852554321e-01	1.247132727876305580e-01
6.250000000000000130e-05	6.592698833799059965e-02	1.393646541982889175e-01	1.239845119416713715e-01
6.250000000000000130e-05	6.410553612852398775e-02	1.396326981484889984e-01	1.218411959707736969e-01
6.250000000000000130e-05	6.835233457858048978e-02	1.433487478643655777e-01	1.240526624023914337e-01
6.250000000000000130e-05	6.536977561308612850e-02	1.391001259908080101e-01	1.215602345764636993e-01
6.250000000000000130e-05	7.389895792437504995e-02	1.431621899828314781e-01	1.241076951846480370e-01
6.250000000000000130e-05	6.887676585701447973e-02	1.393369808793067932e-01	1.220846949145197868e-01
6.250000000000000130e-05	7.269943359343311595e-02	1.434053806588053703e-01	1.263856254518032074e-01
6.250000000000000130e-05	7.274161595143849302e-02	1.397773502394556999e-01	1.230003712698817253e-01
6.250000000000000130e-05	7.549827748650236869e-02	1.484649516642093658e-01	1.338421991094946861e-01
6.250000000000000130e-05	6.523509889463835476e-02	1.386346137151122093e-01	1.219417331740260124e-01
6.250000000000000130e-05	7.338907381024541154e-02	1.389369163662195206e-01	1.229388061910867691e-01
6.250000000000000130e-05	6.230900823315487641e-02	1.382599174976348877e-01	1.210177326574921608e-01
6.250000000000000130e-05	6.845974346882180428e-02	1.448597321286797523e-01	1.266266480088233948e-01
6.250000000000000130e-05	6.045529989030542367e-02	1.436232961714267731e-01	1.204958856105804443e-01
3.125000000000000065e-05	6.047706937865365839e-02	1.394739253446459770e-01	1.229136539623141289e-01
3.125000000000000065e-05	6.733201316828969774e-02	1.388825178146362305e-01	1.217538621276617050e-01
3.125000000000000065e-05	5.906090847676313121e-02	1.407848251983523369e-01	1.232605939731001854e-01
3.125000000000000065e-05	6.431594101971463417e-02	1.396437231451272964e-01	1.222709417343139648e-01
3.125000000000000065e-05	6.077920513439782207e-02	1.426781499758362770e-01	1.275996658951044083e-01
3.125000000000000065e-05	6.493124035717565135e-02	1.408376619219779968e-01	1.227986849844455719e-01
3.125000000000000065e-05	6.642137557456764818e-02	1.414846805855631828e-01	1.253372486680746078e-01
3.125000000000000065e-05	6.610490417084362302e-02	1.452147616073489189e-01	1.260386919602751732e-01
3.125000000000000065e-05	6.418071724945985379e-02	1.391136171296238899e-01	1.235793065279722214e-01
3.125000000000000065e-05	6.644199095383475362e-02	1.411911668255925179e-01	1.242341771721839905e-01
3.125000000000000065e-05	6.481741029250470687e-02	1.411836808547377586e-01	1.242025233805179596e-01
3.125000000000000065e-05	6.543652826472173833e-02	1.387346033006906509e-01	1.234964625909924507e-01
3.125000000000000065e-05	6.465915493855747820e-02	1.379296062514185905e-01	1.201110184192657471e-01
3.125000000000000065e-05	6.687954197861725736e-02	1.388746192678809166e-01	1.219893852248787880e-01
3.125000000000000065e-05	6.893889407945584524e-02	1.397906523197889328e-01	1.244351081550121307e-01
3.125000000000000065e-05	6.546101518729820212e-02	1.383971842005848885e-01	1.214164094999432564e-01
3.125000000000000065e-05	6.187780979502049972e-02	1.390538830310106277e-01	1.214433256536722183e-01
3.125000000000000065e-05	6.257166588513911332e-02	1.429360257461667061e-01	1.221767598763108253e-01
3.125000000000000065e-05	5.928757555688483893e-02	1.391862202435731888e-01	1.245590886101126671e-01
3.125000000000000065e-05	6.318192801709417161e-02	1.422249851748347282e-01	1.253584036603569984e-01
3.125000000000000065e-05	6.202320235816738414e-02	1.443107370287179947e-01	1.233296776190400124e-01
1.562500000000000033e-05	6.319810254381427739e-02	1.391041930764913559e-01	1.239045141264796257e-01
1.562500000000000033e-05	5.973936605585526693e-02	1.403972944244742393e-01	1.243903581053018570e-01
1.562500000000000033e-05	5.991983715491958767e-02	1.392544060945510864e-01	1.235124105587601662e-01
1.562500000000000033e-05	6.649926476935043296e-02	1.418053694069385529e-01	1.242161002010107040e-01
1.562500000000000033e-05	6.180510460104368664e-02	1.369360340759158134e-01	1.215446535497903824e-01
1.562500000000000033e-05	6.182356669178491748e-02	1.374649228528141975e-01	1.212671091780066490e-01
1.562500000000000033e-05	6.411708990418457654e-02	1.383458189666271210e-01	1.212010113522410393e-01
1.562500000000000033e-05	6.560090910407560816e-02	1.446248833090066910e-01	1.274160249158740044e-01
1.562500000000000033e-05	6.563081981354876304e-02	1.406327551230788231e-01	1.219821535050868988e-01
1.562500000000000033e-05	6.089002653201924103e-02	1.407866096124053001e-01	1.234453469514846802e-01
1.562500000000000033e-05	6.122043485977227140e-02	1.393943624570965767e-01	1.229524658992886543e-01
1.562500000000000033e-05	5.681331061958512507e-02	1.388406222686171532e-01	1.207490889355540276e-01
1.562500000000000033e-05	5.924337854773938095e-02	1.370506472885608673e-01	1.207818239927291870e-01
1.562500000000000033e-05	6.208127656880813028e-02	1.462533548474311829e-01	1.268988279625773430e-01
1.562500000000000033e-05	6.263443374935584451e-02	1.427248055115342140e-01	1.255955388769507408e-01
1.562500000000000033e-05	6.070099761591681714e-02	1.392306210473179817e-01	1.206769626587629318e-01
1.562500000000000033e-05	6.109659182780151354e-02	1.408316427841782570e-01	1.249958733096718788e-01
1.562500000000000033e-05	5.954842604225194652e-02	1.439485484734177589e-01	1.233187224715948105e-01
1.562500000000000033e-05	5.975531536755682854e-02	1.381795844063162804e-01	1.215832522138953209e-01
1.562500000000000033e-05	6.561430227718775821e-02	1.434195702895522118e-01	1.208592215552926064e-01
1.562500000000000033e-05	6.100753954128373957e-02	1.430765148252248764e-01	1.217371104285120964e-01
7.812500000000000163e-06	6.600842389124858545e-02	1.400421867147088051e-01	1.251298785209655762e-01
7.812500000000000163e-06	6.179853863542592723e-02	1.394558902829885483e-01	1.241667158901691437e-01
7.812500000000000163e-06	6.155048084409930897e-02	1.509253699332475662e-01	1.323919156566262245e-01
7.812500000000000163e-06	5.798741140037397962e-02	1.447395496070384979e-01	1.226554671302437782e-01
7.812500000000000163e-06	6.107258997103081483e-02	1.400604890659451485e-01	1.240096427500247955e-01
7.812500000000000163e-06	5.665538045047204679e-02	1.401204839348793030e-01	1.230835346505045891e-01
7.812500000000000163e-06	6.194294163886504556e-02	1.427315650507807732e-01	1.274264976382255554e-01
7.812500000000000163e-06	6.196907030630715435e-02	1.408077096566557884e-01	1.222098944708704948e-01
7.812500000000000163e-06	6.059642869366120566e-02	1.395844770595431328e-01	1.218090383335947990e-01
7.812500000000000163e-06	5.894271668659735453e-02	1.390537759289145470e-01	1.243715025484561920e-01
7.812500000000000163e-06	6.224453633156003945e-02	1.383749106898903847e-01	1.227667853236198425e-01
7.812500000000000163e-06	6.311136833097361065e-02	1.428900295868515968e-01	1.254422338679432869e-01
7.812500000000000163e-06	6.209205100430718188e-02	1.513477768748998642e-01	1.313671274110674858e-01
7.812500000000000163e-06	6.147621237213098805e-02	1.410112036392092705e-01	1.249229721724987030e-01
7.812500000000000163e-06	5.875450353833693712e-02	1.395242465659976006e-01	1.227529747411608696e-01
7.812500000000000163e-06	6.058268989377384173e-02	1.393615510314702988e-01	1.206354759633541107e-01
7.812500000000000163e-06	6.589253256215324428e-02	1.387105258181691170e-01	1.214427668601274490e-01
7.812500000000000163e-06	5.899759356073940725e-02	1.411944758147001266e-01	1.237425357103347778e-01
7.812500000000000163e-06	6.132673021830335747e-02	1.415491234511137009e-01	1.234646942466497421e-01
7.812500000000000163e-06	6.288281917760643602e-02	1.410982077941298485e-01	1.230790615081787109e-01
7.812500000000000163e-06	6.209661073605470677e-02	1.419273512437939644e-01	1.242957906797528267e-01
3.906250000000000081e-06	5.779730165495148425e-02	1.399826677516102791e-01	1.241004411131143570e-01
3.906250000000000081e-06	5.816857670021208238e-02	1.405537044629454613e-01	1.220330828800797462e-01
3.906250000000000081e-06	6.276871162596382725e-02	1.394727248698472977e-01	1.219606976956129074e-01
3.906250000000000081e-06	6.224167330449895119e-02	1.395037192851305008e-01	1.227176869288086891e-01
3.906250000000000081e-06	6.439555132219308697e-02	1.391134653240442276e-01	1.210206532850861549e-01
3.906250000000000081e-06	6.008115493327002149e-02	1.387770865112543106e-01	1.227693269029259682e-01
3.906250000000000081e-06	5.875063630976254392e-02	1.392720835283398628e-01	1.217772671952843666e-01
3.906250000000000081e-06	5.669665918980218433e-02	1.445845747366547585e-01	1.228809040039777756e-01
3.906250000000000081e-06	6.117155534934393818e-02	1.410482395440340042e-01	1.253367727622389793e-01
3.906250000000000081e-06	6.101423704737349296e-02	1.401988761499524117e-01	1.257624896243214607e-01
3.906250000000000081e-06	6.221188675565055698e-02	1.504156403243541718e-01	1.269674049690365791e-01
3.906250000000000081e-06	6.433756284038477657e-02	1.426723971962928772e-01	1.263235602527856827e-01
3.906250000000000081e-06	5.713621769807761264e-02	1.408238438889384270e-01	1.233343388885259628e-01
3.906250000000000081e-06	6.317593914138365518e-02	1.418222058564424515e-01	1.241869116201996803e-01
3.906250000000000081e-06	5.600890260236927182e-02	1.412492189556360245e-01	1.226144386455416679e-01
3.906250000000000081e-06	6.003921528500091864e-02	1.444039037451148033e-01	1.281516011804342270e-01
3.906250000000000081e-06	6.068154570611217213e-02	1.393759464845061302e-01	1.227505886927247047e-01
3.906250000000000081e-06	5.789778615006162948e-02	1.404782077297568321e-01	1.250310968607664108e-01
3.906250000000000081e-06	5.613633200431926429e-02	1.403081249445676804e-01	1.249191630631685257e-01
3.906250000000000081e-06	5.851436116367201429e-02	1.465654680505394936e-01	1.230787616223096848e-01
3.906250000000000081e-06	6.547939503871941236e-02	1.496074562892317772e-01	1.362016508355736732e-01
1.953125000000000041e-06	6.241892473890057330e-02	1.383384158834815025e-01	1.225772835314273834e-01
1.953125000000000041e-06	6.049940862421748083e-02	1.382943158969283104e-01	1.216375511139631271e-01
1.953125000000000041e-06	5.809006413232676441e-02	1.392671400681138039e-01	1.217042319476604462e-01
1.953125000000000041e-06	5.954345461877086354e-02	1.394109809771180153e-01	1.212936285883188248e-01
1.953125000000000041e-06	6.170745094931578273e-02	1.407788768410682678e-01	1.265677446499466896e-01
1.953125000000000041e-06	6.355755790313587228e-02	1.403164369985461235e-01	1.234896434471011162e-01
1.953125000000000041e-06	6.390939414784123362e-02	1.402630954980850220e-01	1.240856368094682693e-01
1.953125000000000041e-06	5.693009408497357732e-02	1.421578107401728630e-01	1.266193371266126633e-01
1.953125000000000041e-06	5.540126411220695074e-02	1.377177909016609192e-01	1.238503074273467064e-01
1.953125000000000041e-06	5.895030764933628653e-02	1.384957097470760345e-01	1.209086179733276367e-01
1.953125000000000041e-06	6.040634865624994881e-02	1.397697497159242630e-01	1.231652507558465004e-01
1.953125000000000041e-06	5.934011514145362542e-02	1.415710793808102608e-01	1.248733149841427803e-01
1.953125000000000041e-06	6.302232700812665511e-02	1.389385787770152092e-01	1.222513578832149506e-01
1.953125000000000041e-06	6.264119265200215891e-02	1.435577999800443649e-01	1.251855986192822456e-01
1.953125000000000041e-06	6.253048287162298047e-02	1.413598330691456795e-01	1.252701655030250549e-01
1.953125000000000041e-06	6.102915563255171399e-02	1.379155488684773445e-01	1.224273042753338814e-01
1.953125000000000041e-06	5.798313714846779765e-02	1.404199926182627678e-01	1.217624703422188759e-01
1.953125000000000041e-06	6.157978520363192182e-02	1.412088144570589066e-01	1.256335275247693062e-01
1.953125000000000041e-06	5.976235729795467688e-02	1.466671442613005638e-01	1.273557469248771667e-01
1.953125000000000041e-06	6.217270059204554195e-02	1.399030135944485664e-01	1.234950311481952667e-01
1.953125000000000041e-06	6.357359320302552463e-02	1.402109079062938690e-01	1.231110431253910065e-01
9.765625000000000203e-07	6.233933129453960581e-02	1.384940426796674728e-01	1.212575733661651611e-01
9.765625000000000203e-07	6.159408541419838373e-02	1.388405151665210724e-01	1.212509842589497566e-01
9.765625000000000203e-07	6.037263779700556554e-02	1.422730563208460808e-01	1.259049521759152412e-01
9.765625000000000203e-07	5.730714806933191741e-02	1.379996035248041153e-01	1.220746310427784920e-01
9.765625000000000203e-07	6.012803125136260973e-02	1.454087169840931892e-01	1.258830595761537552e-01
9.765625000000000203e-07	6.066758324734018021e-02	1.434023706242442131e-01	1.229024808853864670e-01
9.765625000000000203e-07	5.774304567824436324e-02	1.388304494321346283e-01	1.233646571636199951e-01
9.765625000000000203e-07	5.874892538767072236e-02	1.383839445188641548e-01	1.226472780108451843e-01
9.765625000000000203e-07	5.977473570670507885e-02	1.452247640118002892e-01	1.226300746202468872e-01
9.765625000000000203e-07	5.949627829692031439e-02	1.409929525107145309e-01	1.247072024270892143e-01
9.765625000000000203e-07	5.672521651074101390e-02	1.452432572841644287e-01	1.297802245244383812e-01
9.765625000000000203e-07	6.025697359272950970e-02	1.396954441443085670e-01	1.237852647900581360e-01
9.765625000000000203e-07	6.231755199783210741e-02	1.384381651878356934e-01	1.217540027573704720e-01
9.765625000000000203e-07	6.014362939550906700e-02	1.500093257054686546e-01	1.370937861502170563e-01
9.765625000000000203e-07	5.924377995955792953e-02	1.389908613637089729e-01	1.222110977396368980e-01
9.765625000000000203e-07	6.340230779745910372e-02	1.383124850690364838e-01	1.225298894569277763e-01
9.765625000000000203e-07	6.312138367962988328e-02	1.412248853594064713e-01	1.244615362957119942e-01
9.765625000000000203e-07	6.089089235550240731e-02	1.409383267164230347e-01	1.254292642697691917e-01
9.765625000000000203e-07	6.036137763552273244e-02	1.445812499150633812e-01	1.230658525601029396e-01
9.765625000000000203e-07	6.229137306254875495e-02	1.445400435477495193e-01	1.286806343123316765e-01
9.765625000000000203e-07	5.968908267685129471e-02	1.389184575527906418e-01	1.226462330669164658e-01
