1.000000000000000021e-03	4.127585251293881541e-01	7.201368921090171016e-01	7.115603864192963091e-01
1.000000000000000021e-03	2.630595006590460971e-01	3.719888936474685104e-01	3.657347857952117920e-01
1.000000000000000021e-03	2.269496390809494224e-01	3.924272623673783489e-01	3.888178370893001778e-01
1.000000000000000021e-03	2.153253410490464925e-01	1.617651802941142691e-01	1.542840654030442349e-01
1.000000000000000021e-03	1.949620849781774357e-01	1.704117241486204914e-01	1.633606899529695400e-01
1.000000000000000021e-03	1.845558804869998626e-01	1.854691423514750748e-01	1.782571543008089066e-01
1.000000000000000021e-03	1.720168087165531712e-01	1.573754856801782009e-01	1.512461725622415432e-01
1.000000000000000021e-03	1.639909478789710051e-01	1.804650123986898391e-01	1.748762328177690395e-01
1.000000000000000021e-03	1.568210876485578720e-01	1.681868796729292515e-01	1.629053115844726618e-01
1.000000000000000021e-03	1.521337653243174104e-01	1.290424444288483519e-01	1.213414544239640180e-01
1.000000000000000021e-03	1.459175814864176468e-01	1.450169942687943303e-01	1.421655716374516376e-01
1.000000000000000021e-03	1.424357552490933265e-01	2.099351407033610839e-01	2.072359129786491283e-01
1.000000000000000021e-03	1.387264715976809504e-01	1.385301341405089648e-01	1.266956420615315548e-01
1.000000000000000021e-03	1.305375945033237783e-01	1.286538560431041145e-01	1.206558784469962120e-01
1.000000000000000021e-03	1.311731994945237456e-01	1.264983814658294792e-01	1.199212277308106395e-01
1.000000000000000021e-03	1.245227488903128260e-01	1.178797378121870382e-01	1.092103607952594757e-01
1.000000000000000021e-03	1.188986397815901819e-01	1.174081269827188662e-01	1.078348789364099447e-01
1.000000000000000021e-03	1.161514969326993552e-01	1.160822906263211662e-01	1.073834870010614423e-01
1.000000000000000021e-03	1.122530143276732478e-01	9.308126282083425962e-02	8.403589837253093442e-02
1.000000000000000021e-03	1.065950573071482027e-01	8.339089057676454808e-02	7.639686800539494116e-02
1.000000000000000021e-03	1.034716704232946510e-01	1.024258044689737718e-01	9.476829785853624344e-02
1.000000000000000021e-03	9.955476314574913943e-02	9.370355350964980345e-02	8.651587795466184061e-02
1.000000000000000021e-03	9.497055349792415946e-02	7.505619898438453674e-02	6.705876616761088926e-02
1.000000000000000021e-03	9.551404645409675154e-02	8.975526276995374197e-02	8.097987351939081591e-02
1.000000000000000021e-03	9.217273446321140595e-02	7.910789518144117904e-02	7.367597380653023720e-02
1.000000000000000021e-03	8.888878841484057491e-02	7.872619475993811178e-02	7.001179317012429237e-02
1.000000000000000021e-03	8.831737701059982903e-02	8.022203489513921038e-02	7.375014256685971659e-02
1.000000000000000021e-03	8.253795370121484731e-02	7.408883586447900793e-02	6.702784691005944651e-02
1.000000000000000021e-03	8.060012697098628554e-02	6.966630987705985101e-02	7.071472220122813901e-02
1.000000000000000021e-03	7.874382669761681441e-02	8.297038946242232815e-02	7.768604531884193420e-02
1.000000000000000021e-03	7.631901819139735865e-02	6.971819378942718803e-02	6.401822231709956845e-02
1.000000000000000021e-03	7.607638654301789038e-02	1.025046012632509773e-01	1.076411902904510498e-01
1.000000000000000021e-03	7.329731486594698309e-02	7.460622783964841742e-02	7.640624558553099632e-02
1.000000000000000021e-03	7.097564572647187264e-02	6.647845248433308096e-02	6.309770923107863028e-02
1.000000000000000021e-03	7.025014174589588878e-02	6.514982372054255177e-02	6.599992197006940287e-02
1.000000000000000021e-03	7.022567968241276437e-02	7.198532793612380520e-02	7.198617141693830490e-02
1.000000000000000021e-03	6.909224604878957954e-02	8.408064715057143867e-02	8.203421123325824182e-02
1.000000000000000021e-03	6.879171627232888442e-02	7.140024117540313964e-02	7.335342187434434891e-02
1.000000000000000021e-03	6.737246713479151661e-02	6.392748884037527390e-02	6.247671851888299266e-02
1.000000000000000021e-03	6.506480478560806857e-02	6.676281688257038049e-02	6.826047124341130812e-02
1.000000000000000021e-03	6.606443664747105315e-02	7.249411312541412244e-02	7.356628505513071459e-02
1.000000000000000021e-03	6.468846455190402356e-02	8.685063106539361866e-02	8.412235360592604239e-02
1.000000000000000021e-03	6.461033999590487520e-02	6.114068243125970331e-02	6.415343927219510634e-02
1.000000000000000021e-03	6.177119007025297370e-02	6.298120384206946920e-02	6.055653812363744060e-02
1.000000000000000021e-03	6.059541069989706624e-02	7.226012863647875151e-02	6.265929676592349451e-02
1.000000000000000021e-03	6.251252294800321851e-02	8.313099778603508239e-02	8.442370612174272815e-02
1.000000000000000021e-03	6.113103017158949548e-02	6.390187304213408581e-02	6.624215189367532730e-02
1.000000000000000021e-03	5.839228008317350754e-02	6.146339594303625725e-02	6.441330462694168368e-02
1.000000000000000021e-03	5.841626731625748636e-02	5.758094048390837577e-02	6.157437562942504744e-02
1.000000000000000021e-03	5.733925297232198709e-02	6.902846108868483654e-02	6.888543954119086266e-02
1.000000000000000021e-03	5.635618628449672735e-02	5.380220910173436066e-02	5.939329853281379024e-02
1.000000000000000021e-03	5.672063750018208061e-02	5.358221887059860800e-02	5.826479643583297452e-02
1.000000000000000021e-03	5.589388694490645543e-02	7.073619257639215951e-02	6.628070604056120196e-02
1.000000000000000021e-03	5.630679663818995151e-02	6.099265488108415040e-02	6.169928135350346426e-02
1.000000000000000021e-03	5.391337601397535456e-02	6.015429710140403341e-02	6.201219465583562851e-02
1.000000000000000021e-03	5.531767102141516013e-02	1.051589397235690587e-01	1.073814025148749352e-01
1.000000000000000021e-03	5.560778898965521716e-02	5.747503245064101290e-02	5.590209066867828092e-02
1.000000000000000021e-03	5.265112864877540683e-02	5.829055997401631772e-02	6.248837271705269536e-02
1.000000000000000021e-03	5.175774977144250583e-02	5.334602282699490300e-02	5.159404287114739696e-02
1.000000000000000021e-03	5.217587611507440437e-02	4.821214161774250995e-02	5.227385433390736857e-02
1.000000000000000021e-03	5.227599203816293838e-02	4.890349017777992358e-02	5.049708499573171000e-02
1.000000000000000021e-03	5.368618849055963732e-02	6.405687105905323586e-02	6.433011107146739682e-02
1.000000000000000021e-03	5.160889530867563552e-02	5.181442138724302177e-02	5.461884662508964539e-02
1.000000000000000021e-03	5.115348800318993139e-02	4.871086163826637838e-02	4.660509014502167702e-02
1.000000000000000021e-03	4.866166158951493875e-02	5.712996275013029757e-02	5.862739738076925416e-02
1.000000000000000021e-03	5.018256606946960852e-02	5.037502507576767374e-02	5.171028086915611943e-02
1.000000000000000021e-03	5.029488835156553650e-02	5.206573943739162269e-02	4.821571093052625517e-02
1.000000000000000021e-03	4.855523935674650043e-02	4.939091857035122352e-02	4.685588972643017769e-02
1.000000000000000021e-03	4.843557556335873621e-02	5.153336026827702587e-02	5.053461994975805283e-02
1.000000000000000021e-03	4.883251310699446290e-02	4.924289587670595963e-02	4.923395002260803899e-02
1.000000000000000021e-03	4.822971458141022544e-02	5.598630756139755249e-02	5.834371317178010941e-02
1.000000000000000021e-03	4.837048926118191206e-02	4.853844536341609534e-02	4.822302339598536630e-02
1.000000000000000021e-03	4.632913914399135885e-02	5.667875348273371944e-02	5.768418041989207407e-02
1.000000000000000021e-03	4.757060147843574643e-02	5.461972462335182299e-02	5.650053499266505241e-02
1.000000000000000021e-03	4.850877481640043787e-02	5.277046943522248346e-02	5.564725687727332254e-02
1.000000000000000021e-03	4.646435822725920178e-02	6.697098089684366817e-02	7.116811098530888280e-02
1.000000000000000021e-03	4.575960842839432718e-02	4.665175554249923612e-02	4.850169839337468286e-02
1.000000000000000021e-03	4.559185486471084570e-02	5.048630218855373192e-02	5.033096782863140384e-02
1.000000000000000021e-03	4.503047574092614719e-02	4.775235154397824977e-02	4.912286405451595644e-02
1.000000000000000021e-03	4.508492305502078551e-02	4.480002439185899049e-02	4.847575742751360217e-02
1.000000000000000021e-03	4.549058759612111674e-02	6.180139595925496221e-02	6.225500544533133646e-02
1.000000000000000021e-03	4.243502212626563963e-02	4.279670629318783892e-02	4.600390652194619179e-02
1.000000000000000021e-03	4.343604263830594392e-02	4.366027456537591167e-02	4.441784778609871726e-02
1.000000000000000021e-03	4.272980236791295433e-02	6.549545309228423096e-02	6.408495521172881404e-02
1.000000000000000021e-03	4.341456798458425553e-02	4.965092064276415557e-02	5.242388751357793947e-02
1.000000000000000021e-03	4.299359791925683183e-02	4.226650379559132586e-02	4.225249802693724355e-02
1.000000000000000021e-03	4.318377349597204984e-02	5.288112865692658204e-02	5.192953399382531365e-02
1.000000000000000021e-03	4.334039880594519473e-02	4.569432553859593266e-02	4.119140240363776406e-02
1.000000000000000021e-03	4.285475812362612297e-02	4.880662498439793801e-02	5.295119024813175340e-02
1.000000000000000021e-03	4.146598263981211840e-02	4.491352650741631952e-02	4.557194160297513286e-02
1.000000000000000021e-03	4.209454398582743173e-02	5.729434450025333581e-02	5.612847907468676567e-02
1.000000000000000021e-03	4.354245907509479707e-02	4.999121830491495139e-02	4.656875161454081258e-02
1.000000000000000021e-03	4.094165108811896603e-02	4.247746717048252879e-02	4.261620757170021812e-02
1.000000000000000021e-03	4.074259101911087422e-02	4.278286002303293561e-02	4.507005130872130533e-02
1.000000000000000021e-03	4.088014287742991471e-02	6.948608930432359498e-02	6.638476252555847168e-02
1.000000000000000021e-03	4.081298722958689312e-02	4.681687046291004017e-02	4.302634308114648004e-02
1.000000000000000021e-03	4.031161182148814554e-02	4.333991738748176059e-02	4.260558346286415915e-02
1.000000000000000021e-03	4.015075100272668535e-02	4.710930818935651215e-02	4.557580593973398209e-02
1.000000000000000021e-03	3.878258130664288816e-02	4.330354607152064883e-02	4.600013229064643661e-02
1.000000000000000021e-03	3.991264092815587777e-02	4.407116262661536776e-02	4.320979639887809892e-02
1.000000000000000021e-03	4.001682321364932043e-02	4.467033357871452726e-02	4.622324323281645775e-02
1.000000000000000021e-03	4.029122675883346771e-02	4.907791197534006750e-02	5.097085349261760989e-02
1.000000000000000021e-03	4.146404067783628772e-02	4.432368131247178128e-02	4.058080012910068174e-02
1.000000000000000021e-03	3.892975591162112226e-02	4.375163748548292764e-02	4.464402436278760294e-02
1.000000000000000021e-03	3.866300232591429048e-02	5.721252690513096290e-02	5.658637899905442914e-02
1.000000000000000021e-03	3.875883216598548231e-02	4.699321874266207399e-02	4.880054080858826915e-02
1.000000000000000021e-03	3.832126924916538085e-02	3.922659996409378486e-02	3.819613512605428418e-02
1.000000000000000021e-03	3.909878940833488858e-02	3.994462280217265376e-02	4.266688912175595899e-02
1.000000000000000021e-03	3.804904015311118270e-02	4.331406262454562395e-02	4.379051476716995517e-02
1.000000000000000021e-03	3.820706565429333318e-02	5.066448399377743161e-02	5.334455203264951845e-02
1.000000000000000021e-03	3.841922177980291314e-02	4.315184773535940543e-02	4.257520781829952916e-02
1.000000000000000021e-03	3.859635206278567293e-02	6.024608068675271072e-02	6.356513481587171277e-02
1.000000000000000021e-03	3.896216388603259556e-02	4.823458998303138678e-02	4.241391271352767944e-02
1.000000000000000021e-03	3.798100092882260997e-02	5.015266169818283909e-02	4.777608718723058701e-02
1.000000000000000021e-03	3.710980230748410491e-02	4.576664788560717845e-02	4.889324605464935580e-02
1.000000000000000021e-03	3.782652022231450251e-02	4.249111025628306976e-02	4.251882815733552118e-02
1.000000000000000021e-03	3.759245612724115837e-02	4.204218188076431356e-02	4.216735255904495439e-02
1.000000000000000021e-03	3.675125228970323871e-02	4.007405634598894262e-02	4.198979199863970418e-02
1.000000000000000021e-03	3.601213262555660183e-02	5.697105212517433737e-02	6.068201595917344093e-02
1.000000000000000021e-03	3.627800759970448152e-02	4.292385344495948385e-02	4.383155968971550603e-02
1.000000000000000021e-03	3.645162901680194800e-02	4.237891488869464929e-02	4.360013040713965615e-02
1.000000000000000021e-03	3.621003965437065431e-02	4.266313065565069396e-02	4.497792236506938796e-02
1.000000000000000021e-03	3.560545748406333116e-02	4.199263030243793882e-02	4.583796095103025159e-02
1.000000000000000021e-03	3.598419689573889579e-02	4.155413575314414326e-02	4.357198332436382909e-02
1.000000000000000021e-03	3.616745525525710825e-02	4.492912031905189202e-02	4.450522609986364703e-02
1.000000000000000021e-03	3.529926875650605395e-02	5.383789857254602657e-02	5.194140756502747813e-02
1.000000000000000021e-03	3.502199513845279805e-02	3.948006641451289045e-02	3.700520354323089123e-02
1.000000000000000021e-03	3.541557330891723782e-02	4.518364482993230541e-02	4.689769125543534478e-02
5.000000000000000104e-04	2.943777240197314668e-02	3.501625037240108096e-02	3.577759130857884745e-02
5.000000000000000104e-04	2.798074401629012734e-02	3.439756174674209188e-02	3.442119774408638339e-02
5.000000000000000104e-04	2.747179564346470884e-02	3.476573643884109388e-02	3.446340346708894053e-02
5.000000000000000104e-04	2.699908164154831217e-02	3.489367442488358617e-02	3.699575150385499278e-02
5.000000000000000104e-04	2.684668206337269269e-02	3.534279541351408038e-02	3.573396112769842287e-02
5.000000000000000104e-04	2.667337040665574213e-02	3.352349485558365344e-02	3.613871340639888963e-02
5.000000000000000104e-04	2.637236628306508304e-02	3.472091494547446811e-02	3.682759432122111043e-02
5.000000000000000104e-04	2.625573906611917627e-02	3.333763209664072913e-02	3.460935219191015044e-02
5.000000000000000104e-04	2.629008642091714212e-02	3.445613085833519607e-02	3.381889797747135440e-02
5.000000000000000104e-04	2.611252159549875759e-02	3.454369110547747534e-02	3.607538584619760652e-02
5.000000000000000104e-04	2.602233499214876705e-02	3.505118185390976998e-02	3.640054091811180392e-02
5.000000000000000104e-04	2.570903178092055416e-02	3.616682051910155571e-02	3.718402758240699907e-02
5.000000000000000104e-04	2.572476813258682202e-02	3.439805606935972954e-02	3.697083215229213238e-02
5.000000000000000104e-04	2.578017550860296075e-02	3.417174533711678230e-02	3.506849594414233884e-02
5.000000000000000104e-04	2.550682885417364723e-02	3.635832930656628104e-02	3.715121727436780652e-02
5.000000000000000104e-04	2.548139013779101084e-02	3.635681807721784925e-02	3.713393383659422536e-02
5.000000000000000104e-04	2.503692382245545009e-02	3.407191376918585618e-02	3.471019738353788714e-02
5.000000000000000104e-04	2.586691670007071689e-02	3.589300489472468936e-02	3.787779351696372171e-02
5.000000000000000104e-04	2.486694816265898680e-02	3.360573012206254789e-02	3.398905489593744000e-02
5.000000000000000104e-04	2.510695937542009593e-02	3.405132907301343381e-02	3.389872172847389897e-02
5.000000000000000104e-04	2.489431525096773984e-02	3.583644244683350383e-02	3.856776868924498280e-02
5.000000000000000104e-04	2.478555383766422107e-02	3.531418469641845609e-02	3.227024269290268421e-02
5.000000000000000104e-04	2.492251633891295198e-02	3.257145956938803377e-02	3.253637645393610278e-02
5.000000000000000104e-04	2.500471913479506911e-02	3.364451544564119739e-02	3.422496048733592033e-02
5.000000000000000104e-04	2.492282377721751624e-02	4.113804442681254919e-02	4.226706284098327021e-02
5.000000000000000104e-04	2.452867315055985709e-02	3.853409839745279564e-02	4.013603385537863055e-02
5.000000000000000104e-04	2.434614246983109187e-02	3.569885774354659980e-02	3.737730244174599509e-02
5.000000000000000104e-04	2.421380282791982599e-02	3.638465305624519891e-02	3.679810571484267573e-02
5.000000000000000104e-04	2.435282148570342559e-02	3.286639208959035025e-02	3.380504189990461011e-02
5.000000000000000104e-04	2.407803039113628682e-02	3.891533727304161833e-02	3.981716334819793840e-02
5.000000000000000104e-04	2.448185974024474562e-02	3.539657761484228671e-02	3.633913439698517600e-02
5.000000000000000104e-04	2.426232864192798960e-02	3.568001222157977936e-02	3.465385860763490339e-02
5.000000000000000104e-04	2.394094875102961359e-02	3.326938089704950530e-02	3.366071791388094286e-02
5.000000000000000104e-04	2.425950886643751109e-02	3.365049613590952171e-02	3.474396495148539266e-02
5.000000000000000104e-04	2.388801221389576929e-02	3.270215734215307229e-02	3.263658573850989481e-02
5.000000000000000104e-04	2.376349162529241624e-02	3.459651647281896530e-02	3.324747974984347543e-02
5.000000000000000104e-04	2.390954706551308775e-02	3.753134637524944278e-02	4.000195832923054973e-02
5.000000000000000104e-04	2.400354628839625887e-02	3.467527046526602125e-02	3.869665730744600157e-02
5.000000000000000104e-04	2.406942392870081715e-02	3.249779354332317516e-02	3.537972760386765003e-02
5.000000000000000104e-04	2.380625438107662056e-02	3.201432840128219659e-02	3.254067669622599801e-02
5.000000000000000104e-04	2.365518118232627295e-02	3.965940153840636501e-02	3.958379868417978564e-02
5.000000000000000104e-04	2.359991971784774697e-02	3.253694270683833017e-02	3.325372897088527818e-02
5.000000000000000104e-04	2.329372230661494458e-02	3.440199402302347720e-02	3.494846210815012733e-02
5.000000000000000104e-04	2.354455655446105813e-02	3.231137603794404650e-02	3.186521618627011915e-02
5.000000000000000104e-04	2.351950263358552895e-02	3.273494246157364340e-02	3.379759732633828839e-02
5.000000000000000104e-04	2.342100656434780923e-02	3.202756522564675912e-02	3.320810678415000300e-02
5.000000000000000104e-04	2.353737034757446764e-02	3.317945594874976284e-02	3.465881743468344350e-02
5.000000000000000104e-04	2.347553544853872923e-02	3.331541603538378665e-02	3.373813009820878644e-02
5.000000000000000104e-04	2.284285258295891061e-02	3.280556585191120311e-02	3.200900484807789326e-02
5.000000000000000104e-04	2.363711289103603841e-02	4.011588599240280273e-02	4.117056224495172639e-02
5.000000000000000104e-04	2.319389546518671810e-02	3.499406795578165197e-02	3.634427273645997325e-02
5.000000000000000104e-04	2.310571726574115609e-02	3.181302055950564062e-02	3.336604302749037604e-02
5.000000000000000104e-04	2.306094606054286816e-02	3.212753656998042912e-02	3.417539903894066533e-02
5.000000000000000104e-04	2.287554415945156419e-02	3.328958846121558152e-02	3.445776780135929862e-02
5.000000000000000104e-04	2.294293338505506638e-02	3.356104571352766519e-02	3.460822226479649821e-02
5.000000000000000104e-04	2.333175680703587079e-02	3.390561338728634994e-02	3.522464414127170901e-02
5.000000000000000104e-04	2.319028835695988860e-02	3.193098299829435355e-02	3.247825712896883210e-02
5.000000000000000104e-04	2.292171921505180635e-02	3.272715101691441031e-02	3.261312656104564667e-02
5.000000000000000104e-04	2.264330883084028634e-02	3.449512068279751015e-02	3.391780252568423609e-02
5.000000000000000104e-04	2.265464645930159032e-02	3.454768438262777186e-02	3.600906096398830136e-02
5.000000000000000104e-04	2.286250140938372519e-02	3.148463857969688307e-02	3.123501427471637656e-02
5.000000000000000104e-04	2.289607792977869927e-02	3.384111829453113895e-02	3.385416977107524872e-02
5.000000000000000104e-04	2.303694864467367015e-02	3.209149797510413987e-02	3.269050451926887313e-02
5.000000000000000104e-04	2.302620137232795280e-02	3.306056960871082279e-02	3.206937080249190608e-02
5.000000000000000104e-04	2.250671768458067240e-02	3.154899135075938527e-02	3.184120976366102557e-02
5.000000000000000104e-04	2.256436248208597284e-02	3.191569222244605014e-02	3.150422465987503390e-02
5.000000000000000104e-04	2.265481038453569934e-02	3.177457436412104569e-02	3.267895807512104234e-02
5.000000000000000104e-04	2.244130036142969603e-02	3.245571255683898926e-02	3.079274385236203601e-02
5.000000000000000104e-04	2.229864510949733716e-02	3.254775851184785185e-02	3.250299072824418267e-02
5.000000000000000104e-04	2.243877172257714367e-02	3.519538539359394480e-02	3.495393623597919941e-02
5.000000000000000104e-04	2.231293860844587446e-02	3.166878086890225624e-02	3.319705026224255284e-02
5.000000000000000104e-04	2.270608914364833503e-02	3.177651216846485993e-02	3.287670686841011325e-02
5.000000000000000104e-04	2.221474003256962426e-02	3.510222496240551077e-02	3.679322497919201851e-02
5.000000000000000104e-04	2.208882380209737512e-02	3.213461874667262325e-02	3.331725508905947208e-02
5.000000000000000104e-04	2.222536323476125356e-02	3.202689198182203517e-02	3.224125066772103032e-02
5.000000000000000104e-04	2.228510419666385536e-02	3.185282267279025692e-02	3.127669636160135269e-02
5.000000000000000104e-04	2.219640442732030358e-02	3.113423978314974055e-02	3.178870021365583221e-02
5.000000000000000104e-04	2.227874254507682811e-02	3.255568089753545225e-02	3.445740691386163512e-02
5.000000000000000104e-04	2.207579925534959575e-02	3.382850914257359148e-02	3.488595136441290101e-02
5.000000000000000104e-04	2.188731013586470500e-02	3.202293433873128897e-02	3.233079831115901609e-02
5.000000000000000104e-04	2.233019322070221163e-02	3.193805487680185379e-02	3.109808061271905968e-02
5.000000000000000104e-04	2.182409472637844919e-02	3.359356531336981505e-02	3.505829148925840993e-02
5.000000000000000104e-04	2.202780329237121609e-02	3.152419606233454463e-02	3.108873739838600297e-02
5.000000000000000104e-04	2.170146437315243274e-02	3.163912119977761034e-02	3.412302145734429082e-02
5.000000000000000104e-04	2.173026047274253733e-02	3.171955025632967884e-02	3.203076091594993929e-02
5.000000000000000104e-04	2.225940749255063758e-02	3.318036803049254774e-02	3.545446735806763450e-02
5.000000000000000104e-04	2.192020510800655325e-02	3.335471441530432624e-02	3.415673091076314172e-02
5.000000000000000104e-04	2.206878584753797778e-02	3.065204655468775977e-02	3.200475173071026802e-02
5.000000000000000104e-04	2.226757814044727848e-02	3.260270677779981280e-02	3.420855849981307983e-02
5.000000000000000104e-04	2.207610572223974582e-02	3.475467789508597527e-02	3.482936760410666743e-02
5.000000000000000104e-04	2.128495718393130093e-02	3.131173359942061862e-02	3.168899775482714176e-02
5.000000000000000104e-04	2.168434673953864231e-02	3.294510027657004264e-02	3.471679948270321031e-02
5.000000000000000104e-04	2.184859388402255256e-02	3.305993988836935377e-02	3.569164276123047014e-02
5.000000000000000104e-04	2.188705689522452494e-02	3.408444259335233206e-02	3.440280095674097538e-02
5.000000000000000104e-04	2.171643469222605052e-02	3.320136587306155018e-02	3.364831684157252450e-02
5.000000000000000104e-04	2.143865684616211992e-02	3.193720034201731617e-02	3.164765997789800028e-02
5.000000000000000104e-04	2.162925438189346877e-02	3.363431826311880091e-02	3.509503393433988094e-02
5.000000000000000104e-04	2.189795619798927048e-02	3.093918409022985289e-02	3.162687243893742839e-02
5.000000000000000104e-04	2.162581053684363083e-02	3.306048608224117225e-02	3.420813772827387134e-02
5.000000000000000104e-04	2.106931120365285875e-02	3.129093544996533471e-02	3.100080639123916487e-02
5.000000000000000104e-04	2.142513283799820159e-02	3.054189396271218826e-02	3.299692347645759305e-02
5.000000000000000104e-04	2.133138428500150688e-02	3.146448299405774779e-02	3.329954110085964203e-02
5.000000000000000104e-04	2.161011078252460943e-02	3.137441316902325750e-02	3.278320874087512632e-02
5.000000000000000104e-04	2.146821153643278107e-02	3.279459551561877267e-02	3.193806572817266265e-02
5.000000000000000104e-04	2.125266726589813276e-02	3.208512933778513015e-02	3.297216668725013594e-02
5.000000000000000104e-04	2.179469536218430273e-02	3.106650198122281811e-02	3.263671027962118665e-02
5.000000000000000104e-04	2.092135916591349523e-02	3.285413921971595819e-02	3.423708803020417829e-02
5.000000000000000104e-04	2.123620574985083179e-02	3.180499156420143331e-02	3.219857029616832872e-02
5.000000000000000104e-04	2.114287451551084135e-02	3.342389198341919054e-02	3.401441415771842142e-02
5.000000000000000104e-04	2.164207441529661033e-02	3.145921574564192191e-02	3.320861491374671459e-02
5.000000000000000104e-04	2.113201548716507269e-02	3.108980417914727554e-02	3.344247834756970683e-02
5.000000000000000104e-04	2.114794785541511055e-02	3.698630441779865441e-02	3.805701220408082286e-02
5.000000000000000104e-04	2.123335841718092601e-02	3.008951437878983060e-02	3.109863738063722849e-02
5.000000000000000104e-04	2.122544174728922817e-02	3.915170456297422524e-02	4.198897299356758872e-02
5.000000000000000104e-04	2.108827542075849409e-02	3.338209823437074397e-02	3.592112339101731500e-02
5.000000000000000104e-04	2.081219262133042133e-02	3.672088674849864620e-02	3.792369081638753692e-02
5.000000000000000104e-04	2.122437404907498784e-02	3.123368344303825012e-02	3.306011832319200039e-02
5.000000000000000104e-04	2.063061828210889168e-02	3.215248934456502866e-02	3.327252964954822978e-02
5.000000000000000104e-04	2.077397966834349657e-02	3.437728284619241681e-02	3.548123431392014027e-02
5.000000000000000104e-04	2.088527882947364966e-02	3.008755316948079350e-02	3.252745419740676880e-02
5.000000000000000104e-04	2.088172493666115570e-02	3.099278303068033619e-02	3.226398858241737166e-02
5.000000000000000104e-04	2.098352407279178988e-02	3.541463318997652848e-02	3.810223969630897184e-02
5.000000000000000104e-04	2.048486967935698663e-02	3.238782446577911228e-02	3.361317464150488654e-02
5.000000000000000104e-04	2.090290370990520452e-02	3.273529336051479027e-02	3.507214975543319901e-02
5.000000000000000104e-04	2.084059541835869486e-02	3.439090124950670846e-02	3.528823833912610869e-02
5.000000000000000104e-04	2.090660251900250399e-02	3.063084181222616026e-02	3.303333153016865115e-02
5.000000000000000104e-04	2.064183651003173928e-02	3.013940652861644975e-02	3.263427545316517631e-02
5.000000000000000104e-04	2.055193850561464960e-02	3.052524459689699710e-02	3.390562688000500063e-02
5.000000000000000104e-04	2.054033666976996797e-02	3.237199528796198822e-02	3.345465625170618296e-02
5.000000000000000104e-04	2.063461799562462881e-02	3.060201915341834167e-02	3.248389451764523844e-02
5.000000000000000104e-04	2.045640483479069238e-02	3.095955174435807700e-02	3.220943314954638481e-02
5.000000000000000104e-04	2.072819759077790605e-02	3.321217543674701012e-02	3.482689158990979333e-02
5.000000000000000104e-04	2.026722757411235365e-02	3.692355604735032132e-02	3.681324976496398726e-02
5.000000000000000104e-04	2.031680762197837428e-02	3.106886959824886607e-02	3.322705221362411837e-02
2.500000000000000052e-04	1.743705693898920869e-02	2.890513961188768272e-02	3.206887645646929602e-02
2.500000000000000052e-04	1.715404042673967372e-02	3.011716220586399886e-02	3.115381840616464684e-02
2.500000000000000052e-04	1.702278700655563554e-02	2.799756425623026179e-02	3.041208710055798292e-02
2.500000000000000052e-04	1.670557488332469545e-02	2.897233493548101099e-02	3.119734665378928046e-02
2.500000000000000052e-04	1.663125980235831414e-02	2.982583953096916429e-02	3.147972496226429662e-02
2.500000000000000052e-04	1.676708683880818659e-02	2.842026122928601947e-02	3.129787570796906809e-02
2.500000000000000052e-04	1.656755362379994795e-02	2.975344912426946056e-02	3.115884708240628312e-02
2.500000000000000052e-04	1.660216202089316931e-02	3.081581734744978304e-02	3.255842057988047461e-02
2.500000000000000052e-04	1.653914296931309133e-02	2.924170564489526891e-02	3.140057339332998076e-02
2.500000000000000052e-04	1.641319930410405775e-02	2.844758431246767472e-02	2.964010396972298692e-02
2.500000000000000052e-04	1.635672655357497604e-02	2.774790686150496039e-02	3.029172513633966377e-02
2.500000000000000052e-04	1.633667926736925846e-02	2.790498458024563005e-02	3.108035987243056367e-02
2.500000000000000052e-04	1.653995101977791954e-02	2.838483323094420294e-02	3.095174948684871127e-02
2.500000000000000052e-04	1.619159208243325931e-02	2.911252734197683836e-02	3.040096778422594209e-02
2.500000000000000052e-04	1.640154808649165949e-02	2.932531859589184928e-02	3.083320711739361356e-02
2.500000000000000052e-04	1.634514444508200146e-02	3.126082751724420378e-02	3.413439951837062697e-02
2.500000000000000052e-04	1.628426921192541524e-02	2.780441382987649049e-02	3.010993008501827717e-02
2.500000000000000052e-04	1.608110532281598407e-02	2.822136055405071245e-02	3.009150461293757031e-02
2.500000000000000052e-04	1.601114309728232307e-02	3.086718375653184354e-02	3.297580704092979709e-02
2.500000000000000052e-04	1.615900035303924689e-02	2.932010822154152568e-02	3.215359309688210765e-02
2.500000000000000052e-04	1.609936265091760008e-02	2.805015125862903025e-02	3.033261918462813039e-02
2.500000000000000052e-04	1.611284776458028062e-02	2.823498461844097321e-02	3.013667277991771698e-02
2.500000000000000052e-04	1.627342579339117676e-02	2.816230603810692193e-02	3.050853228196501871e-02
2.500000000000000052e-04	1.584791971848429140e-02	2.866627299348721222e-02	3.170779859647154808e-02
2.500000000000000052e-04	1.616392230507747094e-02	2.829459892264055490e-02	2.986996504478156567e-02
2.500000000000000052e-04	1.609715253305407309e-02	2.876054720845834176e-02	3.224490452557802339e-02
2.500000000000000052e-04	1.600417570244042076e-02	2.747382907226135484e-02	3.018664047122001509e-02
2.500000000000000052e-04	1.625067560698938846e-02	3.183209189062655153e-02	3.437236798927188058e-02
2.500000000000000052e-04	1.603636369239181195e-02	3.063560311355827820e-02	3.267298419959843020e-02
2.500000000000000052e-04	1.593349243277481300e-02	2.906396505252228923e-02	3.208417263813316544e-02
2.500000000000000052e-04	1.607328719866352174e-02	2.952770723995425811e-02	3.387864069081843177e-02
2.500000000000000052e-04	1.608370527854799392e-02	3.123263807977057216e-02	3.313667406328022619e-02
2.500000000000000052e-04	1.590582511239858887e-02	2.836121619722917903e-02	2.944651502184569836e-02
2.500000000000000052e-04	1.597414263472645909e-02	3.306387355112280768e-02	3.507265732623636445e-02
2.500000000000000052e-04	1.598942052646647877e-02	2.961559099247630319e-02	3.274244209751486778e-02
2.500000000000000052e-04	1.602943063675143706e-02	2.892014247740750527e-02	3.051312635652720859e-02
2.500000000000000052e-04	1.584020347148613547e-02	3.020449694616632319e-02	3.279324518516659598e-02
2.500000000000000052e-04	1.598024972426797738e-02	2.811991867575189957e-02	2.954716188833117485e-02
2.500000000000000052e-04	1.573667724883923841e-02	2.989546622086257724e-02	3.157028725836426297e-02
2.500000000000000052e-04	1.583469423360867046e-02	3.076596019779824498e-02	3.322988385334611078e-02
2.500000000000000052e-04	1.577855988474451132e-02	2.842402303133023320e-02	3.061012942343950202e-02
2.500000000000000052e-04	1.582001750761076464e-02	2.833806804298418316e-02	3.136576255783438821e-02
2.500000000000000052e-04	1.584016101314551436e-02	2.782408873116626671e-02	2.965154843404889037e-02
2.500000000000000052e-04	1.574305766936632059e-02	2.828001562525464530e-02	3.008401216939091821e-02
2.500000000000000052e-04	1.586215927007154566e-02	2.897951071252997599e-02	3.007820113562047551e-02
2.500000000000000052e-04	1.582688544381143439e-02	2.988676776553635811e-02	3.173246462829411307e-02
2.500000000000000052e-04	1.555899213165166071e-02	2.770051378659240879e-02	2.916333512403070788e-02
2.500000000000000052e-04	1.583549353917665034e-02	3.074755504025214470e-02	3.130339174531400481e-02
1.250000000000000026e-04	1.421939394284535939e-02	2.987808587897510318e-02	3.135465858504175862e-02
1.250000000000000026e-04	1.408633148734343525e-02	2.790821824437348525e-02	3.020026218146085878e-02
1.250000000000000026e-04	1.401152820534973774e-02	2.732080024184356873e-02	2.911567534320056577e-02
1.250000000000000026e-04	1.405337236338382277e-02	2.794373478174833753e-02	2.950043580494821072e-02
1.250000000000000026e-04	1.393758950873108526e-02	2.720676331795478936e-02	2.899101381190121243e-02
1.250000000000000026e-04	1.381025424496925766e-02	2.716152054009013037e-02	3.022873932495713165e-02
1.250000000000000026e-04	1.393649101077452761e-02	2.891761508248551216e-02	3.210538239218294759e-02
1.250000000000000026e-04	1.400172753652872970e-02	2.716167923063039780e-02	2.886486561037599971e-02
1.250000000000000026e-04	1.385178428940765302e-02	2.772527001310549563e-02	3.034642031416296890e-02
1.250000000000000026e-04	1.381551894484442204e-02	2.956799809767313506e-02	3.244099942967295508e-02
1.250000000000000026e-04	1.381627205648763498e-02	2.753658504932338796e-02	2.836517808027565549e-02
1.250000000000000026e-04	1.370857464211357353e-02	2.738284216267276167e-02	3.008703384548425813e-02
1.250000000000000026e-04	1.386790524370678027e-02	2.724476794453815562e-02	2.981262686662376066e-02
1.250000000000000026e-04	1.378058495109444649e-02	2.743244919126258327e-02	2.845651162788271835e-02
1.250000000000000026e-04	1.374105336128313148e-02	2.751412017865798726e-02	2.805137974210083346e-02
1.250000000000000026e-04	1.370199881342346396e-02	2.864113833306659515e-02	3.031147560104727884e-02
1.250000000000000026e-04	1.366721779062537827e-02	2.856742705740229760e-02	2.944160196930169920e-02
1.250000000000000026e-04	1.376624787394271562e-02	2.769367515806752181e-02	2.928189318627118926e-02
1.250000000000000026e-04	1.370477518353908040e-02	2.738618447459961053e-02	3.031813148409128258e-02
1.250000000000000026e-04	1.372086147085881114e-02	2.786777599066183816e-02	3.093776113819330861e-02
1.250000000000000026e-04	1.365717836027751514e-02	2.739163976728292010e-02	2.964580124244093826e-02
1.250000000000000026e-04	1.370797089424034138e-02	2.738368879340550080e-02	2.936080992221832414e-02
1.250000000000000026e-04	1.376829995004944483e-02	2.714030753762622025e-02	2.967798751778900554e-02
1.250000000000000026e-04	1.369223621722100506e-02	2.747895069303312940e-02	2.972815250977873733e-02
1.250000000000000026e-04	1.360645143389961967e-02	2.731629901355941969e-02	2.958018924109637876e-02
1.250000000000000026e-04	1.376017337148102183e-02	2.725945374104364952e-02	2.930560242384672165e-02
1.250000000000000026e-04	1.358816239965506337e-02	2.776086848248673911e-02	2.985104899853468011e-02
1.250000000000000026e-04	1.353135766865660658e-02	2.722103922525469580e-02	2.991028497926890781e-02
1.250000000000000026e-04	1.360686093735670628e-02	2.764691503630726729e-02	2.989482553675770760e-02
1.250000000000000026e-04	1.352297905843364775e-02	2.928069124671177012e-02	3.253688104450702667e-02
1.250000000000000026e-04	1.360234479328325911e-02	2.736712612348233056e-02	2.936186194419860770e-02
1.250000000000000026e-04	1.358959286887070905e-02	2.767045997785336220e-02	3.004471240565180848e-02
1.250000000000000026e-04	1.352363314540269007e-02	2.835743414989004563e-02	3.033501841127872467e-02
1.250000000000000026e-04	1.355856630210008906e-02	2.780112253589779939e-02	2.953874007798731188e-02
1.250000000000000026e-04	1.350156263539859132e-02	2.829491507983644683e-02	3.078319430351257255e-02
1.250000000000000026e-04	1.356442382590603533e-02	2.745263515459617568e-02	2.988481111824512620e-02
1.250000000000000026e-04	1.356318385685388248e-02	2.727446468615251154e-02	2.930333041585981776e-02
1.250000000000000026e-04	1.353060790034766279e-02	2.787975787004719208e-02	3.053829795680940151e-02
1.250000000000000026e-04	1.357792470487156379e-02	2.699107335422051487e-02	2.836218029260635307e-02
1.250000000000000026e-04	1.356655802553895576e-02	2.759739847278407793e-02	3.015967258252203603e-02
1.250000000000000026e-04	1.361031369037965164e-02	2.756343164642131860e-02	3.056805054657161375e-02
1.250000000000000026e-04	1.335369021246570614e-02	2.748186168070707036e-02	2.953256969340145588e-02
1.250000000000000026e-04	1.348630310572064041e-02	2.715374850204789817e-02	2.860632971860468249e-02
1.250000000000000026e-04	1.353398785959450228e-02	2.739251815075181493e-02	2.877006423659622669e-02
1.250000000000000026e-04	1.349063510906304587e-02	2.754831140500088593e-02	2.914912919513881068e-02
1.250000000000000026e-04	1.347122848502004325e-02	2.709272845175253810e-02	2.892073444090783457e-02
1.250000000000000026e-04	1.344433524052614064e-02	2.732375194928097009e-02	2.829129106830805679e-02
1.250000000000000026e-04	1.336436369036470007e-02	2.754243875302725408e-02	2.952574864029884269e-02
1.250000000000000026e-04	1.346287713941444510e-02	2.736741561852200355e-02	2.943097904790192842e-02
1.250000000000000026e-04	1.345201885168413082e-02	2.714560670943940573e-02	2.983432360924780438e-02
1.250000000000000026e-04	1.352382710375815006e-02	2.781698785000602525e-02	3.167659156024456302e-02
1.250000000000000026e-04	1.335266999274041522e-02	2.928724605102501696e-02	3.026172758545726468e-02
1.250000000000000026e-04	1.339861909398909826e-02	2.766348307962036845e-02	2.921850350685417652e-02
1.250000000000000026e-04	1.346608009427751121e-02	2.759913156169871429e-02	2.917740710545331170e-02
1.250000000000000026e-04	1.331495063421665910e-02	2.812575050556534798e-02	2.991959010250866413e-02
1.250000000000000026e-04	1.331981778667113911e-02	2.791360138149941855e-02	3.024817435070872168e-02
1.250000000000000026e-04	1.340533259046795475e-02	2.745040262810378648e-02	3.055547708645462920e-02
1.250000000000000026e-04	1.352235260828592647e-02	2.921135411524647743e-02	3.156270212493837019e-02
1.250000000000000026e-04	1.331963213328586290e-02	2.740924474320018470e-02	2.888641231693327496e-02
1.250000000000000026e-04	1.323847123001847814e-02	2.720412866490361584e-02	2.916851071640848975e-02
6.250000000000000130e-05	1.257167452970143692e-02	2.749507987862014058e-02	2.972104349173605373e-02
6.250000000000000130e-05	1.243988283026211533e-02	2.686798920689140863e-02	2.816418246366083483e-02
6.250000000000000130e-05	1.240173160949632064e-02	2.797648356496039435e-02	2.992013129405677457e-02
6.250000000000000130e-05	1.246134475699217994e-02	2.877769255474287718e-02	3.054171754047274590e-02
6.250000000000000130e-05	1.245355865890468948e-02	2.717071696530774100e-02	2.915291066747158905e-02
6.250000000000000130e-05	1.246991296043622847e-02	2.691506521278963157e-02	2.851819675415754457e-02
6.250000000000000130e-05	1.247853201821039031e-02	2.753137779563509524e-02	2.940219528973102639e-02
6.250000000000000130e-05	1.242847469298861453e-02	2.713712555946323768e-02	2.875496963970363209e-02
6.250000000000000130e-05	1.243845917990971973e-02	2.693164615321377853e-02	2.899801458697765996e-02
6.250000000000000130e-05	1.246094427094808325e-02	2.788520259148787386e-02	2.976671084761619429e-02
6.250000000000000130e-05	1.231859258304005000e-02	2.691072040768974216e-02	2.894457369111478467e-02
6.250000000000000130e-05	1.249743838279295145e-02	2.802254374173143020e-02	3.074013944715261321e-02
6.250000000000000130e-05	1.234120026056358468e-02	2.732922673634989585e-02	2.907681022770702839e-02
6.250000000000000130e-05	1.233216181371432456e-02	2.734920702367553066e-02	2.922836001962423463e-02
6.250000000000000130e-05	1.233566290774253116e-02	2.803588340653798833e-02	2.956987335346639156e-02
6.250000000000000130e-05	1.235737993152743845e-02	2.730591511792693563e-02	2.951265256851911406e-02
6.250000000000000130e-05	1.239430919856292571e-02	2.711068151313909130e-02	2.931368509307503631e-02
6.250000000000000130e-05	1.234123883974793182e-02	2.692823973118634723e-02	2.880984074436128070e-02
6.250000000000000130e-05	1.225850353052123330e-02	2.799697535317293567e-02	2.994546624831855366e-02
6.250000000000000130e-05	1.234748341395601468e-02	2.752478334428596143e-02	2.936682519502937724e-02
6.250000000000000130e-05	1.230218686535087570e-02	2.824230223933127393e-02	3.074952112510800223e-02
6.250000000000000130e-05	1.232994778472941075e-02	2.751541753538460158e-02	3.048566211946308543e-02
6.250000000000000130e-05	1.233437645464155984e-02	2.706950529434606206e-02	2.894257656298577716e-02
3.125000000000000065e-05	1.190594132743676148e-02	2.728916012745409223e-02	2.924349219538271288e-02
3.125000000000000065e-05	1.190676204610990885e-02	2.684046213968574110e-02	2.861299281939864297e-02
3.125000000000000065e-05	1.181333195558982585e-02	2.669826165543801033e-02	2.951886216178536276e-02
3.125000000000000065e-05	1.179386766675107751e-02	2.721514766889560760e-02	2.933544013649225235e-02
3.125000000000000065e-05	1.197836448835591476e-02	2.741227542289108657e-02	2.976568383164703707e-02
3.125000000000000065e-05	1.183807619139248639e-02	2.703499633584815001e-02	2.882763291709124903e-02
3.125000000000000065e-05	1.186301583183659546e-02	2.729136373418631842e-02	2.922060173004865577e-02
3.125000000000000065e-05	1.182415656725929742e-02	2.753011153825602603e-02	2.923621120862662792e-02
3.125000000000000065e-05	1.187479704317223432e-02	2.672606402354714764e-02	2.852805987931788037e-02
3.125000000000000065e-05	1.182331064761491142e-02	2.717472056014687623e-02	2.928450764156877856e-02
3.125000000000000065e-05	1.180399001460607014e-02	2.703415829181203198e-02	2.927355947904288630e-02
3.125000000000000065e-05	1.187590353240742733e-02	2.742728640700822090e-02	2.995170988142490526e-02
3.125000000000000065e-05	1.180826136820698792e-02	2.699860346293886382e-02	2.905859397724270751e-02
3.125000000000000065e-05	1.173936850903311950e-02	2.704338948315506905e-02	3.018467556685209413e-02
3.125000000000000065e-05	1.188639586400229778e-02	2.682880662303632410e-02	2.961530487518757720e-02
3.125000000000000065e-05	1.180367886211772938e-02	2.697169991375888282e-02	2.888196450658142567e-02
3.125000000000000065e-05	1.178278102647294275e-02	2.664480881073088073e-02	2.867997097782790800e-02
3.125000000000000065e-05	1.179542650813762347e-02	2.802968666406046097e-02	2.985974587500095367e-02
3.125000000000000065e-05	1.183259748209564664e-02	2.653037095003571086e-02	2.841765284538268904e-02
3.125000000000000065e-05	1.174999120899320598e-02	2.690228129888236341e-02	2.881513601168990066e-02
3.125000000000000065e-05	1.176525903118036398e-02	2.703707097634595186e-02	2.899543265812098980e-02
3.125000000000000065e-05	1.173800547131017072e-02	2.756890389795234667e-02	2.997310506179928780e-02
3.125000000000000065e-05	1.178289319043453534e-02	2.721841297361083170e-02	2.975029200315475533e-02
3.125000000000000065e-05	1.177052604202495287e-02	2.780151502741256761e-02	2.979310331866145273e-02
3.125000000000000065e-05	1.178810242758527443e-02	2.718527329334725906e-02	2.904052683152258396e-02
3.125000000000000065e-05	1.176150057572110733e-02	2.714488756262663227e-02	2.870552104432135682e-02
3.125000000000000065e-05	1.170454516117268653e-02	2.707157121161827759e-02	2.870357292704284191e-02
3.125000000000000065e-05	1.167238066395513869e-02	2.795695140957832336e-02	3.021473013795912196e-02
3.125000000000000065e-05	1.180392238346685344e-02	2.693869653328551106e-02	2.938441233709454536e-02
3.125000000000000065e-05	1.181739598074890013e-02	2.692793780713493429e-02	2.844818162266165087e-02
3.125000000000000065e-05	1.169300245726833179e-02	2.777136087476115081e-02	2.989590358920395444e-02
3.125000000000000065e-05	1.179044970531729561e-02	2.692813291190026409e-02	2.862866013310849667e-02
3.125000000000000065e-05	1.173527169389701127e-02	2.683907531260351989e-02	2.870516641996800900e-02
3.125000000000000065e-05	1.177210746432690892e-02	2.690905044391673356e-02	2.887117401696741650e-02
3.125000000000000065e-05	1.177284904279425962e-02	2.714739475613801162e-02	2.919798893854021887e-02
3.125000000000000065e-05	1.170886727104124975e-02	2.675793631519166743e-02	2.869889261201024125e-02
3.125000000000000065e-05	1.172679093427449019e-02	2.730804163455495190e-02	2.957897605374455383e-02
3.125000000000000065e-05	1.174238004107862506e-02	3.004070269967873061e-02	3.183303629048168937e-02
3.125000000000000065e-05	1.174380872214409073e-02	2.668359424158228688e-02	2.891046497970819334e-02
3.125000000000000065e-05	1.174535981090679693e-02	2.727240836979206995e-02	2.929017068818211625e-02
1.562500000000000033e-05	1.155437957609225033e-02	2.691094366667782373e-02	2.899894667789339880e-02
1.562500000000000033e-05	1.155406196069117507e-02	2.729164254095853975e-02	2.917024856433272223e-02
1.562500000000000033e-05	1.149101128288094499e-02	2.685972970193593184e-02	2.862933045253157616e-02
1.562500000000000033e-05	1.151239587299616833e-02	2.751324915312503699e-02	2.925856839865446229e-02
1.562500000000000033e-05	1.148488564978051955e-02	2.709813758789400909e-02	2.916864319704472880e-02
1.562500000000000033e-05	1.142137052427377036e-02	2.721434764817591209e-02	2.966138115152716637e-02
1.562500000000000033e-05	1.144555301057123900e-02	2.686649901763150938e-02	2.929200504440814326e-02
1.562500000000000033e-05	1.148587134338963089e-02	2.750461985459502420e-02	2.989760874770581653e-02
1.562500000000000033e-05	1.149974906830081300e-02	2.695547989252662299e-02	2.957432675175368855e-02
1.562500000000000033e-05	1.151117293078532562e-02	2.655979288322607088e-02	2.858129981905221939e-02
1.562500000000000033e-05	1.149951237556700624e-02	2.714949671705668005e-02	2.927990588359534810e-02
1.562500000000000033e-05	1.150383021132050758e-02	2.713873711321990526e-02	2.940913690254092286e-02
1.562500000000000033e-05	1.150917809498845819e-02	2.654502396983781862e-02	2.834885381162166595e-02
1.562500000000000033e-05	1.147350285136167387e-02	2.680601061112125594e-02	2.819063949864357779e-02
1.562500000000000033e-05	1.152401066365163658e-02	2.717964043987047135e-02	2.908940436318516870e-02
1.562500000000000033e-05	1.145466747344268260e-02	2.672512687898743328e-02	2.832659138366579871e-02
1.562500000000000033e-05	1.148929007279883216e-02	2.795578951884002475e-02	2.971932818181812624e-02
1.562500000000000033e-05	1.147469700763241451e-02	2.782798493134725631e-02	3.064486733637750149e-02
1.562500000000000033e-05	1.144778405935430350e-02	2.672528006936087178e-02	2.877158718183636665e-02
1.562500000000000033e-05	1.145706894829730607e-02	2.705984739147867732e-02	2.850234936922788759e-02
1.562500000000000033e-05	1.144691688074161995e-02	2.687246383153175239e-02	2.886717151850461821e-02
7.812500000000000163e-06	1.137738717842355120e-02	2.733013158205760060e-02	2.901578675955534051e-02
7.812500000000000163e-06	1.138442936459032814e-02	2.675059476272442088e-02	2.833614037372171948e-02
7.812500000000000163e-06	1.135064877456984887e-02	2.807059230682737438e-02	2.957781236618757179e-02
7.812500000000000163e-06	1.137303308556165092e-02	2.748381099736815422e-02	2.955196918919682572e-02
7.812500000000000163e-06	1.136440478092998890e-02	2.692677893953797710e-02	2.879809257574379375e-02
7.812500000000000163e-06	1.134100678599525742e-02	2.696975929106717323e-02	2.894837446510791640e-02
7.812500000000000163e-06	1.131204980246206838e-02	2.715778226003597029e-02	2.918647560290992329e-02
7.812500000000000163e-06	1.135080056795942545e-02	2.791299481744541691e-02	2.960891220718622069e-02
7.812500000000000163e-06	1.135825064957549264e-02	2.723429051193735490e-02	2.904622093774378300e-02
7.812500000000000163e-06	1.139646374315474164e-02	2.665217080353442236e-02	2.794408584013581207e-02
7.812500000000000163e-06	1.130712100420062580e-02	2.674570964912625567e-02	2.901561567559838434e-02
7.812500000000000163e-06	1.133459093701473692e-02	2.732989465066899826e-02	2.965902951546013286e-02
7.812500000000000163e-06	1.129958969516513777e-02	2.688934299022115171e-02	2.878332203254103591e-02
7.812500000000000163e-06	1.140797013685609929e-02	2.659395972939685923e-02	2.847681562416255405e-02
7.812500000000000163e-06	1.133641355506828652e-02	2.722731771932534670e-02	2.896995493210852146e-02
7.812500000000000163e-06	1.129842829663542728e-02	2.771333719637849441e-02	3.051657252945005894e-02
7.812500000000000163e-06	1.127428634427032721e-02	2.650173011367545559e-02	2.815033141523599555e-02
7.812500000000000163e-06	1.130601815871760084e-02	2.686224305875482485e-02	2.863198099657893181e-02
7.812500000000000163e-06	1.129218325839140107e-02	2.657191946380893510e-02	2.864177729934453895e-02
7.812500000000000163e-06	1.139257817597948141e-02	2.649372109548427806e-02	2.853863963391631980e-02
7.812500000000000163e-06	1.124735143758386936e-02	2.681652561844331470e-02	2.900103377178311209e-02
7.812500000000000163e-06	1.135564186415781787e-02	2.706586197506226713e-02	2.895189481787383695e-02
7.812500000000000163e-06	1.134626482006047613e-02	2.676117603047823909e-02	2.856382927857339243e-02
7.812500000000000163e-06	1.135078735878217518e-02	2.687300583689000710e-02	2.841994245536625524e-02
7.812500000000000163e-06	1.132877908431431310e-02	2.771767517503019237e-02	3.024071026593446593e-02
7.812500000000000163e-06	1.133410646940444418e-02	2.716475079099389331e-02	2.910592649132013460e-02
7.812500000000000163e-06	1.134846461590091268e-02	2.652625451888401473e-02	2.835069592110812595e-02
7.812500000000000163e-06	1.126246933281907156e-02	2.751719290926974565e-02	2.959025469608604977e-02
7.812500000000000163e-06	1.131795500494526749e-02	2.710914178824549645e-02	2.938232421874999861e-02
7.812500000000000163e-06	1.129799056825308776e-02	2.728880760479347745e-02	2.923088157549500604e-02
7.812500000000000163e-06	1.129020207982516823e-02	2.766115495359710436e-02	2.952582589350640635e-02
7.812500000000000163e-06	1.130045151935024465e-02	2.735339818005474294e-02	2.919194307178258826e-02
7.812500000000000163e-06	1.137140092459995415e-02	2.680238211498210676e-02	2.930152402259409566e-02
7.812500000000000163e-06	1.131942279614105151e-02	2.803871647518186780e-02	2.997039274778217147e-02
7.812500000000000163e-06	1.135126568096375167e-02	2.677574893703479550e-02	2.956738467328250478e-02
7.812500000000000163e-06	1.127646748873731807e-02	2.707427453386221719e-02	2.983610914088785648e-02
7.812500000000000163e-06	1.137778566177195458e-02	2.679880493910524741e-02	2.857781713828444481e-02
7.812500000000000163e-06	1.127710617204273104e-02	2.689502793437367409e-02	2.888612956739962032e-02
7.812500000000000163e-06	1.129332778096597822e-02	2.781067163493308736e-02	3.015949991531670024e-02
7.812500000000000163e-06	1.130499701471289475e-02	2.689082122832068752e-02	3.342142407782375951e-02
7.812500000000000163e-06	1.122476166079537131e-02	2.649050664293204141e-02	2.817310146056115766e-02
7.812500000000000163e-06	1.128611833679556489e-02	2.720899101717309809e-02	2.912788558751344681e-02
7.812500000000000163e-06	1.128476918032994200e-02	2.664182369758165414e-02	2.894424840342253377e-02
7.812500000000000163e-06	1.124321919236897713e-02	2.760230047208944368e-02	2.944989046081900735e-02
7.812500000000000163e-06	1.126439148400882641e-02	2.694359934201259396e-02	2.902964516542851786e-02
7.812500000000000163e-06	1.129334025169490344e-02	2.682632702300373831e-02	2.956283683888614316e-02
