1.000000000000000021e-03	4.121274036540064079e-01	3.175107866369616949e-01	3.070345394313335197e-01
1.000000000000000021e-03	2.627982944943587085e-01	2.238793316155828217e-01	2.208928856998682022e-01
1.000000000000000021e-03	2.321570751849408032e-01	2.049426590897025779e-01	1.961364977061748616e-01
1.000000000000000021e-03	2.112450604134690491e-01	1.845966763209297978e-01	1.754987448453903254e-01
1.000000000000000021e-03	1.929066236184529548e-01	1.930708026620729933e-01	1.866147330030799023e-01
1.000000000000000021e-03	1.829387847639711295e-01	1.645303406796530254e-01	1.562538145110011212e-01
1.000000000000000021e-03	1.728174614353260308e-01	2.008518136608662963e-01	1.971332971006631851e-01
1.000000000000000021e-03	1.604227791819342330e-01	1.210620572195627298e-01	1.141630057245492935e-01
1.000000000000000021e-03	1.548395154303142396e-01	1.722851230992072658e-01	1.661920018494129070e-01
1.000000000000000021e-03	1.484975017533529673e-01	1.332723767501521606e-01	1.302784806117415484e-01
1.000000000000000021e-03	1.424821079158727355e-01	1.499291221118722317e-01	1.428157921880483516e-01
1.000000000000000021e-03	1.404470254587461275e-01	9.210256890866769242e-02	8.625904107466339510e-02
1.000000000000000021e-03	1.334657242641919261e-01	1.436692585885836759e-01	1.360460469499230329e-01
1.000000000000000021e-03	1.293145461271258678e-01	9.622145619691978291e-02	8.937893193215132315e-02
1.000000000000000021e-03	1.271254097183580067e-01	1.024001165834396987e-01	9.552130531519650858e-02
1.000000000000000021e-03	1.209724140551251131e-01	9.382144192048393061e-02	8.788382355123758316e-02
1.000000000000000021e-03	1.164225176336496220e-01	8.566333314511163921e-02	7.887751162052154819e-02
1.000000000000000021e-03	1.148079155861395223e-01	9.034859705033726485e-02	8.310873899608850479e-02
1.000000000000000021e-03	1.108377651680410442e-01	8.614058831599370747e-02	8.013043701648711603e-02
1.000000000000000021e-03	1.059283837654377003e-01	9.467383064524666214e-02	8.656299095600843152e-02
1.000000000000000021e-03	1.044240946718396762e-01	9.634199256750301810e-02	9.188717789947986603e-02
1.000000000000000021e-03	9.981375388961465089e-02	1.005033414947424930e-01	8.941907342523336411e-02
1.000000000000000021e-03	9.383767807055448662e-02	8.611867818688846710e-02	7.910183258354663849e-02
1.000000000000000021e-03	9.560473509232550460e-02	7.938435827796372357e-02	7.212345404550432604e-02
1.000000000000000021e-03	9.256595381822192714e-02	8.365339696095251687e-02	7.751901429146527966e-02
1.000000000000000021e-03	8.934994523238483366e-02	9.267602712696135225e-02	8.536608461290598471e-02
1.000000000000000021e-03	8.764814902931331031e-02	7.154061058194849387e-02	6.324726697057485303e-02
1.000000000000000021e-03	8.568994783692890360e-02	9.113465524546762730e-02	8.307840116322040558e-02
1.000000000000000021e-03	8.323544313250204330e-02	7.785033378067440779e-02	6.982051469385623654e-02
1.000000000000000021e-03	8.275739132161748224e-02	7.347806272004286932e-02	6.468819398432970602e-02
1.000000000000000021e-03	8.395479795473685669e-02	7.992076230142752813e-02	7.479847390204667767e-02
1.000000000000000021e-03	7.767223733856000456e-02	6.754723243922462761e-02	6.598540842533111295e-02
1.000000000000000021e-03	7.573088285593947144e-02	7.600205282422260733e-02	6.837749481201171875e-02
1.000000000000000021e-03	7.454349158452026891e-02	9.150879196237518554e-02	9.024584516882896978e-02
1.000000000000000021e-03	7.444738935833063176e-02	1.098777999350537826e-01	1.014048753306269618e-01
1.000000000000000021e-03	7.275752788664227588e-02	7.035573809870875051e-02	7.861589305102825720e-02
1.000000000000000021e-03	7.262651411217267705e-02	7.918864141428033632e-02	8.485480444505810738e-02
1.000000000000000021e-03	7.007427314873904134e-02	6.903335557402116851e-02	7.041202168911694925e-02
1.000000000000000021e-03	6.912189680235616973e-02	8.350808875567002076e-02	8.228652132675051689e-02
1.000000000000000021e-03	6.599084456050860470e-02	6.718814433479183834e-02	6.820616060867905339e-02
1.000000000000000021e-03	6.693790045118803989e-02	6.792747188379003043e-02	6.885556401684880812e-02
1.000000000000000021e-03	6.726725096313186658e-02	8.809127073481444470e-02	8.437272896990180571e-02
1.000000000000000021e-03	6.372550326665520071e-02	1.092036799649605538e-01	1.114917082712054280e-01
1.000000000000000021e-03	6.349594315482545714e-02	5.952181411585258375e-02	5.935378568246960779e-02
1.000000000000000021e-03	6.387231069865650923e-02	6.767010698533806878e-02	7.114400267601013461e-02
1.000000000000000021e-03	6.483171466107351399e-02	7.876950164974047541e-02	8.168415203690529425e-02
1.000000000000000021e-03	6.324766729939393373e-02	7.867769779959274401e-02	8.843528479337692261e-02
1.000000000000000021e-03	6.191729470749383901e-02	6.585605951581949280e-02	7.689336016774177274e-02
1.000000000000000021e-03	6.088338442116438681e-02	6.966490255600495118e-02	8.474916778504848480e-02
1.000000000000000021e-03	6.048997407080199118e-02	6.304976671778095287e-02	6.596149085089564323e-02
1.000000000000000021e-03	6.065964475577483722e-02	7.920389127044777378e-02	1.530366870574653149e-01
1.000000000000000021e-03	5.851581437841552047e-02	6.945842681988995126e-02	7.882037525996565819e-02
1.000000000000000021e-03	5.869036998302871316e-02	6.888125715923558434e-02	6.780798304826021750e-02
1.000000000000000021e-03	5.756533562859662140e-02	6.297259498875178163e-02	7.054977677762508392e-02
1.000000000000000021e-03	5.798722731427372740e-02	5.700906549448742089e-02	5.979342106729745865e-02
1.000000000000000021e-03	5.794174308439477283e-02	6.226702217812313256e-02	6.712799035012721738e-02
1.000000000000000021e-03	5.881201367068942393e-02	6.302133487313205107e-02	5.953687699511647086e-02
1.000000000000000021e-03	5.650790419522726954e-02	6.676694922422239664e-02	7.916329363361000737e-02
1.000000000000000021e-03	5.687662482547718723e-02	6.030322392885597432e-02	6.157638411968946457e-02
1.000000000000000021e-03	5.768578528378368736e-02	5.583625173693552296e-02	6.080300370231270929e-02
1.000000000000000021e-03	5.545898841357009557e-02	6.605507378802873142e-02	7.243143692612648288e-02
1.000000000000000021e-03	5.462362315806973401e-02	5.884209255741528616e-02	6.829268634319304865e-02
1.000000000000000021e-03	5.647874966809886960e-02	5.233940456784208495e-02	5.107550555840134621e-02
1.000000000000000021e-03	5.349719920100827475e-02	5.860275584053618869e-02	5.833784160204232017e-02
1.000000000000000021e-03	5.280946691830953194e-02	6.514741737805111732e-02	7.376926317811012546e-02
1.000000000000000021e-03	5.358209515910394155e-02	5.935874987023039007e-02	6.124586123041808605e-02
1.000000000000000021e-03	5.132997972937328179e-02	5.858373860414115702e-02	6.871494296938181201e-02
1.000000000000000021e-03	5.318219898297836534e-02	5.749991395710650488e-02	6.327410535886883458e-02
1.000000000000000021e-03	5.219804995204037346e-02	6.172478897253256408e-02	6.605576258152723312e-02
1.000000000000000021e-03	5.054978948517758336e-02	5.307421801094921315e-02	6.038461448624730249e-02
1.000000000000000021e-03	5.157475279554196018e-02	5.699612789285120329e-02	5.588370598852634291e-02
1.000000000000000021e-03	5.165046414467677066e-02	5.191024355785384820e-02	6.138790082186460634e-02
1.000000000000000021e-03	5.175873484091920995e-02	5.783178003904707043e-02	5.614796220324933668e-02
1.000000000000000021e-03	5.094103010207709503e-02	5.682258857950490266e-02	6.483588712289929668e-02
1.000000000000000021e-03	4.798226741561368441e-02	5.568581246112653399e-02	6.345232669264078140e-02
1.000000000000000021e-03	4.994601501805308319e-02	6.263354301686686887e-02	6.839433219283819199e-02
1.000000000000000021e-03	5.038826442808519435e-02	6.159208022565117874e-02	6.072408668696880479e-02
1.000000000000000021e-03	5.024194110503475696e-02	5.823870167058176062e-02	6.810813071206212044e-02
1.000000000000000021e-03	4.708643452009189656e-02	5.848621598479011169e-02	7.294069100171327036e-02
1.000000000000000021e-03	4.764203358183703024e-02	6.141909976436205759e-02	6.842250823974609097e-02
1.000000000000000021e-03	4.732579215082441393e-02	6.307164521117485101e-02	7.032227423042058945e-02
1.000000000000000021e-03	4.697318721525782503e-02	6.882483590179712396e-02	6.179667380638420582e-02
1.000000000000000021e-03	4.804711295763131745e-02	4.958294792325084605e-02	5.144222006201744357e-02
1.000000000000000021e-03	4.704441246319261000e-02	5.282452807844621040e-02	5.743404384702444077e-02
1.000000000000000021e-03	4.660833625576917688e-02	4.800991370727878543e-02	5.355385486036538800e-02
1.000000000000000021e-03	4.611565295331626624e-02	4.723173847997375746e-02	5.331822670996189117e-02
1.000000000000000021e-03	4.554360647484825136e-02	4.576670839719435002e-02	5.202870341017842154e-02
1.000000000000000021e-03	4.521514054598019250e-02	5.210264729267639894e-02	5.471508717164397240e-02
1.000000000000000021e-03	4.740215730140936307e-02	5.327466656868370259e-02	6.120245503261685649e-02
1.000000000000000021e-03	4.521150438417315121e-02	4.595158732842400534e-02	5.307629699818790237e-02
1.000000000000000021e-03	4.405789494128716649e-02	4.534261631754992611e-02	4.901308086700737615e-02
1.000000000000000021e-03	4.498849713816207435e-02	5.228624910272228893e-02	5.572141609154641906e-02
1.000000000000000021e-03	4.566492037246260710e-02	5.494033246842354445e-02	5.854129120707511624e-02
1.000000000000000021e-03	4.439008287075579817e-02	5.290158904347744273e-02	5.822458155453204970e-02
1.000000000000000021e-03	4.337364405289578090e-02	4.883165571702088176e-02	5.702716340310871879e-02
1.000000000000000021e-03	4.309348636233682056e-02	5.080388564401896317e-02	5.664640977047383924e-02
1.000000000000000021e-03	4.371097167263619104e-02	4.670933434125328770e-02	5.222527962177991867e-02
1.000000000000000021e-03	4.199679313664210489e-02	6.768847773758528141e-02	7.560338340699672421e-02
1.000000000000000021e-03	4.371297119457302760e-02	4.843671022090300510e-02	5.595423206686973849e-02
1.000000000000000021e-03	4.447424364530325885e-02	5.099848962110999084e-02	5.921740676276385923e-02
1.000000000000000021e-03	4.294288226572873929e-02	4.848992803099892029e-02	5.482360301539301872e-02
1.000000000000000021e-03	4.147434476578804041e-02	4.358716225202795280e-02	4.838632941246032854e-02
1.000000000000000021e-03	4.227067259806162325e-02	5.193808048729497279e-02	5.626469077542424480e-02
1.000000000000000021e-03	4.054724151044303976e-02	4.700596971895681930e-02	5.352854630909860412e-02
1.000000000000000021e-03	4.149774318737578516e-02	5.444703473470598187e-02	4.905892163515090942e-02
1.000000000000000021e-03	4.381749970668308292e-02	4.497077408690414863e-02	5.149043994024395804e-02
1.000000000000000021e-03	4.058065460025050281e-02	4.992239752599082064e-02	5.852330699563026289e-02
1.000000000000000021e-03	4.213861286544813567e-02	5.942177854439351092e-02	6.401880877092480659e-02
1.000000000000000021e-03	4.293539991397508221e-02	5.247666398112062203e-02	5.208043614402413368e-02
1.000000000000000021e-03	4.227099943106399360e-02	5.140656222106586293e-02	5.753743038512766639e-02
1.000000000000000021e-03	4.247011041670708392e-02	4.544350541933044746e-02	5.516064334660768231e-02
1.000000000000000021e-03	4.009323066545822378e-02	4.857446660936190486e-02	5.480635147541761121e-02
1.000000000000000021e-03	4.226175205995517936e-02	5.635753664046681821e-02	5.999904233030974726e-02
1.000000000000000021e-03	4.101274161013910430e-02	4.933483824523955674e-02	4.906044052913784842e-02
1.000000000000000021e-03	4.431622572039503605e-02	4.573204183063581812e-02	5.076906559988856454e-02
1.000000000000000021e-03	4.084712681926704753e-02	5.599749924039653520e-02	6.167466761544346948e-02
1.000000000000000021e-03	3.847788191720661471e-02	4.722673720948358800e-02	5.379981673322618146e-02
1.000000000000000021e-03	4.230103266510490401e-02	4.822046237544239805e-02	4.814223954454064508e-02
1.000000000000000021e-03	4.111167017333620943e-02	4.342432911093322551e-02	4.845222532749175748e-02
1.000000000000000021e-03	3.950846026726868854e-02	4.602708851830809855e-02	5.139371179975569387e-02
1.000000000000000021e-03	3.879032533782696135e-02	4.241508415154137540e-02	4.623654433526099006e-02
1.000000000000000021e-03	3.865262412874070214e-02	5.258439373985634990e-02	5.661087501794100085e-02
1.000000000000000021e-03	3.877512066732873020e-02	4.626213645084677889e-02	4.982895520515739918e-02
1.000000000000000021e-03	3.885836014226122515e-02	4.053501583908864642e-02	4.485308318398893018e-02
1.000000000000000021e-03	3.864456084082818627e-02	4.756187981101855228e-02	4.578951345756650249e-02
1.000000000000000021e-03	3.880276181965355842e-02	4.385667126528255272e-02	4.822802399285137931e-02
1.000000000000000021e-03	3.791836495313483796e-02	4.490717094762163020e-02	4.918581023812294145e-02
1.000000000000000021e-03	3.734052862696796149e-02	4.403164137291346730e-02	4.566156403161585053e-02
1.000000000000000021e-03	3.737264874522910896e-02	7.157244753697156181e-02	7.745325192809104919e-02
1.000000000000000021e-03	3.824564852925703418e-02	4.251422343960919309e-02	4.621811057440936704e-02
1.000000000000000021e-03	3.690582886229877568e-02	4.224063045496403990e-02	4.733894206583499908e-02
1.000000000000000021e-03	3.619713102721453662e-02	4.345478920061238842e-02	5.089825624600052834e-02
1.000000000000000021e-03	3.795874007089565516e-02	5.186591036032631857e-02	5.570290219038724622e-02
1.000000000000000021e-03	3.707869157277442207e-02	3.884336353323534358e-02	4.404720850288867950e-02
1.000000000000000021e-03	3.640868241501589442e-02	5.396617869041977350e-02	5.671493969857692441e-02
1.000000000000000021e-03	3.731670438129413431e-02	4.617214882600057663e-02	4.869066961109638075e-02
1.000000000000000021e-03	3.787971694085263963e-02	4.047843644210181308e-02	4.385130144655704360e-02
1.000000000000000021e-03	3.668469717100895228e-02	4.493624855476523877e-02	4.944158061407506743e-02
1.000000000000000021e-03	3.517061345378904441e-02	4.452987318536685835e-02	4.741684338077902655e-02
1.000000000000000021e-03	3.721042090962971977e-02	5.209544236669365336e-02	5.174254402518272539e-02
1.000000000000000021e-03	3.746291469845437760e-02	4.609110256101136421e-02	4.930940540507435660e-02
1.000000000000000021e-03	3.496961186381535025e-02	4.084660110907405162e-02	4.466570890508592129e-02
1.000000000000000021e-03	3.574926914878020362e-02	3.838122499550824379e-02	4.318953282199800014e-02
1.000000000000000021e-03	3.474386339360299031e-02	4.029016505868335263e-02	4.614150375127792220e-02
1.000000000000000021e-03	3.646813755624165460e-02	4.563353487646392564e-02	4.938230868428945819e-02
1.000000000000000021e-03	3.443473705793272804e-02	3.923179374042293915e-02	4.189012353308498721e-02
1.000000000000000021e-03	3.801133029635317406e-02	4.214844621561896626e-02	4.536685687489807467e-02
1.000000000000000021e-03	3.573531935174600882e-02	4.442878605807638881e-02	5.038307239301502427e-02
1.000000000000000021e-03	3.574411693685203284e-02	4.699603735386389397e-02	5.243423478677868704e-02
1.000000000000000021e-03	3.444099051681731583e-02	4.269462713669419651e-02	4.667560057714581490e-02
1.000000000000000021e-03	3.486173238915159928e-02	3.875899529425885781e-02	4.236710807308554511e-02
1.000000000000000021e-03	3.388958891128786288e-02	4.152464514588498357e-02	4.636585046537220617e-02
1.000000000000000021e-03	3.462354110476927732e-02	5.072338184761127078e-02	5.498137753456831117e-02
1.000000000000000021e-03	3.448843532537151924e-02	4.210702865262618000e-02	4.502021893858909607e-02
1.000000000000000021e-03	3.345981498160564838e-02	4.478945247633919075e-02	4.788385136052965979e-02
1.000000000000000021e-03	3.403220434606491623e-02	4.114534064191174151e-02	4.519863356836140156e-02
1.000000000000000021e-03	3.417726146049663433e-02	4.662971729071352378e-02	5.035516498610377589e-02
1.000000000000000021e-03	3.486469525403931846e-02	4.181084771157871083e-02	4.468112215399742265e-02
1.000000000000000021e-03	3.378992378950084613e-02	5.625970413937618486e-02	5.681622084230184694e-02
1.000000000000000021e-03	3.536011762223561367e-02	4.237517648186359120e-02	4.502901583909988542e-02
1.000000000000000021e-03	3.312786133042111558e-02	4.542715248715190751e-02	4.845257010310888290e-02
1.000000000000000021e-03	3.394771036391274616e-02	8.293677542690207349e-02	8.762480895966291705e-02
1.000000000000000021e-03	3.472129267885838699e-02	4.092615195281842921e-02	4.407121175900101384e-02
1.000000000000000021e-03	3.266636987713584378e-02	3.795263006386020294e-02	4.225313887000083785e-02
1.000000000000000021e-03	3.420540932273365142e-02	4.972107579726823406e-02	5.283113680779934207e-02
1.000000000000000021e-03	3.273179898620379863e-02	3.901659887459577730e-02	4.210988394916057725e-02
1.000000000000000021e-03	3.311172320923013584e-02	4.105371478652454498e-02	4.187190136872231960e-02
1.000000000000000021e-03	3.354497189206082780e-02	4.801368580750769999e-02	5.130623029544949254e-02
1.000000000000000021e-03	3.316022624836507254e-02	4.608682381154979163e-02	4.946481138467788419e-02
1.000000000000000021e-03	3.326322425020302592e-02	4.131038220726070825e-02	4.660898409783840318e-02
1.000000000000000021e-03	3.239488825657084459e-02	3.820110244081594691e-02	4.371902239508927007e-02
1.000000000000000021e-03	3.261121144651534659e-02	4.563969603851827928e-02	4.514342648908496042e-02
1.000000000000000021e-03	3.391659634058873801e-02	4.268525697837013272e-02	4.648470180109143257e-02
1.000000000000000021e-03	3.310222885180795493e-02	3.814216951854253884e-02	4.128981456160545072e-02
1.000000000000000021e-03	3.440162946576812847e-02	4.074984455373898556e-02	4.405935537070036073e-02
1.000000000000000021e-03	3.955241519504851255e-02	3.933732949821424490e-02	4.221256957389414588e-02
1.000000000000000021e-03	3.496459285647907783e-02	3.989929349907717776e-02	4.610873740166425427e-02
1.000000000000000021e-03	3.229797435593924348e-02	3.838299104641557102e-02	4.171069916337728778e-02
1.000000000000000021e-03	3.356045309655745351e-02	4.236212860383288537e-02	5.072709810920059820e-02
1.000000000000000021e-03	3.283828340683168923e-02	4.331625548449798135e-02	4.987826454453170300e-02
1.000000000000000021e-03	3.444887761735271337e-02	3.784953796972779366e-02	4.222367131151259084e-02
1.000000000000000021e-03	3.231896227957066492e-02	4.048299000486341170e-02	4.473468903452158113e-02
1.000000000000000021e-03	3.206571051011153362e-02	3.797504228798194437e-02	4.121568796690553566e-02
1.000000000000000021e-03	3.151241744640367187e-02	4.434344439684408806e-02	4.796248860657215118e-02
1.000000000000000021e-03	3.163733207764252153e-02	4.235649624771160859e-02	4.623676133342087546e-02
1.000000000000000021e-03	3.188199160047365532e-02	4.126682932152173772e-02	4.503408232703805247e-02
1.000000000000000021e-03	3.186433146306253544e-02	4.213882598499352899e-02	4.693944468162954131e-02
1.000000000000000021e-03	3.463884811672864744e-02	4.119613700356158925e-02	3.938104803673923154e-02
1.000000000000000021e-03	3.191254745330173587e-02	4.533803784800449765e-02	5.044375462457537790e-02
1.000000000000000021e-03	3.196512857032696164e-02	3.841594980142191279e-02	3.988799601793289323e-02
1.000000000000000021e-03	3.221403760158301349e-02	4.538708153858547062e-02	4.836502852849662581e-02
1.000000000000000021e-03	3.155947488327925238e-02	3.643831583373833422e-02	3.993644327856600562e-02
1.000000000000000021e-03	3.044308905466446002e-02	3.860386836474166694e-02	4.270834480412304124e-02
1.000000000000000021e-03	3.063582015343534887e-02	4.149700360889522349e-02	4.390181782655418197e-02
1.000000000000000021e-03	3.281157100470243754e-02	4.097546393256536884e-02	4.325392944738268991e-02
1.000000000000000021e-03	3.117501793224462109e-02	4.023101892692880488e-02	4.403883875347673615e-02
1.000000000000000021e-03	3.017634647795979300e-02	3.559642231472187612e-02	4.050348643213510375e-02
1.000000000000000021e-03	3.073425299513471778e-02	4.342184547354413504e-02	4.663144629448652545e-02
1.000000000000000021e-03	3.290071110758516215e-02	4.414818038998161859e-02	4.783783284947275977e-02
1.000000000000000021e-03	3.192312041987784704e-02	3.916560160239953431e-02	3.901912989094853679e-02
1.000000000000000021e-03	3.086270139795912679e-02	3.454005726032856327e-02	3.808281924575566968e-02
1.000000000000000021e-03	2.990561642875291457e-02	4.392403088197970040e-02	4.662800817750394067e-02
1.000000000000000021e-03	2.995440695345956417e-02	3.622666894609391508e-02	4.005893156863749027e-02
1.000000000000000021e-03	3.002862211852104155e-02	3.504860220740290550e-02	3.933092337101697783e-02
1.000000000000000021e-03	2.939212423764979779e-02	4.332278371442362802e-02	4.594119950197637220e-02
1.000000000000000021e-03	2.946354793910199374e-02	3.565876438472595500e-02	4.028803878463804722e-02
1.000000000000000021e-03	2.985128700741853172e-02	3.955473113044394307e-02	4.059148756787180762e-02
1.000000000000000021e-03	2.962889309068832827e-02	3.886864000824109128e-02	4.469297355972230712e-02
1.000000000000000021e-03	3.006919494755848007e-02	3.596677145486727040e-02	3.861241526901722232e-02
1.000000000000000021e-03	2.989390069416194770e-02	3.567363444657226101e-02	4.044348490424454212e-02
1.000000000000000021e-03	3.159576343993345665e-02	3.508896479158813558e-02	4.053731397725642005e-02
1.000000000000000021e-03	2.893897412868174507e-02	3.714045746671279513e-02	4.166815928183496137e-02
1.000000000000000021e-03	2.966074804694691230e-02	3.510809332834488594e-02	3.880472886376083036e-02
1.000000000000000021e-03	2.999718123510557860e-02	3.611223502035852684e-02	3.982546157203614712e-02
1.000000000000000021e-03	2.993547156509477822e-02	4.338656816417010148e-02	4.832945149391889433e-02
1.000000000000000021e-03	2.916102094327626890e-02	3.365792258988812430e-02	3.639791533350944519e-02
1.000000000000000021e-03	2.888432346661469474e-02	3.477137422686472218e-02	4.023979445919394216e-02
1.000000000000000021e-03	2.877675457692305955e-02	3.570115782749590239e-02	3.862021951936185638e-02
1.000000000000000021e-03	2.943131545750362482e-02	3.775869391819569598e-02	4.030045545659959039e-02
1.000000000000000021e-03	2.890902635960505493e-02	3.592094429890523022e-02	3.941399226896465102e-02
1.000000000000000021e-03	2.891980088302359767e-02	3.916405311039605069e-02	4.171887999400496205e-02
1.000000000000000021e-03	2.898675091499641407e-02	3.688894016229357642e-02	3.954657767899334708e-02
1.000000000000000021e-03	2.909237384002974144e-02	4.445119507376748408e-02	4.677768517285585403e-02
1.000000000000000021e-03	2.835917681750341202e-02	3.800170385907769566e-02	4.166106563061475893e-02
1.000000000000000021e-03	2.919063490770492861e-02	4.173275209105139355e-02	4.989009746350347996e-02
1.000000000000000021e-03	2.931726888177559748e-02	3.436879263654429167e-02	3.707023356109857837e-02
1.000000000000000021e-03	2.863847734563707004e-02	3.510676522334520849e-02	3.809249289333820065e-02
1.000000000000000021e-03	2.848265741243655169e-02	3.441116231352246702e-02	3.794714198447764197e-02
1.000000000000000021e-03	2.817855214503977787e-02	3.544827300996680752e-02	3.854343574494123459e-02
1.000000000000000021e-03	2.820159557290102120e-02	4.422007450414577878e-02	4.814746258780359944e-02
1.000000000000000021e-03	2.874200767932276468e-02	3.547821512826138113e-02	9.702606829814612588e-02
1.000000000000000021e-03	2.749484714387183046e-02	3.583133260656089919e-02	3.852455881424247941e-02
1.000000000000000021e-03	2.860264646874360536e-02	4.139815391826379837e-02	4.586616354063153406e-02
1.000000000000000021e-03	2.757329384321179078e-02	3.679277152018085167e-02	4.080775058828294000e-02
1.000000000000000021e-03	2.982527707606432571e-02	4.337992891669273376e-02	4.578533284366130551e-02
1.000000000000000021e-03	2.882316792974332076e-02	3.600595924632711553e-02	3.990488764829933782e-02
1.000000000000000021e-03	2.803491911005148718e-02	3.897270793339032563e-02	4.200140354223549227e-02
5.000000000000000104e-04	2.290408434145859221e-02	3.282298617728093837e-02	3.726012916304170808e-02
5.000000000000000104e-04	2.208203969522226986e-02	3.333960432578755850e-02	3.666550372727215429e-02
5.000000000000000104e-04	2.184891231290870400e-02	3.054073672371072912e-02	3.415659293532371382e-02
5.000000000000000104e-04	2.140155250186001959e-02	3.293748831873789112e-02	3.724259408190846304e-02
5.000000000000000104e-04	2.167721289855283409e-02	3.018906360482358220e-02	3.472406240180134912e-02
5.000000000000000104e-04	2.127053650608584298e-02	3.189958286769103285e-02	3.630370865575969358e-02
5.000000000000000104e-04	2.139811386604028795e-02	3.308560990811330177e-02	3.795384974218905111e-02
5.000000000000000104e-04	2.159482755152689407e-02	3.553680149126427212e-02	3.959125229157507697e-02
5.000000000000000104e-04	2.103875640838246200e-02	3.323433247848330691e-02	3.696524752303957662e-02
5.000000000000000104e-04	2.113093441832266522e-02	3.207146885429377342e-02	3.566589187830686292e-02
5.000000000000000104e-04	2.074432946631057581e-02	3.334596242112015246e-02	3.745089289732277116e-02
5.000000000000000104e-04	2.081032757771403632e-02	3.747304690835987634e-02	4.178865361027419428e-02
5.000000000000000104e-04	2.070486748947557645e-02	3.340593938037986904e-02	3.687000072095543424e-02
5.000000000000000104e-04	2.065890812038196495e-02	2.994988878203936125e-02	3.325892472639679909e-02
5.000000000000000104e-04	2.077045048998236304e-02	3.166553990535087015e-02	3.513061963021755357e-02
5.000000000000000104e-04	2.076490921547518437e-02	3.169031006269430045e-02	3.575258371420204917e-02
5.000000000000000104e-04	2.040438132914278516e-02	3.035157063673616165e-02	3.428038544952869554e-02
5.000000000000000104e-04	2.044304600445994574e-02	2.998790650077515219e-02	3.493053978309035301e-02
5.000000000000000104e-04	2.056067798897806206e-02	3.728685021907559433e-02	4.196611396037042141e-02
5.000000000000000104e-04	2.049203216596146362e-02	3.164549506420552549e-02	3.562488998286426206e-02
5.000000000000000104e-04	2.055039414740478937e-02	3.075126003649534395e-02	3.337918142788112025e-02
5.000000000000000104e-04	2.032375286445411641e-02	3.093773091494725000e-02	3.567495648749172826e-02
5.000000000000000104e-04	2.028272511657498722e-02	3.030416848264751509e-02	3.392722704447805743e-02
5.000000000000000104e-04	2.020805553761226975e-02	2.979687894865168385e-02	3.428983534686267515e-02
5.000000000000000104e-04	2.008517928001074884e-02	3.077041255358938313e-02	3.489334718324244022e-02
5.000000000000000104e-04	2.064971420144604691e-02	2.997115466997261543e-02	3.400931474752724032e-02
5.000000000000000104e-04	2.026863260288929228e-02	3.042362733739208819e-02	3.424916295334697047e-02
5.000000000000000104e-04	2.026063984789825551e-02	3.099566887264476253e-02	3.468871065415442267e-02
5.000000000000000104e-04	2.021005091546163035e-02	2.969245832042856359e-02	3.375293035060167313e-02
5.000000000000000104e-04	2.000392794743431624e-02	2.983524611327036460e-02	3.377827382646501203e-02
5.000000000000000104e-04	2.011519620859255481e-02	2.952387578863436071e-02	3.258371078409254273e-02
5.000000000000000104e-04	1.983913522237535851e-02	3.065601868935280416e-02	3.453014953993260860e-02
5.000000000000000104e-04	1.995756781002839403e-02	3.072683171842110691e-02	3.459124984219670573e-02
5.000000000000000104e-04	1.998477676041411286e-02	3.412342281202683514e-02	3.809448084793985029e-02
5.000000000000000104e-04	1.963843950766630195e-02	2.928080230327176695e-02	3.295516758225858212e-02
5.000000000000000104e-04	1.965915588764966665e-02	2.947151707729120038e-02	3.359960825182497363e-02
5.000000000000000104e-04	1.987579119039039471e-02	3.336365786210404583e-02	3.785951035097241679e-02
5.000000000000000104e-04	1.972939380742024310e-02	2.996594642157330082e-02	3.418826060369610509e-02
5.000000000000000104e-04	1.984951680026614609e-02	3.179863503895193066e-02	3.582293847575783452e-02
5.000000000000000104e-04	1.940561204047796737e-02	2.912293013711874518e-02	3.308016853407025337e-02
5.000000000000000104e-04	1.964847624373425652e-02	3.103358775416281690e-02	3.510947930626571317e-02
5.000000000000000104e-04	1.957424616125813879e-02	3.096885534481228289e-02	3.473440431989729266e-02
5.000000000000000104e-04	1.963206445836202657e-02	3.013545691147836644e-02	3.374725473113358160e-02
5.000000000000000104e-04	1.949149920860302268e-02	2.973360496119678911e-02	3.314408208243548731e-02
5.000000000000000104e-04	1.954560945544081899e-02	3.047065748906260460e-02	3.353678775019943575e-02
5.000000000000000104e-04	1.945759962654741368e-02	2.928902236598480285e-02	3.242174787446856776e-02
5.000000000000000104e-04	1.957680246781356298e-02	3.145994334749838139e-02	3.441679016686975678e-02
5.000000000000000104e-04	1.954859177516410362e-02	3.086853827988602153e-02	3.389787129126489024e-02
5.000000000000000104e-04	1.926814368099771801e-02	2.987055810100120931e-02	3.367690942250192027e-02
5.000000000000000104e-04	1.926044581123151356e-02	3.097709006000875717e-02	3.269266411662101468e-02
5.000000000000000104e-04	1.918627041402322028e-02	2.944486558983463315e-02	3.322098720818757872e-02
5.000000000000000104e-04	1.965358307657718781e-02	3.102352717862079390e-02	3.425455689430236678e-02
5.000000000000000104e-04	1.920369498587715801e-02	3.111637991253306257e-02	3.456743317656219006e-02
5.000000000000000104e-04	1.941967366611094259e-02	3.017212143314134537e-02	3.354732280131429711e-02
5.000000000000000104e-04	1.942614955505775690e-02	3.052984354578699641e-02	3.433224130421876769e-02
5.000000000000000104e-04	1.910409866710295959e-02	2.962256801261015440e-02	3.329333709552884102e-02
5.000000000000000104e-04	1.912742920941551406e-02	2.919899930699645582e-02	3.320649252273142477e-02
5.000000000000000104e-04	1.908389063971361113e-02	3.422764957887339948e-02	3.884476535022259036e-02
5.000000000000000104e-04	1.888883569661945969e-02	2.948463331732450315e-02	3.294111071154474935e-02
5.000000000000000104e-04	1.920618866302111968e-02	3.071896439291419909e-02	3.467210112139582773e-02
5.000000000000000104e-04	1.928031956966600249e-02	3.049890434671758896e-02	3.475806266069412370e-02
2.500000000000000052e-04	1.664974526710778086e-02	2.908755410755179890e-02	3.257498014718294282e-02
2.500000000000000052e-04	1.651185777942027616e-02	2.904919249186029007e-02	3.408524380065500875e-02
2.500000000000000052e-04	1.619660739102652888e-02	2.898778699591990013e-02	3.280894705094396929e-02
2.500000000000000052e-04	1.616986228479262017e-02	2.786452423644627738e-02	3.156357868574559411e-02
2.500000000000000052e-04	1.638140367184737906e-02	2.941847941716304107e-02	3.331034700386226177e-02
2.500000000000000052e-04	1.629476853087761037e-02	2.999708766400501977e-02	3.366552819497883181e-02
2.500000000000000052e-04	1.599174326663883525e-02	2.965410300457352669e-02	3.336571031250059466e-02
2.500000000000000052e-04	1.604115182329066830e-02	2.888745858446153600e-02	3.276717141270637373e-02
2.500000000000000052e-04	1.615379491323576042e-02	2.876028017243321619e-02	3.235587715171277245e-02
2.500000000000000052e-04	1.605487916371533055e-02	2.773233953161233223e-02	3.143136429134756049e-02
2.500000000000000052e-04	1.590903008106387198e-02	2.944331465981393434e-02	3.374536307528615275e-02
2.500000000000000052e-04	1.607386629872453038e-02	2.819859352040821401e-02	3.163990473840385537e-02
2.500000000000000052e-04	1.588221390879539230e-02	2.857714322888102107e-02	3.230834500864147862e-02
2.500000000000000052e-04	1.587110031677876898e-02	3.173879160501882207e-02	3.545322681311517676e-02
2.500000000000000052e-04	1.591774624614711309e-02	2.765776354975569423e-02	3.125344887375831882e-02
2.500000000000000052e-04	1.578558081952793207e-02	2.820163318663055502e-02	3.203803102951496840e-02
2.500000000000000052e-04	1.584494550435556343e-02	2.754057830696954659e-02	3.235103865154087543e-02
2.500000000000000052e-04	1.578855789101283463e-02	2.886809337474600945e-02	3.303933772258460522e-02
2.500000000000000052e-04	1.574120300682722157e-02	2.925988759708966422e-02	3.303513950668275634e-02
2.500000000000000052e-04	1.576044945313945927e-02	2.902481759561918034e-02	3.259342331439256391e-02
2.500000000000000052e-04	1.582419204104685076e-02	2.913650721116527870e-02	3.294057468883693218e-02
2.500000000000000052e-04	1.581074495124237811e-02	2.881938669128411568e-02	3.276802664622664729e-02
2.500000000000000052e-04	1.584791535551704697e-02	2.808412363391896149e-02	3.148244535550474843e-02
2.500000000000000052e-04	1.559517934426465913e-02	2.995863880630562914e-02	3.423504033125936846e-02
2.500000000000000052e-04	1.554300942538937823e-02	2.863691220576850688e-02	3.221951350569725314e-02
2.500000000000000052e-04	1.565524816151151258e-02	3.085060016842100516e-02	3.445260813459753713e-02
2.500000000000000052e-04	1.572487759769587018e-02	2.923186024875228800e-02	3.250506324693560462e-02
2.500000000000000052e-04	1.580361200202908684e-02	2.737952813174555911e-02	3.136610784567892690e-02
2.500000000000000052e-04	1.567257501817741205e-02	2.965980391773877928e-02	3.341133105568587502e-02
2.500000000000000052e-04	1.561120717009879463e-02	2.763730830742114342e-02	3.140455996617674828e-02
2.500000000000000052e-04	1.539531935422468363e-02	2.766049835655389616e-02	3.112063137814402580e-02
2.500000000000000052e-04	1.549863878587708424e-02	2.826667032862833009e-02	3.229919499717652520e-02
2.500000000000000052e-04	1.543449186473443320e-02	2.867380493559450530e-02	3.253214103169739524e-02
2.500000000000000052e-04	1.554380732286697597e-02	2.772714710594471887e-02	3.162583317607640943e-02
2.500000000000000052e-04	1.550512205443110338e-02	2.952430468462212410e-02	3.322136937640607357e-02
2.500000000000000052e-04	1.544113836287498535e-02	2.872826669033597125e-02	3.258010419085621834e-02
2.500000000000000052e-04	1.541517817574039086e-02	2.891932311833528974e-02	3.231419473886489729e-02
2.500000000000000052e-04	1.539073732950837874e-02	2.804520649650178027e-02	3.158680526539683203e-02
2.500000000000000052e-04	1.560157370212346406e-02	3.046147490203068506e-02	3.506897636689245562e-02
2.500000000000000052e-04	1.531451011760297937e-02	2.826664864977929126e-02	3.212935067713260789e-02
2.500000000000000052e-04	1.540633146133687723e-02	3.011697207952981209e-02	3.407067442312836786e-02
2.500000000000000052e-04	1.531080161928350357e-02	3.165167320461173550e-02	3.533907718956470767e-02
2.500000000000000052e-04	1.538640012235368247e-02	2.850253311478342585e-02	3.224629648029804507e-02
2.500000000000000052e-04	1.540364128054748719e-02	2.827573760232220124e-02	3.203403321094810963e-02
2.500000000000000052e-04	1.535097807548277057e-02	2.793106555704670882e-02	3.182330927811562876e-02
2.500000000000000052e-04	1.534692962004338863e-02	2.802489785214213117e-02	3.161475579254328927e-02
2.500000000000000052e-04	1.511094027749843027e-02	2.959123383524842402e-02	3.326190523803233823e-02
2.500000000000000052e-04	1.518080468544733171e-02	2.816500543026712045e-02	3.170693852007389069e-02
2.500000000000000052e-04	1.550052899091465021e-02	2.802887647680899277e-02	3.154613808728754659e-02
1.250000000000000026e-04	1.404098882391363948e-02	2.775465981810504995e-02	3.102740165777504583e-02
1.250000000000000026e-04	1.385920531256747482e-02	2.981271054498188175e-02	3.287256392650306225e-02
1.250000000000000026e-04	1.387593280518597573e-02	2.933746359813275625e-02	3.279038704931735992e-02
1.250000000000000026e-04	1.383342742302290894e-02	2.783044111666254858e-02	3.124164666514843772e-02
1.250000000000000026e-04	1.372413793031544531e-02	2.738490063911645095e-02	3.079226305708289077e-02
1.250000000000000026e-04	1.387908888537568892e-02	2.745122609767302116e-02	3.084285133518278529e-02
1.250000000000000026e-04	1.388990627347105357e-02	2.821217135999215184e-02	3.178677577525377412e-02
1.250000000000000026e-04	1.373073287685296073e-02	2.846790552724406259e-02	3.202865975908934792e-02
1.250000000000000026e-04	1.372895099454542536e-02	2.747085086845290486e-02	3.111151293851435046e-02
1.250000000000000026e-04	1.368423773939090107e-02	2.724911996129295716e-02	3.043763539753854136e-02
1.250000000000000026e-04	1.372662510012058121e-02	2.738566601073554735e-02	3.204585982020944496e-02
1.250000000000000026e-04	1.366602937967764143e-02	2.738379647087364407e-02	3.081439528614282608e-02
1.250000000000000026e-04	1.362144097375914825e-02	2.884936269314189103e-02	3.213063962757587572e-02
1.250000000000000026e-04	1.362196817710224252e-02	2.879684945051582540e-02	3.195702047087252418e-02
1.250000000000000026e-04	1.372217114824084323e-02	2.896131372264542508e-02	3.254968989640474181e-02
1.250000000000000026e-04	1.361314464715884277e-02	2.794675635300693586e-02	3.146298336796462397e-02
1.250000000000000026e-04	1.368130276162760235e-02	2.768628792690980972e-02	3.119344222359359334e-02
1.250000000000000026e-04	1.375750112908048772e-02	2.904097731980977842e-02	3.231023380067199469e-02
1.250000000000000026e-04	1.354247052872628240e-02	2.753048366257501364e-02	3.088733004406094690e-02
1.250000000000000026e-04	1.373628210742297399e-02	2.845705942743267589e-02	3.209927147254347524e-02
1.250000000000000026e-04	1.358922217648049491e-02	2.737921873760941135e-02	3.079722961410880089e-02
1.250000000000000026e-04	1.374558340909784113e-02	2.801983697213115618e-02	3.155035548843443394e-02
1.250000000000000026e-04	1.349397805595793295e-02	2.819538090124492150e-02	3.419042667374014993e-02
1.250000000000000026e-04	1.362070021527825303e-02	2.761439992729282020e-02	3.094833306968212266e-02
1.250000000000000026e-04	1.347812355635227138e-02	2.763050490336892498e-02	3.107508555985987256e-02
1.250000000000000026e-04	1.360533574087856301e-02	2.756132405855892670e-02	3.124865263234823803e-02
1.250000000000000026e-04	1.364514141637721348e-02	2.875489274439699261e-02	3.282616119831800738e-02
1.250000000000000026e-04	1.358220568051374255e-02	2.791601689581159687e-02	3.117746533825993538e-02
1.250000000000000026e-04	1.351498857188217911e-02	2.795779255477233785e-02	3.113961992785334656e-02
1.250000000000000026e-04	1.345595603818512676e-02	2.750970789411773254e-02	3.141295067034662047e-02
1.250000000000000026e-04	1.352829854163910620e-02	2.712594662641823473e-02	3.054650002159178118e-02
1.250000000000000026e-04	1.349618121463677656e-02	2.748495836239990900e-02	3.137193685397506038e-02
1.250000000000000026e-04	1.343083976854100511e-02	2.738598482537019790e-02	3.124704197980463644e-02
1.250000000000000026e-04	1.343719661885947256e-02	2.855450380105934924e-02	3.197494687046855549e-02
1.250000000000000026e-04	1.354609555096179634e-02	2.737597824703336472e-02	3.060245709493756433e-02
1.250000000000000026e-04	1.337792357313920787e-02	2.874173044534253721e-02	3.205952816642820835e-02
1.250000000000000026e-04	1.346725173600109120e-02	2.795784504040685695e-02	3.126856652088463168e-02
1.250000000000000026e-04	1.337694219752946778e-02	2.828357702228411277e-02	3.159200423397123814e-02
1.250000000000000026e-04	1.337576025382871889e-02	2.818701417229250300e-02	3.196928347460925579e-02
1.250000000000000026e-04	1.331871254245006742e-02	2.739169310622346226e-02	3.053877814672887464e-02
1.250000000000000026e-04	1.350019817847873324e-02	2.802776234195182570e-02	3.135846168734133382e-02
1.250000000000000026e-04	1.336420538882362487e-02	3.021123293416662359e-02	3.362099523656070232e-02
1.250000000000000026e-04	1.335197799460374063e-02	2.792451003595640413e-02	3.135469416156411171e-02
1.250000000000000026e-04	1.335919503807380011e-02	2.776092738498255746e-02	3.198983236216008941e-02
1.250000000000000026e-04	1.343897498608797106e-02	2.849714478468083623e-02	3.167104232124984264e-02
1.250000000000000026e-04	1.333577618481826543e-02	2.737593724445991014e-02	3.102371403947472642e-02
1.250000000000000026e-04	1.336042552459345764e-02	2.806323066509831127e-02	3.143159532919526100e-02
1.250000000000000026e-04	1.330752762542726508e-02	2.809262722340553908e-02	3.199736424721777439e-02
1.250000000000000026e-04	1.322259093185647327e-02	2.735674741595047268e-02	3.124745818786323071e-02
1.250000000000000026e-04	1.337304021437165334e-02	2.770387825034363594e-02	3.157595973461866518e-02
1.250000000000000026e-04	1.331620352096755944e-02	2.752808573124296276e-02	3.111689127981662889e-02
1.250000000000000026e-04	1.324094729113363747e-02	2.782170028859720298e-02	3.130614720284938951e-02
6.250000000000000130e-05	1.271976941764146711e-02	2.705988306454651035e-02	3.039576588198542734e-02
6.250000000000000130e-05	1.259620777434772992e-02	2.834828389584238134e-02	3.191967834718525271e-02
6.250000000000000130e-05	1.257483790931467928e-02	2.779525040565984997e-02	3.113401895388960908e-02
6.250000000000000130e-05	1.255142473013786536e-02	2.738230413128256088e-02	3.077373369596898486e-02
6.250000000000000130e-05	1.261981355444619785e-02	2.731017173019223074e-02	3.077679823618382354e-02
6.250000000000000130e-05	1.260345177632854648e-02	2.743524480221003203e-02	3.075366327539086342e-02
6.250000000000000130e-05	1.244329928662660407e-02	2.817925009193844935e-02	3.290551644749939442e-02
6.250000000000000130e-05	1.255182208739320793e-02	2.715813355881194213e-02	3.062210455536842207e-02
6.250000000000000130e-05	1.253815449708167891e-02	2.767304800626339129e-02	3.107402557507157187e-02
6.250000000000000130e-05	1.239387045352740788e-02	2.692877905472566835e-02	3.011550374794751475e-02
6.250000000000000130e-05	1.253245481565689982e-02	2.692695581281060249e-02	3.074391069822013378e-02
6.250000000000000130e-05	1.258671171302241237e-02	2.773450378387074325e-02	3.168274327181279382e-02
6.250000000000000130e-05	1.250638502204076685e-02	2.786225970853997702e-02	3.174181566573679170e-02
6.250000000000000130e-05	1.247323931120617770e-02	2.676099331571637693e-02	3.025420065969228883e-02
6.250000000000000130e-05	1.249216100143581837e-02	2.704451490603192176e-02	3.083611768670380116e-02
6.250000000000000130e-05	1.248071083301648988e-02	2.772274855231739513e-02	3.117513642646372457e-02
6.250000000000000130e-05	1.237408650650005139e-02	2.721763888851822313e-02	3.114221659488975932e-02
6.250000000000000130e-05	1.240238958537370588e-02	2.726671302018209356e-02	3.081451095640659263e-02
6.250000000000000130e-05	1.252590966805893630e-02	2.705232380689438776e-02	3.061220380477607320e-02
6.250000000000000130e-05	1.249625412947723106e-02	2.652351844919289756e-02	3.021632859017699818e-02
6.250000000000000130e-05	1.245357587807847076e-02	2.802917977590211468e-02	3.128869258798658987e-02
6.250000000000000130e-05	1.241288829996852437e-02	2.667766215074904995e-02	3.010786096565425465e-02
6.250000000000000130e-05	1.244120617733575872e-02	2.684142248441723569e-02	3.048279951326549053e-02
6.250000000000000130e-05	1.243728059362956065e-02	2.756054075288522781e-02	3.202307941392064372e-02
6.250000000000000130e-05	1.248828326137936887e-02	2.696317389938999998e-02	3.051609192043542793e-02
6.250000000000000130e-05	1.248844485153477110e-02	2.683382499377921088e-02	3.042615046724677155e-02
6.250000000000000130e-05	1.241770325230739068e-02	2.778813268755274749e-02	3.302058097906410833e-02
6.250000000000000130e-05	1.241605856887662528e-02	2.718750668289773853e-02	3.085106592625379632e-02
6.250000000000000130e-05	1.241729415356116091e-02	2.681860007852783848e-02	3.021222522947937181e-02
6.250000000000000130e-05	1.245294548159355669e-02	2.697888504791790334e-02	3.061455958522856305e-02
6.250000000000000130e-05	1.236180062858152628e-02	2.777733899048329819e-02	3.178490712307393412e-02
6.250000000000000130e-05	1.244472327586339244e-02	2.823145430125491295e-02	3.170584375038743019e-02
6.250000000000000130e-05	1.229161516600193668e-02	2.858516820633286507e-02	3.230105969123542309e-02
6.250000000000000130e-05	1.244921435549456445e-02	2.671797358045715359e-02	3.010006356053054194e-02
6.250000000000000130e-05	1.233222437919555790e-02	2.708067287598292863e-02	3.104626913554966311e-02
6.250000000000000130e-05	1.231576952218593236e-02	2.716637173111682152e-02	3.061081408523023267e-02
6.250000000000000130e-05	1.241069244504746337e-02	2.744325499064947244e-02	9.040906047448515892e-02
6.250000000000000130e-05	1.240041206410417984e-02	2.833976897445180526e-02	3.193079433403909345e-02
6.250000000000000130e-05	1.236395376239789005e-02	2.827126978462591103e-02	3.213121592998504500e-02
6.250000000000000130e-05	1.237946066305414122e-02	2.746292236821813726e-02	3.105558552779257367e-02
6.250000000000000130e-05	1.241045275084357892e-02	2.880450270348350328e-02	3.214864870533347407e-02
3.125000000000000065e-05	1.196534629589366024e-02	2.699827938706306912e-02	3.097616895101964335e-02
3.125000000000000065e-05	1.193182635293875762e-02	2.731327867593752803e-02	3.064713603816926479e-02
3.125000000000000065e-05	1.197234494286551938e-02	2.689932696813844212e-02	3.023511753417551517e-02
3.125000000000000065e-05	1.191070548775039623e-02	2.766850769656334710e-02	3.186258752830326696e-02
3.125000000000000065e-05	1.199384822649420673e-02	2.696243790587829828e-02	3.027969258837402006e-02
3.125000000000000065e-05	1.188262125911703632e-02	2.718176936525949078e-02	3.073089132085442612e-02
3.125000000000000065e-05	1.190273521859209691e-02	2.695326172107957372e-02	3.026273476425558190e-02
3.125000000000000065e-05	1.194790878304436907e-02	2.782991784990457990e-02	3.105606604367494583e-02
3.125000000000000065e-05	1.193056538063922214e-02	2.748869142022120418e-02	3.108667582273483276e-02
3.125000000000000065e-05	1.198044359096699270e-02	2.691621344087947662e-02	3.042318443767726491e-02
3.125000000000000065e-05	1.194050667239672688e-02	2.772144434476242134e-02	3.152720485813916007e-02
3.125000000000000065e-05	1.189314289296987577e-02	2.910952713750107612e-02	3.273568009026348730e-02
3.125000000000000065e-05	1.187052140462062193e-02	2.831162047128714734e-02	3.183317380025982996e-02
3.125000000000000065e-05	1.195468073911258415e-02	2.740645655357712776e-02	3.109349501319229672e-02
3.125000000000000065e-05	1.197441684763711663e-02	2.761816851677694959e-02	3.114315406419336865e-02
3.125000000000000065e-05	1.194703278070561626e-02	2.692438610853793018e-02	3.058276702649891446e-02
3.125000000000000065e-05	1.200486577309368974e-02	2.794062569542393043e-02	3.160762418992817124e-02
3.125000000000000065e-05	1.193076274653007141e-02	2.747749230526972883e-02	3.160926201380789141e-02
3.125000000000000065e-05	1.188866381948990372e-02	2.783670010171947554e-02	3.171127662062644958e-02
3.125000000000000065e-05	1.187055025422006221e-02	2.715889776993484286e-02	3.081531161442398886e-02
3.125000000000000065e-05	1.191226018532035719e-02	2.662021971517364305e-02	3.046600627712905268e-02
1.562500000000000033e-05	1.173686749670804080e-02	2.698776832932889280e-02	3.050805022940039635e-02
1.562500000000000033e-05	1.171005617230133806e-02	2.744629416439233610e-02	3.115087053738534520e-02
1.562500000000000033e-05	1.172900596772249657e-02	2.741144354703850886e-02	3.240100513212382932e-02
1.562500000000000033e-05	1.170324547261805855e-02	2.743493365270149170e-02	3.097253961022943328e-02
1.562500000000000033e-05	1.172780913532153052e-02	2.721783147237375605e-02	3.068614942021668027e-02
1.562500000000000033e-05	1.171323094341455290e-02	2.847008037512526943e-02	3.211341565474867821e-02
1.562500000000000033e-05	1.174963499815433535e-02	2.703521296342942248e-02	3.066390715539455553e-02
1.562500000000000033e-05	1.167991806586652845e-02	2.722080191353540637e-02	3.093366860412061214e-02
1.562500000000000033e-05	1.174631521865344107e-02	2.683230342723780248e-02	3.054215246811509132e-02
1.562500000000000033e-05	1.166276491250910034e-02	2.687632205228062884e-02	3.035221616737544467e-02
1.562500000000000033e-05	1.168770866019953544e-02	2.666914035902597652e-02	3.018143475055694649e-02
1.562500000000000033e-05	1.168741802443869909e-02	2.690910266136935930e-02	3.068047508131712536e-02
1.562500000000000033e-05	1.166122515537949995e-02	2.741432804321743480e-02	3.142342469654977460e-02
1.562500000000000033e-05	1.170959708905535551e-02	2.728761675528674699e-02	3.130048895254731317e-02
1.562500000000000033e-05	1.168422364462394503e-02	2.808656302617170558e-02	3.199503631331026415e-02
1.562500000000000033e-05	1.166626134288127267e-02	2.704594274543966823e-02	3.142577698454260965e-02
1.562500000000000033e-05	1.170524737947751040e-02	2.838294769768939449e-02	3.185658943839371482e-02
1.562500000000000033e-05	1.170430645328220977e-02	2.706755865462787472e-02	3.047672379761934280e-02
1.562500000000000033e-05	1.164604690919536500e-02	2.684712092055700078e-02	3.122993968427181105e-02
1.562500000000000033e-05	1.167605703787627860e-02	2.695305055953289147e-02	3.055637348443269660e-02
1.562500000000000033e-05	1.168268355240242515e-02	2.679005670434361427e-02	3.067695698700845242e-02
7.812500000000000163e-06	1.160178878959517573e-02	2.699689308659256395e-02	3.056680210866034170e-02
7.812500000000000163e-06	1.154479402084382551e-02	2.710224669524200283e-02	3.098896108567714830e-02
7.812500000000000163e-06	1.158328658839933613e-02	2.680348523000147809e-02	3.076234473846852641e-02
7.812500000000000163e-06	1.154193621336841585e-02	2.726023226332758079e-02	3.055629415903240303e-02
7.812500000000000163e-06	1.158871979183404184e-02	2.728989156187360682e-02	3.089376597199589014e-02
7.812500000000000163e-06	1.158745051320986784e-02	2.686330187987750681e-02	3.083317056298255990e-02
7.812500000000000163e-06	1.150829351245446705e-02	2.701460611055658823e-02	3.059816611930727889e-02
7.812500000000000163e-06	1.154421502643022610e-02	2.714358400358423545e-02	3.076813472434878488e-02
7.812500000000000163e-06	1.160358238982609966e-02	2.707179362705240677e-02	3.088594884611666272e-02
7.812500000000000163e-06	1.155125312431303126e-02	2.773991955629506040e-02	3.198614548891783038e-02
7.812500000000000163e-06	1.155356904426768465e-02	2.669754271829471656e-02	3.050057087093591829e-02
7.812500000000000163e-06	1.158211512465101393e-02	2.721478137631378955e-02	3.081739279441535542e-02
7.812500000000000163e-06	1.158291397674779573e-02	2.731598343173558679e-02	3.073680312372744153e-02
7.812500000000000163e-06	1.161614069368402044e-02	2.805612834063187996e-02	3.212425182573497295e-02
7.812500000000000163e-06	1.153357210393004748e-02	2.669378190120945404e-02	3.016431108117103438e-02
7.812500000000000163e-06	1.156346262457015085e-02	2.681392935928718010e-02	3.046163721010088782e-02
7.812500000000000163e-06	1.153502383888625922e-02	2.708033174861475961e-02	3.064715457148849825e-02
7.812500000000000163e-06	1.148281767346732117e-02	2.713491752041571892e-02	3.072903403080999921e-02
