1.000000000000000021e-03	4.117309846213697555e-01	5.914506256892418934e-01	5.716679804027080536e-01
1.000000000000000021e-03	2.627934563933173595e-01	2.274044470481223490e-01	2.183253996074199788e-01
1.000000000000000021e-03	2.283716476747225388e-01	5.772163047216325449e-01	5.653769969940185547e-01
1.000000000000000021e-03	2.075092943689724745e-01	2.571442301984857015e-01	2.482956152409315220e-01
1.000000000000000021e-03	1.941906632622568407e-01	1.914492727730286725e-01	1.803568027913570460e-01
1.000000000000000021e-03	1.826326571721334502e-01	2.702349294854708428e-01	2.598069921135902627e-01
1.000000000000000021e-03	1.722823918871299875e-01	1.314140010566611505e-01	1.253890918567776569e-01
1.000000000000000021e-03	1.603529999740183343e-01	2.701173309256268973e-01	2.601315852254629246e-01
1.000000000000000021e-03	1.531852177187687791e-01	1.125590002349533963e-01	1.124181443825364168e-01
1.000000000000000021e-03	1.452732370508625637e-01	1.100553821050683917e-01	1.021042197942733792e-01
1.000000000000000021e-03	1.389574180311106688e-01	1.072731096082956970e-01	9.745509717613458356e-02
1.000000000000000021e-03	1.322367189841051338e-01	1.092696757840860566e-01	1.025513136759400312e-01
1.000000000000000021e-03	1.244598969193029120e-01	1.200326210307201130e-01	1.121949436143040713e-01
1.000000000000000021e-03	1.212628827131786158e-01	1.210074956816528519e-01	1.153813427314162310e-01
1.000000000000000021e-03	1.163377225216978700e-01	1.220693724005634251e-01	1.146357968449592535e-01
1.000000000000000021e-03	1.115302678572535205e-01	1.032924629279768219e-01	9.326458815485239029e-02
1.000000000000000021e-03	1.086382379624266648e-01	1.066984754270283997e-01	9.640369527041911524e-02
1.000000000000000021e-03	1.050358121437760112e-01	8.358166831014043896e-02	7.596315648406744281e-02
1.000000000000000021e-03	1.030894093596879807e-01	9.335358167818079422e-02	8.093404658138751706e-02
1.000000000000000021e-03	9.987672398635091819e-02	8.765344863942779730e-02	7.958182357251644690e-02
1.000000000000000021e-03	9.697534161261724128e-02	7.967514958213137155e-02	6.907935431227088530e-02
1.000000000000000021e-03	9.248408999179184853e-02	9.571919594135583353e-02	8.765684328973293027e-02
1.000000000000000021e-03	9.149927761646257929e-02	9.776757376668340771e-02	8.876285701990127563e-02
1.000000000000000021e-03	8.939095769877208886e-02	9.537764443620960764e-02	8.812060169875621241e-02
1.000000000000000021e-03	8.848080530962047774e-02	9.106547627305484893e-02	8.383915480226278305e-02
1.000000000000000021e-03	8.613688665604161965e-02	7.706926232545163735e-02	7.920538736507296007e-02
1.000000000000000021e-03	8.311701482113119377e-02	6.774166394122607682e-02	6.376103013753890714e-02
1.000000000000000021e-03	7.933011295847104682e-02	7.899150505896014585e-02	7.832761416211724004e-02
1.000000000000000021e-03	7.793575996850519993e-02	7.844462245702743530e-02	7.662048041820526678e-02
1.000000000000000021e-03	7.412334292945021996e-02	6.739442216242171046e-02	6.868428168818355162e-02
1.000000000000000021e-03	7.447828389075761280e-02	7.963082564906924510e-02	7.816765392199158391e-02
1.000000000000000021e-03	7.490603334079168341e-02	8.462538230793638372e-02	8.042083606123924533e-02
1.000000000000000021e-03	6.957402484033120560e-02	1.023322132791524147e-01	9.939241278916596811e-02
1.000000000000000021e-03	7.060913520975123370e-02	6.820235085424952715e-02	6.947050970047712048e-02
1.000000000000000021e-03	6.761411721793768315e-02	8.375644594118857034e-02	8.665890935808420736e-02
1.000000000000000021e-03	6.891154664513883532e-02	7.485730967518547385e-02	7.073611272498965541e-02
1.000000000000000021e-03	6.627003665647235309e-02	8.688077985928320535e-02	8.608277682214975079e-02
1.000000000000000021e-03	6.664905946110138979e-02	6.106808095078193610e-02	6.445369003340602199e-02
1.000000000000000021e-03	6.420867930428103554e-02	6.936836108097231557e-02	6.644794372841715535e-02
1.000000000000000021e-03	6.388508596952187368e-02	6.350258967951330491e-02	6.607517222873866836e-02
1.000000000000000021e-03	6.233023124605573118e-02	6.741369977905488364e-02	6.845258083194494247e-02
1.000000000000000021e-03	6.300084807797876052e-02	5.904640370482549389e-02	6.020122105255722861e-02
1.000000000000000021e-03	6.024193487857718021e-02	1.108932936300782018e-01	1.135994207113981275e-01
1.000000000000000021e-03	5.891564328693733171e-02	7.985040379678391698e-02	7.723083971068263331e-02
1.000000000000000021e-03	5.940367440503998425e-02	5.959997675259699756e-02	5.761000672355294505e-02
1.000000000000000021e-03	6.189224412182585400e-02	5.673996807705045109e-02	5.788583336398005208e-02
1.000000000000000021e-03	5.783385670093203063e-02	6.063620937276260892e-02	6.167137166485190530e-02
1.000000000000000021e-03	5.766256357943547184e-02	5.471940385421533021e-02	5.664029382169246535e-02
1.000000000000000021e-03	5.702994438565491681e-02	5.428382048276082089e-02	5.442136060446500778e-02
1.000000000000000021e-03	5.608573891634231062e-02	7.248494030995518422e-02	7.413095291703938883e-02
1.000000000000000021e-03	5.613268847583233190e-02	5.199875663088254080e-02	5.367008196189999858e-02
1.000000000000000021e-03	5.478100449934714816e-02	6.584939456188866613e-02	6.419349387288093844e-02
1.000000000000000021e-03	5.442832233389669622e-02	5.978023297889694526e-02	5.993677508085966388e-02
1.000000000000000021e-03	5.407839908181685112e-02	6.357201116637409277e-02	6.445850934833288748e-02
1.000000000000000021e-03	5.347830643243502852e-02	5.868994068178830931e-02	6.061976850032806119e-02
1.000000000000000021e-03	5.415954859195891424e-02	5.934924300740526681e-02	5.976870013400912424e-02
1.000000000000000021e-03	5.225590287278113200e-02	5.551731377762025854e-02	5.805896222591400146e-02
1.000000000000000021e-03	5.348675512427538553e-02	8.425600333285580834e-02	8.410163009539246837e-02
1.000000000000000021e-03	5.210018104214249324e-02	5.694388247129180541e-02	5.896897204220295091e-02
1.000000000000000021e-03	5.211179027113892193e-02	8.294175471622906859e-02	8.577687591314316073e-02
1.000000000000000021e-03	5.079686347180636247e-02	5.237747578642755475e-02	5.143498182296753207e-02
1.000000000000000021e-03	5.161896026831438999e-02	5.268925568820294336e-02	5.482772486284374913e-02
1.000000000000000021e-03	5.039114176624558822e-02	4.841616251432771106e-02	4.874405032023787498e-02
1.000000000000000021e-03	5.103147807875089981e-02	4.852909536261833245e-02	4.775777673348784169e-02
1.000000000000000021e-03	4.972871247442778309e-02	5.040974694630862701e-02	5.166861657053232332e-02
1.000000000000000021e-03	4.896312130267291285e-02	5.463211374913210655e-02	5.471510402858257432e-02
1.000000000000000021e-03	4.873430856556099089e-02	5.194441923452297605e-02	5.404926342889666835e-02
1.000000000000000021e-03	5.026736198000743977e-02	4.865105356533489661e-02	5.013478985056281367e-02
1.000000000000000021e-03	4.915708224351424127e-02	5.218098800219790612e-02	4.992729639634489736e-02
1.000000000000000021e-03	4.753279090556140202e-02	5.111733014592949320e-02	5.036227591335773468e-02
1.000000000000000021e-03	4.902122333351091599e-02	5.847643569345873510e-02	5.449953442439436913e-02
1.000000000000000021e-03	4.729272763571502197e-02	5.517510537311668545e-02	5.840069260448217670e-02
1.000000000000000021e-03	4.766049018913122437e-02	5.841333733101165826e-02	6.165248537436127801e-02
1.000000000000000021e-03	4.647432111849474079e-02	5.702656632318546526e-02	5.878074504435062270e-02
1.000000000000000021e-03	4.724262002476291994e-02	5.552053387174431254e-02	5.474320137873291831e-02
1.000000000000000021e-03	4.659258840803908591e-02	5.185382994603736362e-02	5.063989460468291959e-02
1.000000000000000021e-03	4.595017849471487448e-02	5.023569225562804497e-02	5.161275761201977730e-02
1.000000000000000021e-03	4.516474166998792755e-02	5.605563482376917789e-02	6.035660551860928813e-02
1.000000000000000021e-03	4.537459595509224508e-02	4.718713068369171509e-02	4.912213692441582541e-02
1.000000000000000021e-03	4.594453520002304142e-02	6.603901923014855735e-02	6.926916306838393211e-02
1.000000000000000021e-03	4.477950791574238781e-02	4.917983667856735963e-02	5.130258211866021295e-02
1.000000000000000021e-03	4.490179843862539266e-02	4.716349426286382818e-02	5.072568580508231978e-02
1.000000000000000021e-03	4.468137297699138061e-02	4.660928809127882350e-02	4.683083901181817055e-02
1.000000000000000021e-03	4.368080110020974849e-02	4.410748792256360268e-02	4.593779258430004397e-02
1.000000000000000021e-03	4.364225951008771781e-02	5.632060159641410352e-02	5.811160458251833638e-02
1.000000000000000021e-03	4.271381041398050055e-02	4.821047348735844201e-02	4.976187543943524222e-02
1.000000000000000021e-03	4.373729108697872736e-02	4.473330604195283056e-02	4.494472346268594404e-02
1.000000000000000021e-03	4.306363429789664132e-02	5.140430944440252392e-02	5.407693181186914305e-02
1.000000000000000021e-03	4.206587351455530477e-02	4.404278480842787474e-02	4.664845480583608428e-02
1.000000000000000021e-03	4.217151741845584501e-02	5.122783395866448847e-02	5.314113181084394177e-02
1.000000000000000021e-03	4.296035506806448329e-02	4.539415438254778418e-02	5.330258496105670651e-02
1.000000000000000021e-03	4.187861350194321819e-02	5.808178858139127765e-02	5.862784404307604114e-02
1.000000000000000021e-03	4.159361125555684907e-02	4.266402246284235061e-02	4.243814735673367977e-02
1.000000000000000021e-03	4.092415722023095420e-02	4.526426552438923140e-02	4.560392163693904877e-02
1.000000000000000021e-03	4.135095838775913746e-02	4.588803879097494431e-02	4.818399408832192699e-02
1.000000000000000021e-03	4.176317989813199683e-02	4.498063822652344917e-02	4.551446526311338225e-02
1.000000000000000021e-03	4.100610080883210218e-02	5.042584425725862157e-02	5.150746582075953206e-02
1.000000000000000021e-03	3.957885523814839990e-02	4.489091919315735257e-02	4.552437430247664729e-02
1.000000000000000021e-03	4.102853267253693537e-02	4.316767256375382555e-02	4.415254555642604550e-02
1.000000000000000021e-03	4.012350250878536639e-02	4.385385785193343655e-02	4.441081569530069828e-02
1.000000000000000021e-03	4.030637867714063211e-02	4.215028973696119396e-02	4.267832976765930514e-02
1.000000000000000021e-03	3.952575112742313934e-02	4.141769838075675531e-02	4.343158071860671321e-02
1.000000000000000021e-03	4.081296575553130385e-02	4.665579338660415243e-02	4.807785945013165474e-02
1.000000000000000021e-03	3.958020925547856006e-02	4.176029756041097635e-02	4.535917788743972640e-02
1.000000000000000021e-03	3.963704193536454062e-02	4.270599381656858817e-02	4.445509179495275159e-02
1.000000000000000021e-03	3.866157869506603451e-02	4.121307442598629717e-02	4.410872403532266339e-02
1.000000000000000021e-03	3.985440755970537374e-02	5.254341051450574923e-02	5.400207377970218936e-02
1.000000000000000021e-03	3.823782000073067816e-02	4.125527104275077128e-02	4.281053254380821904e-02
1.000000000000000021e-03	3.836058052457162748e-02	4.187063560747975727e-02	4.494086531922221461e-02
1.000000000000000021e-03	3.867231275498381887e-02	4.474111704926216071e-02	4.765118667855858942e-02
1.000000000000000021e-03	3.919097403342845787e-02	3.965312897846960671e-02	4.005354247055947781e-02
1.000000000000000021e-03	3.754365771852862660e-02	5.153331275619761620e-02	4.929152065888046941e-02
1.000000000000000021e-03	3.846321830774130507e-02	5.000627548945824064e-02	5.033072270452976227e-02
1.000000000000000021e-03	3.877356207868330046e-02	4.609914769598950912e-02	4.746348210610449453e-02
1.000000000000000021e-03	3.830304064740789466e-02	4.816779724434408494e-02	4.936248492449522157e-02
1.000000000000000021e-03	3.784002476697435197e-02	4.382664661522935046e-02	4.436284089460969249e-02
1.000000000000000021e-03	3.681354917945593025e-02	4.226306119826451352e-02	4.405885306186974049e-02
1.000000000000000021e-03	3.704400938990298070e-02	4.213073992058244399e-02	4.566534096375107765e-02
1.000000000000000021e-03	3.709348102076896747e-02	4.574040421016553615e-02	4.354049060493707379e-02
1.000000000000000021e-03	3.741213981411081052e-02	3.917783401243349339e-02	4.195543392561375956e-02
1.000000000000000021e-03	3.701363808197501160e-02	4.020396425969001430e-02	4.259239290840923647e-02
1.000000000000000021e-03	3.630522142504106348e-02	4.156497182295272597e-02	4.304339522495866099e-02
1.000000000000000021e-03	3.744230443127388036e-02	5.215021509540642558e-02	5.637586023658514023e-02
1.000000000000000021e-03	3.737467155835703242e-02	4.461380417083258415e-02	4.814104912802576880e-02
1.000000000000000021e-03	3.670832419626029325e-02	4.112188366890265345e-02	4.179779672995209694e-02
1.000000000000000021e-03	3.606233348579098580e-02	4.256624187201417386e-02	4.375235768966376920e-02
1.000000000000000021e-03	3.696493019846686795e-02	5.223302732353435340e-02	1.084250968880951377e-01
1.000000000000000021e-03	3.626316148677213164e-02	4.298592831802929698e-02	4.124823613092302999e-02
1.000000000000000021e-03	3.569265254873429244e-02	4.391531735970712058e-02	4.716457589529454708e-02
1.000000000000000021e-03	3.565830418134650903e-02	4.124517476488470669e-02	4.417641833424568176e-02
1.000000000000000021e-03	3.581148975676683166e-02	4.023706542415768361e-02	4.372092206031084199e-02
1.000000000000000021e-03	3.588667825198124661e-02	4.372021270164956619e-02	4.664375353604555130e-02
1.000000000000000021e-03	3.514596552129156670e-02	4.204298734313842434e-02	4.334650863893330097e-02
1.000000000000000021e-03	3.509608024017209921e-02	6.572705591146234261e-02	6.601081043481826782e-02
1.000000000000000021e-03	3.416743757741752541e-02	3.883043017374907674e-02	4.126115608960390091e-02
1.000000000000000021e-03	3.441823967052553418e-02	4.192676553161356345e-02	4.536528671160340587e-02
1.000000000000000021e-03	3.458784496029183170e-02	4.301622392931533922e-02	4.488617554306983948e-02
1.000000000000000021e-03	3.461248424812206348e-02	3.908095661921338893e-02	4.125828403048217158e-02
1.000000000000000021e-03	3.417108046923562903e-02	4.304969395603496646e-02	4.672610354609787325e-02
1.000000000000000021e-03	3.363814697627448558e-02	4.328632713612461796e-02	4.337015636265277585e-02
1.000000000000000021e-03	3.394908219718912462e-02	4.677485867710638040e-02	5.094562377780675888e-02
1.000000000000000021e-03	3.321300828401400201e-02	5.062793263512131714e-02	5.171932689845561842e-02
1.000000000000000021e-03	3.382414010520796988e-02	4.010128670650002503e-02	4.214993612840771398e-02
1.000000000000000021e-03	3.386725542645353110e-02	4.028451694321882187e-02	4.286794941872358600e-02
1.000000000000000021e-03	3.401764862157009850e-02	4.289753863792768879e-02	4.056558427400887290e-02
1.000000000000000021e-03	3.349160697092282840e-02	5.131146522404635840e-02	5.491220597177744189e-02
1.000000000000000021e-03	3.399832372582360651e-02	3.964219303772399672e-02	4.130860464647412300e-02
1.000000000000000021e-03	3.317453221154115922e-02	3.677546348013178978e-02	3.779169688932597360e-02
1.000000000000000021e-03	3.358879787040144893e-02	4.013999576890031618e-02	4.186371127143502513e-02
1.000000000000000021e-03	3.349229432274048596e-02	3.866020923587664554e-02	4.159414316527545313e-02
1.000000000000000021e-03	3.332949582099429403e-02	3.863808691150542873e-02	4.080624845810234408e-02
1.000000000000000021e-03	3.325000667317167674e-02	4.010281592841547643e-02	4.202756383456289491e-02
1.000000000000000021e-03	3.303137838238023177e-02	5.504345907512759456e-02	5.688197407871484895e-02
1.000000000000000021e-03	3.313658232061130610e-02	3.907537696327214455e-02	4.115714752115309100e-02
1.000000000000000021e-03	3.279547914515892199e-02	4.506015061786037418e-02	4.600531328469514847e-02
1.000000000000000021e-03	3.284189621135028686e-02	4.081107649698619694e-02	4.282091571949422221e-02
1.000000000000000021e-03	3.226539312843981072e-02	4.227997495241814230e-02	3.965313611552119533e-02
1.000000000000000021e-03	3.273681619699227163e-02	3.762018313894720939e-02	3.888536267913877964e-02
1.000000000000000021e-03	3.252652394864329055e-02	4.544856278372060715e-02	4.628148507326841632e-02
1.000000000000000021e-03	3.194215289333866836e-02	3.793788617428060783e-02	3.882722533307969570e-02
1.000000000000000021e-03	3.264004284426041264e-02	3.521637850640955969e-02	3.778305435553193370e-02
1.000000000000000021e-03	3.200863665722878532e-02	3.944271820455945432e-02	4.136270070448518077e-02
1.000000000000000021e-03	3.197336238399884484e-02	3.659118983055908297e-02	3.842009748332202157e-02
1.000000000000000021e-03	3.187847222510883233e-02	4.269890775855299248e-02	4.478005948476493359e-02
1.000000000000000021e-03	3.218919073663318448e-02	3.751892641342747386e-02	4.118800223805010180e-02
1.000000000000000021e-03	3.186946421961336234e-02	3.956720055475908965e-02	4.043431705795228620e-02
1.000000000000000021e-03	3.165258194356203314e-02	4.075183850074313996e-02	4.193396521732210835e-02
1.000000000000000021e-03	3.153899790737572234e-02	4.340275710555895755e-02	4.356053937226533890e-02
1.000000000000000021e-03	3.188579454974700689e-02	3.580196625041087710e-02	3.685170901007950306e-02
1.000000000000000021e-03	3.166003830713578354e-02	3.896113665511159035e-02	4.001785321161151210e-02
1.000000000000000021e-03	3.094772727203237359e-02	4.250645993462719846e-02	4.396318751387297968e-02
1.000000000000000021e-03	3.084707413130960418e-02	3.634620264796686179e-02	3.796836449764669219e-02
1.000000000000000021e-03	3.130357760184029198e-02	4.269126111261195566e-02	4.201282039284705977e-02
1.000000000000000021e-03	3.104838268173649302e-02	4.004614666611424484e-02	4.161171410232782086e-02
1.000000000000000021e-03	3.152461265554568071e-02	3.943046676823917795e-02	4.078981392085552493e-02
1.000000000000000021e-03	3.085594478758391102e-02	3.765336426062733388e-02	3.981038318015635291e-02
1.000000000000000021e-03	3.022813884115551838e-02	3.868310190542206123e-02	3.831625813618302206e-02
1.000000000000000021e-03	3.098216429764514418e-02	3.589832642315569922e-02	4.026259300298988542e-02
1.000000000000000021e-03	3.058859048093766006e-02	4.976766070848360340e-02	4.992019673809409280e-02
1.000000000000000021e-03	3.057189870662575457e-02	3.616145491131936979e-02	3.746523908339440684e-02
1.000000000000000021e-03	3.034442460349717069e-02	4.333428786921251358e-02	4.559357929974794388e-02
1.000000000000000021e-03	3.026413930002480601e-02	4.469097282796005710e-02	4.537014178931712827e-02
5.000000000000000104e-04	2.526452964461078574e-02	3.581319006247669912e-02	3.748589446768164912e-02
5.000000000000000104e-04	2.392702942704343083e-02	3.223984453495572222e-02	3.470520772971212586e-02
5.000000000000000104e-04	2.333696098773891531e-02	3.220665487046329295e-02	3.374670306220650673e-02
5.000000000000000104e-04	2.301506784383192464e-02	3.265290801944845112e-02	3.414544304832815846e-02
5.000000000000000104e-04	2.312360435221485003e-02	3.139137860914175543e-02	3.307915586046874384e-02
5.000000000000000104e-04	2.330855419344597668e-02	3.430615747786316949e-02	3.688245462253689905e-02
5.000000000000000104e-04	2.292733484366610633e-02	3.249751570688180075e-02	3.498521386645734449e-02
5.000000000000000104e-04	2.245172031262782086e-02	3.287441865662941998e-02	3.470543078146874627e-02
5.000000000000000104e-04	2.271136689124983107e-02	3.552363620807675454e-02	3.716889983043074330e-02
5.000000000000000104e-04	2.264436853344163614e-02	3.153742564091195633e-02	3.310672775842249393e-02
5.000000000000000104e-04	2.238095100750196395e-02	3.326715317345102507e-02	3.347218763083219251e-02
5.000000000000000104e-04	2.221442033266383259e-02	3.237719015652284343e-02	3.422610503621399680e-02
5.000000000000000104e-04	2.208957581067324399e-02	3.129855399044396275e-02	3.227860149927437583e-02
5.000000000000000104e-04	2.235719372657598430e-02	3.187872644962440327e-02	3.204134027473628382e-02
5.000000000000000104e-04	2.219413119515077984e-02	3.826631430087913677e-02	3.880546488799154620e-02
5.000000000000000104e-04	2.192867373524275826e-02	3.643068293821437320e-02	3.756691357120871266e-02
5.000000000000000104e-04	2.197052605304955844e-02	3.617799148470631637e-02	3.800971480086445808e-02
5.000000000000000104e-04	2.197088309633586298e-02	3.275287813502144457e-02	3.381234249100088796e-02
5.000000000000000104e-04	2.204767607018100206e-02	3.180726554186244504e-02	3.440895858220756331e-02
5.000000000000000104e-04	2.151917701575161920e-02	3.138373276287036162e-02	3.347456282936036448e-02
5.000000000000000104e-04	2.176462016119868129e-02	3.457648753729790359e-02	3.587037362158298354e-02
5.000000000000000104e-04	2.132953214391398664e-02	3.105229354848724338e-02	3.289109123870730123e-02
5.000000000000000104e-04	2.172033160972588334e-02	3.208891471057974398e-02	3.340743938460945944e-02
5.000000000000000104e-04	2.137204573596456630e-02	3.517646697491251528e-02	3.434228743426501890e-02
5.000000000000000104e-04	2.166276321805463145e-02	3.914975495862711014e-02	4.121714392676949223e-02
5.000000000000000104e-04	2.138198661027934655e-02	3.141128062148680622e-02	3.363657216541469236e-02
5.000000000000000104e-04	2.153002132118233755e-02	3.204061629260397670e-02	3.331884734798222503e-02
5.000000000000000104e-04	2.133389470590589532e-02	3.121738279170078664e-02	3.183690949808806042e-02
5.000000000000000104e-04	2.103889565708992257e-02	3.898476326535821324e-02	4.091135007329285006e-02
5.000000000000000104e-04	2.127769974414139842e-02	3.499537841928879178e-02	3.698266544379293780e-02
5.000000000000000104e-04	2.120281132171066008e-02	3.112826505139548033e-02	3.258936926722526273e-02
5.000000000000000104e-04	2.101647733359090012e-02	3.062054426141122207e-02	3.175175311043858251e-02
5.000000000000000104e-04	2.083258883439225578e-02	3.380838641165438696e-02	3.558166744187474251e-02
5.000000000000000104e-04	2.115564080147010889e-02	3.094226701175355199e-02	3.224702882580458840e-02
5.000000000000000104e-04	2.084217409897485065e-02	3.434748141124298326e-02	3.602974982932209691e-02
5.000000000000000104e-04	2.099520839867791491e-02	3.137382045778304429e-02	3.273833468556404391e-02
5.000000000000000104e-04	2.111664940529936821e-02	3.117785095700418771e-02	3.145032040774822096e-02
5.000000000000000104e-04	2.112324038382842883e-02	3.231168135571542421e-02	3.343338244594633302e-02
5.000000000000000104e-04	2.089644511516892261e-02	3.147126872736121656e-02	3.280655848793685714e-02
5.000000000000000104e-04	2.079631611184715873e-02	3.139416859802151433e-02	3.328934544697403908e-02
5.000000000000000104e-04	2.072328632050575783e-02	3.322302997697398202e-02	3.396975831128656864e-02
5.000000000000000104e-04	2.084819465461704505e-02	2.991737531624851301e-02	3.188049388118088107e-02
5.000000000000000104e-04	2.096673157315326330e-02	3.117777988392645208e-02	3.269533198326825957e-02
5.000000000000000104e-04	2.034513640459659559e-02	3.089711803416306940e-02	3.269389085471630096e-02
5.000000000000000104e-04	2.060198562014945584e-02	3.079584360863837911e-02	3.308559614233672758e-02
5.000000000000000104e-04	2.067036459676448862e-02	3.162955691677113435e-02	3.342483481392264505e-02
5.000000000000000104e-04	2.052072324768931116e-02	2.998000451641557110e-02	3.211101759225130220e-02
5.000000000000000104e-04	2.041982267801760800e-02	3.053995903522868302e-02	3.217710135504603386e-02
5.000000000000000104e-04	2.038697450334523570e-02	3.132144402693079477e-02	3.279226259328425069e-02
5.000000000000000104e-04	2.018189367823575858e-02	3.344430480913029857e-02	3.387010996229946475e-02
5.000000000000000104e-04	2.016085410873129716e-02	3.074824719333835860e-02	3.242073748260736188e-02
5.000000000000000104e-04	2.042643987931800839e-02	3.001412513290400291e-02	3.255748143419623375e-02
5.000000000000000104e-04	2.024925625847827024e-02	3.279005277765358745e-02	3.350849072448909560e-02
5.000000000000000104e-04	2.028376828400182963e-02	3.143742367508211427e-02	3.275559768080711642e-02
5.000000000000000104e-04	2.025543702219099670e-02	3.043187424267461763e-02	3.273914889432490150e-02
5.000000000000000104e-04	2.001154280813230088e-02	3.487783124309559724e-02	3.688974576070904593e-02
5.000000000000000104e-04	2.038124998367200208e-02	3.195980962619419247e-02	3.338835360482335368e-02
5.000000000000000104e-04	1.987974289880546294e-02	3.067168698729020801e-02	3.178648576140404025e-02
5.000000000000000104e-04	2.003762515347370932e-02	3.290272820058293135e-02	3.490271945483982424e-02
5.000000000000000104e-04	2.006841199922225136e-02	3.186441544462872977e-02	3.576036333106458187e-02
5.000000000000000104e-04	1.977196639623664265e-02	3.137140503611551834e-02	3.504474745132028779e-02
5.000000000000000104e-04	2.047416902190034305e-02	3.073165041067837250e-02	3.268454587087035040e-02
5.000000000000000104e-04	2.040527819928351916e-02	3.224861076716040859e-02	3.513063210994005203e-02
2.500000000000000052e-04	1.740313405653222401e-02	3.041735030125573142e-02	3.302454021759330949e-02
2.500000000000000052e-04	1.678342563373758783e-02	3.000014615659626210e-02	3.223019558936357498e-02
2.500000000000000052e-04	1.666177363189640451e-02	2.989692957730505363e-02	3.272570651024579724e-02
2.500000000000000052e-04	1.664688661662019897e-02	2.815812391214345817e-02	3.021350821945816348e-02
2.500000000000000052e-04	1.653431418203922532e-02	2.943641637788393245e-02	3.125793412327766696e-02
2.500000000000000052e-04	1.641357624106902155e-02	2.859478457513904212e-02	2.988470154814422061e-02
2.500000000000000052e-04	1.668623003484534864e-02	2.880852492965016790e-02	3.006305629387497763e-02
2.500000000000000052e-04	1.634393611174117869e-02	2.842299711856386552e-02	3.041526717133819988e-02
2.500000000000000052e-04	1.657408791788706967e-02	2.865417627861518643e-02	3.085240931250154972e-02
2.500000000000000052e-04	1.658204808417293799e-02	3.069563374820492158e-02	3.267575148493051529e-02
2.500000000000000052e-04	1.652418721928854486e-02	2.892860755597421660e-02	3.039712391328066449e-02
2.500000000000000052e-04	1.629356544469160936e-02	2.837507154656018424e-02	2.969274977222085068e-02
2.500000000000000052e-04	1.615687180202131368e-02	2.911603170890770739e-02	3.143413555808365067e-02
2.500000000000000052e-04	1.636303673157551986e-02	2.853281725763650439e-02	3.028959189541637759e-02
2.500000000000000052e-04	1.624600776298369340e-02	2.829873901231126643e-02	3.002844196744263242e-02
2.500000000000000052e-04	1.626832274976877310e-02	2.891877195090835490e-02	3.044967493042349815e-02
2.500000000000000052e-04	1.617060375409097930e-02	2.942004404884046229e-02	3.150283112190663953e-02
2.500000000000000052e-04	1.626488922403311610e-02	3.030413049833936834e-02	3.215905423276126107e-02
2.500000000000000052e-04	1.615838313755894179e-02	2.946544729212191571e-02	3.133169705979525765e-02
2.500000000000000052e-04	1.618058032477020028e-02	3.044801543793441284e-02	3.266294207423925400e-02
2.500000000000000052e-04	1.591973819722783748e-02	2.866221629375718602e-02	2.997894166037440300e-02
2.500000000000000052e-04	1.589374619288507623e-02	2.837091170895006051e-02	3.036259775981307169e-02
2.500000000000000052e-04	1.610159690677686120e-02	2.828005412642244434e-02	2.995860916562378268e-02
2.500000000000000052e-04	1.613788909390958745e-02	2.865447989465054468e-02	3.151966976001858989e-02
2.500000000000000052e-04	1.586663767472212827e-02	2.878608164518915713e-02	7.538604666478931904e-02
1.250000000000000026e-04	1.462618288773135343e-02	2.750166857137261930e-02	2.930251618381589720e-02
1.250000000000000026e-04	1.448882941954128187e-02	2.832653604603874858e-02	3.000468993559479713e-02
1.250000000000000026e-04	1.459742487755502811e-02	2.780069935462237823e-02	3.057384267449379106e-02
1.250000000000000026e-04	1.413048804077195707e-02	2.784803349778290291e-02	2.966271955519914766e-02
1.250000000000000026e-04	1.449041017626453987e-02	2.848630852958294879e-02	2.977325278334319592e-02
1.250000000000000026e-04	1.433975446899922630e-02	2.783817216188339688e-02	3.001159108243882725e-02
1.250000000000000026e-04	1.421866602838091354e-02	2.802338028882498527e-02	2.972334842197597166e-02
1.250000000000000026e-04	1.421650914922833325e-02	2.746695651628896367e-02	2.929198904894292355e-02
1.250000000000000026e-04	1.421798496556410385e-02	2.734072761931968451e-02	2.920556329190731118e-02
1.250000000000000026e-04	1.411674590537529382e-02	2.803776939326399834e-02	3.022039057686925004e-02
1.250000000000000026e-04	1.425039807498160345e-02	2.778925145951865322e-02	3.073062438052147696e-02
1.250000000000000026e-04	1.421792346955975429e-02	2.741163078188428234e-02	2.981163205113262007e-02
1.250000000000000026e-04	1.406060737720785450e-02	2.812433192574697108e-02	2.999581620097160201e-02
1.250000000000000026e-04	1.416189746076263953e-02	2.720768533705572936e-02	2.911467594094574451e-02
1.250000000000000026e-04	1.397061848242557407e-02	2.791788087211822394e-02	2.987859146669507096e-02
1.250000000000000026e-04	1.399799135804540365e-02	2.754179095235014321e-02	2.893106793053448061e-02
1.250000000000000026e-04	1.398988405308659692e-02	2.754200968637828331e-02	2.948648878373205662e-02
1.250000000000000026e-04	1.397141637556892010e-02	2.742130717467419071e-02	2.872725264169275622e-02
1.250000000000000026e-04	1.399551850373554999e-02	2.733424459510916740e-02	2.945726590696722338e-02
1.250000000000000026e-04	1.401785628706511515e-02	2.754761580455833761e-02	2.929522395133972099e-02
1.250000000000000026e-04	1.414604723527203983e-02	2.757288304435489071e-02	2.998904078267514844e-02
1.250000000000000026e-04	1.399859066818553120e-02	2.741635911147163873e-02	2.962446971796452860e-02
1.250000000000000026e-04	1.399078117894824759e-02	2.746736103210461674e-02	2.924432761501520942e-02
1.250000000000000026e-04	1.395105766733851539e-02	2.825745997745641308e-02	3.062832159921526770e-02
1.250000000000000026e-04	1.395164173391147573e-02	2.754524456463871077e-02	2.944311392493546148e-02
1.250000000000000026e-04	1.396045603297993258e-02	2.769712082241998150e-02	2.947655515745282312e-02
1.250000000000000026e-04	1.394727734665734790e-02	2.789023088496080799e-02	3.002486410550773283e-02
1.250000000000000026e-04	1.398074224378876781e-02	2.741561657432174323e-02	2.891183120664209127e-02
1.250000000000000026e-04	1.386251816945394295e-02	2.749604976575099891e-02	2.923094085417687893e-02
1.250000000000000026e-04	1.386178885394227268e-02	2.790836629053061041e-02	3.021455812267959118e-02
1.250000000000000026e-04	1.397159248709661274e-02	2.774048905761141923e-02	2.970682410523295403e-02
1.250000000000000026e-04	1.389463289319567418e-02	2.789850616876367664e-02	2.942505944520235062e-02
1.250000000000000026e-04	1.386818324376619220e-02	2.739390267634578963e-02	2.961889028083532910e-02
1.250000000000000026e-04	1.371018456023158187e-02	2.743728496914446535e-02	2.978870654478669305e-02
1.250000000000000026e-04	1.378591652415636463e-02	2.737648723676254503e-02	2.952965120784938405e-02
6.250000000000000130e-05	1.306065799177577071e-02	2.734342895214158034e-02	2.882072497159242699e-02
6.250000000000000130e-05	1.301210587454169898e-02	2.749369535302616588e-02	2.910589994862675806e-02
6.250000000000000130e-05	1.301224144401029806e-02	2.716905598806617153e-02	2.857711091637611320e-02
6.250000000000000130e-05	1.306112319471584328e-02	2.732184703378933224e-02	2.942732006777077844e-02
6.250000000000000130e-05	1.305616179095400210e-02	2.710478461264627728e-02	2.939654109068214755e-02
6.250000000000000130e-05	1.292899787835581800e-02	2.727843838602460325e-02	3.033003578893840244e-02
6.250000000000000130e-05	1.287800521135260869e-02	2.693219907601310248e-02	2.945405573118477921e-02
6.250000000000000130e-05	1.298052810594101450e-02	2.703400728102597905e-02	2.924763006158172945e-02
6.250000000000000130e-05	1.290089354339451697e-02	2.693657952004858275e-02	2.864279660861939261e-02
6.250000000000000130e-05	1.292451583509999363e-02	2.682037549629729539e-02	2.853099303320050240e-02
6.250000000000000130e-05	1.293416535498063957e-02	2.717914409369854428e-02	2.920904562342912028e-02
6.250000000000000130e-05	1.297501120672990907e-02	2.717265445270931543e-02	2.911737109534442286e-02
6.250000000000000130e-05	1.295178294926231655e-02	2.725018296605317275e-02	2.919582943432032923e-02
6.250000000000000130e-05	1.296463348849125584e-02	2.730445952900729251e-02	2.910343199037015299e-02
6.250000000000000130e-05	1.283486395339639152e-02	2.691334364106829843e-02	2.958343620412051678e-02
6.250000000000000130e-05	1.292184787629569939e-02	2.690435967929856453e-02	2.923912573605775764e-02
6.250000000000000130e-05	1.300129246854111152e-02	2.753037782337184811e-02	2.957753534428775311e-02
6.250000000000000130e-05	1.275041202433220902e-02	2.690517065646760853e-02	2.890329984948038916e-02
6.250000000000000130e-05	1.288044592690691485e-02	2.699504290946335219e-02	2.919679437763988972e-02
6.250000000000000130e-05	1.295938684186264886e-02	2.717849882855933458e-02	2.952107063028961559e-02
6.250000000000000130e-05	1.283577112849409486e-02	2.695759953882213497e-02	2.898016124963760307e-02
6.250000000000000130e-05	1.276254995361430014e-02	2.690884585038841662e-02	2.863634778186678956e-02
6.250000000000000130e-05	1.290295572941684010e-02	2.702612549320097465e-02	2.877331613563001086e-02
6.250000000000000130e-05	1.273881380433794161e-02	2.685105356421926132e-02	2.914564853999763658e-02
6.250000000000000130e-05	1.283417748034849926e-02	2.743318527254290720e-02	2.961298823356628418e-02
6.250000000000000130e-05	1.273547642370723848e-02	2.777770775033853307e-02	2.998246867209673067e-02
6.250000000000000130e-05	1.271344007980544470e-02	2.697457894390322200e-02	2.838184074498712947e-02
6.250000000000000130e-05	1.269718795774234764e-02	2.693938759901604724e-02	2.849893863312900205e-02
6.250000000000000130e-05	1.276443022400262049e-02	2.722289195742594661e-02	2.891883482225239207e-02
6.250000000000000130e-05	1.298405144064578368e-02	2.701385542067713877e-02	2.889402774162590573e-02
6.250000000000000130e-05	1.272554394240215346e-02	2.685587488465908390e-02	3.093002573587000370e-02
3.125000000000000065e-05	1.236511924352286587e-02	2.678447826253494216e-02	2.885830970481038232e-02
3.125000000000000065e-05	1.229875078592763613e-02	2.694678137381195313e-02	2.895281887613236974e-02
3.125000000000000065e-05	1.221630695032702336e-02	2.663748178397017455e-02	2.847718400880694389e-02
3.125000000000000065e-05	1.223752060888845528e-02	2.685772401344089719e-02	2.868452609982341528e-02
3.125000000000000065e-05	1.231018619188186183e-02	2.670161564546729913e-02	2.859479137696325710e-02
3.125000000000000065e-05	1.236117098165146096e-02	2.705523292217111228e-02	2.880670847371220519e-02
3.125000000000000065e-05	1.229729453603443934e-02	2.683000303122229716e-02	2.907221538480371167e-02
3.125000000000000065e-05	1.223589060828089714e-02	2.697778635058571683e-02	2.979001677595078876e-02
3.125000000000000065e-05	1.234723238432655287e-02	2.666227632636175224e-02	2.860077158547937731e-02
3.125000000000000065e-05	1.228420325940113994e-02	2.669716086141101993e-02	2.843357427045702795e-02
3.125000000000000065e-05	1.230708465853477297e-02	2.687217109880522120e-02	2.842089398764073918e-02
3.125000000000000065e-05	1.230616685368202991e-02	2.671722390966889751e-02	2.897915402427315643e-02
3.125000000000000065e-05	1.226248371985336205e-02	2.674781709070761168e-02	2.855278940405696700e-02
3.125000000000000065e-05	1.221946529516383488e-02	2.689361133422527028e-02	2.866660663858056068e-02
3.125000000000000065e-05	1.224022720268060083e-02	2.709658662374107158e-02	2.957006772048771312e-02
3.125000000000000065e-05	1.219133708415820645e-02	2.682391946637973854e-02	3.000131740700453381e-02
3.125000000000000065e-05	1.226804167202361247e-02	2.680770360928087445e-02	2.938627521507441998e-02
3.125000000000000065e-05	1.228098178942270066e-02	2.686855410523127444e-02	2.852309981826692958e-02
3.125000000000000065e-05	1.225514873323735668e-02	2.669037267546223169e-02	3.025203449651598861e-02
3.125000000000000065e-05	1.227423726890394286e-02	2.702878972915298550e-02	2.901163599453866412e-02
3.125000000000000065e-05	1.223895113797096590e-02	2.672362297831873748e-02	2.905500303022563388e-02
3.125000000000000065e-05	1.224857746255586695e-02	2.685812052280802872e-02	2.884373501874506335e-02
3.125000000000000065e-05	1.224446587276457020e-02	2.678122901460107050e-02	2.887205244041979313e-02
3.125000000000000065e-05	1.230394337900576722e-02	2.713674378059609260e-02	2.906734624411910772e-02
1.562500000000000033e-05	1.204812460036654674e-02	2.673903233932418966e-02	2.865249880123883416e-02
1.562500000000000033e-05	1.198325296397981417e-02	2.683983201463341003e-02	2.898051114752888541e-02
1.562500000000000033e-05	1.206010669863166740e-02	2.687994525792242878e-02	2.884111925959587097e-02
1.562500000000000033e-05	1.197088833431290099e-02	2.684296137550894537e-02	2.899423930794000487e-02
1.562500000000000033e-05	1.202408611907722878e-02	2.681437971957847249e-02	2.878967467695474694e-02
1.562500000000000033e-05	1.195620714295102943e-02	2.678070210056935144e-02	2.909193274099379847e-02
1.562500000000000033e-05	1.196460097236098225e-02	2.692328012153428346e-02	2.890144409611821244e-02
1.562500000000000033e-05	1.207686316139601652e-02	2.705618455830512831e-02	2.901674178428947926e-02
1.562500000000000033e-05	1.201821378783830482e-02	2.719380258928730948e-02	2.956091072410345008e-02
1.562500000000000033e-05	1.203812070005617213e-02	2.700940855042472527e-02	7.238713563419878205e-02
1.562500000000000033e-05	1.205187204844898607e-02	2.666455745228922189e-02	2.867214679718017509e-02
1.562500000000000033e-05	1.198358896880293012e-02	2.731300879230830203e-02	2.925196762662380864e-02
1.562500000000000033e-05	1.190449631869914225e-02	2.678157727073156302e-02	2.878110278397798608e-02
1.562500000000000033e-05	1.200804290204044063e-02	2.672929281164058285e-02	2.875448395498097012e-02
1.562500000000000033e-05	1.196328497049141404e-02	2.674179827960217887e-02	2.888605536427348713e-02
1.562500000000000033e-05	1.197643722437317752e-02	2.680850606801778169e-02	2.851141074206680129e-02
1.562500000000000033e-05	1.197329185899821680e-02	2.677022891011849801e-02	2.889764085412025590e-02
1.562500000000000033e-05	1.196963351854860545e-02	2.651036175270199066e-02	2.867879052646458288e-02
1.562500000000000033e-05	1.207144545833295675e-02	2.685956737387398818e-02	2.920333261135965586e-02
1.562500000000000033e-05	1.199873560717748706e-02	2.669338871242176239e-02	2.834903965704143117e-02
1.562500000000000033e-05	1.197658677776671822e-02	2.680630473351759344e-02	2.877916125580668588e-02
1.562500000000000033e-05	1.194188124979691720e-02	2.669562004428571375e-02	2.872670753858983655e-02
1.562500000000000033e-05	1.196098023859774179e-02	2.674625404861740927e-02	2.861405855510383914e-02
1.562500000000000033e-05	1.198965851721365238e-02	2.683979577594558519e-02	2.868638755753636499e-02
1.562500000000000033e-05	1.191453044690135403e-02	2.682930289606773322e-02	3.105723583139479230e-02
1.562500000000000033e-05	1.198235928222381001e-02	2.673972357571592975e-02	2.841794446576386551e-02
1.562500000000000033e-05	1.199550524195780801e-02	2.685179141550007864e-02	2.937653921544551919e-02
1.562500000000000033e-05	1.193740661242470753e-02	2.688247041474462265e-02	2.868534117005765507e-02
1.562500000000000033e-05	1.193701459957398348e-02	2.663150175196650135e-02	2.857641289010643890e-02
1.562500000000000033e-05	1.199259450946300008e-02	2.659512790534352897e-02	2.881706876214593788e-02
1.562500000000000033e-05	1.191478791370892583e-02	2.669036950116382076e-02	2.879955470561981062e-02
1.562500000000000033e-05	1.191537204665013214e-02	2.691103753034045087e-02	2.873144163750112126e-02
1.562500000000000033e-05	1.191412626888652820e-02	2.679068737063576566e-02	2.866585748270154138e-02
1.562500000000000033e-05	1.198923454954223429e-02	2.691614235317363671e-02	2.886317139491438935e-02
1.562500000000000033e-05	1.191166473483236572e-02	2.684548422109082205e-02	2.881095425691455533e-02
1.562500000000000033e-05	1.177347291812491474e-02	2.660940984429801398e-02	2.851321795023977618e-02
1.562500000000000033e-05	1.190085015722906411e-02	2.679828184300848265e-02	2.934649866074323654e-02
1.562500000000000033e-05	1.195245706939494432e-02	2.676962286780017880e-02	2.913995622657239437e-02
1.562500000000000033e-05	1.191683475999784705e-02	2.680515628113016441e-02	2.871921865735203167e-02
7.812500000000000163e-06	1.186225670072888795e-02	2.696595764206966353e-02	2.928396395873278379e-02
7.812500000000000163e-06	1.179345521220960188e-02	2.678182061898146463e-02	2.873911750502884319e-02
7.812500000000000163e-06	1.180951953570316681e-02	2.667671735569132618e-02	2.834231927990913530e-02
7.812500000000000163e-06	1.178271927285144162e-02	2.664896435255467710e-02	2.867377027869224410e-02
7.812500000000000163e-06	1.185630547091876333e-02	2.687729860495054190e-02	2.887806845828890662e-02
7.812500000000000163e-06	1.181432690526672442e-02	2.665381268622519367e-02	2.883910527452826500e-02
7.812500000000000163e-06	1.175653501513992082e-02	2.670649338650141549e-02	2.934434628114104132e-02
7.812500000000000163e-06	1.186579998031067791e-02	2.698796907566604689e-02	2.899037832394242217e-02
7.812500000000000163e-06	1.180447391551280555e-02	2.671413435673838585e-02	2.902655815705657005e-02
7.812500000000000163e-06	1.186201467252986051e-02	2.678485587239265442e-02	2.865697676315903664e-02
7.812500000000000163e-06	1.179818466599378418e-02	2.688120290910074248e-02	2.904681158252060344e-02
7.812500000000000163e-06	1.181942000096623813e-02	2.675036664233001668e-02	2.880085865035653114e-02
7.812500000000000163e-06	1.178675199441130660e-02	2.689660648225333794e-02	2.863109838217496941e-02
7.812500000000000163e-06	1.182892270697201605e-02	2.677216897206624938e-02	2.852199613116681437e-02
7.812500000000000163e-06	1.175302231614979050e-02	2.691681483146095635e-02	2.917642469983548065e-02
7.812500000000000163e-06	1.177884949806811028e-02	2.661573713284512421e-02	2.891033682972192834e-02
7.812500000000000163e-06	1.174107806918543370e-02	2.664920228353033493e-02	2.875832922291010618e-02
7.812500000000000163e-06	1.174963373363607441e-02	2.684660727421494739e-02	2.969740931876003673e-02
7.812500000000000163e-06	1.175620614585140035e-02	2.711232573145035130e-02	2.947982789482921431e-02
7.812500000000000163e-06	1.177545879529209340e-02	2.656742623222124039e-02	2.882716865278780322e-02
7.812500000000000163e-06	1.180588682152335263e-02	2.673545525121595254e-02	2.896250002086162706e-02
3.906250000000000081e-06	1.171854766624274777e-02	2.667569840590211169e-02	2.883172307629138301e-02
3.906250000000000081e-06	1.169219486840143013e-02	2.684619401079353998e-02	2.872283300384879251e-02
3.906250000000000081e-06	1.169271411676525360e-02	2.687616174289693405e-02	2.921891007572412560e-02
3.906250000000000081e-06	1.178799570879967770e-02	2.659975952854019138e-02	2.848154886160046001e-02
3.906250000000000081e-06	1.175205738686237525e-02	2.676614299806624742e-02	2.875953544862568448e-02
3.906250000000000081e-06	1.173625301695393509e-02	2.683063876371421033e-02	2.893410180695354939e-02
3.906250000000000081e-06	1.174468462994195453e-02	2.666690101096143295e-02	2.853514547459781031e-02
3.906250000000000081e-06	1.175640070666800208e-02	2.675608712789744048e-02	2.822974179871380260e-02
3.906250000000000081e-06	1.174154874872483482e-02	2.675247176291898829e-02	2.901149285025894642e-02
3.906250000000000081e-06	1.173415575409443579e-02	2.675858183388466621e-02	2.922169300727546146e-02
3.906250000000000081e-06	1.172676297428044100e-02	2.666721368666874828e-02	2.844388291705399890e-02
3.906250000000000081e-06	1.172182916914431966e-02	2.662812090961564834e-02	2.876350381411612103e-02
3.906250000000000081e-06	1.171538535664816937e-02	2.662029967238609823e-02	2.878041209187358687e-02
3.906250000000000081e-06	1.164689121812304690e-02	2.670567707982674996e-02	2.845250489190220833e-02
3.906250000000000081e-06	1.174042067301436267e-02	2.662523895872669077e-02	2.853506631217896800e-02
3.906250000000000081e-06	1.167031329010308205e-02	2.664932307265503730e-02	2.848137984983623028e-02
3.906250000000000081e-06	1.178563187503455824e-02	2.648853884122446406e-02	2.846782240085303853e-02
3.906250000000000081e-06	1.172027672132246352e-02	2.665065632674706517e-02	2.862908430397510459e-02
3.906250000000000081e-06	1.166998106420664288e-02	2.673317261371781217e-02	2.902624341659247945e-02
3.906250000000000081e-06	1.168675846385012693e-02	2.673870899972959417e-02	2.913078791461885114e-02
3.906250000000000081e-06	1.170080035644268691e-02	2.653791602330370092e-02	2.856412634719163179e-02
3.906250000000000081e-06	1.171376734810549228e-02	2.667188918929917774e-02	2.871938068419694831e-02
3.906250000000000081e-06	1.168244629865376749e-02	2.704993335052310530e-02	2.940510297194123129e-02
3.906250000000000081e-06	1.169493379030179386e-02	2.667103688773840575e-02	2.880833647213876247e-02
3.906250000000000081e-06	1.170060438726480863e-02	2.674582428469551854e-02	2.880427804775536130e-02
3.906250000000000081e-06	1.170012855782038598e-02	2.644311664967324838e-02	2.837042869068682333e-02
3.906250000000000081e-06	1.163806976022338513e-02	2.664712760402426078e-02	2.882367824204266210e-02
3.906250000000000081e-06	1.169338612532792518e-02	2.685119361367993215e-02	2.921410272829234531e-02
3.906250000000000081e-06	1.165237383908305537e-02	2.690966060648413913e-02	2.880361028946936200e-02
3.906250000000000081e-06	1.173199265258015149e-02	2.671394971594292372e-02	2.877419688738882403e-02
3.906250000000000081e-06	1.162862014448039390e-02	2.665059759491245073e-02	2.855033394880592684e-02
3.906250000000000081e-06	1.175878997193243077e-02	2.692088234623533222e-02	2.851621764712035725e-02
3.906250000000000081e-06	1.166817399122171972e-02	2.664803268865765032e-02	2.849380415864288807e-02
3.906250000000000081e-06	1.172858870053504650e-02	2.684577307249395167e-02	3.028442412614822457e-02
3.906250000000000081e-06	1.165904953871019917e-02	2.673819270082481228e-02	2.916123589966446161e-02
3.906250000000000081e-06	1.171062564165258231e-02	2.661955651597983086e-02	2.859191210009157796e-02
3.906250000000000081e-06	1.168891908156665521e-02	2.728420763193624768e-02	2.925925855524837832e-02
3.906250000000000081e-06	1.170257330585515974e-02	2.666273605351516737e-02	2.877106796950101852e-02
3.906250000000000081e-06	1.164376810724007845e-02	2.682919177124325552e-02	2.918403532821685006e-02
3.906250000000000081e-06	1.173669365524526199e-02	2.666695311626526843e-02	2.854610816575586796e-02
3.906250000000000081e-06	1.168021114262437522e-02	2.660972395843548208e-02	2.865888457745313644e-02
3.906250000000000081e-06	1.169508353738225870e-02	2.688408265114610590e-02	2.876724069938063622e-02
3.906250000000000081e-06	1.171143389745263851e-02	2.683335319844059805e-02	2.824095967225730489e-02
3.906250000000000081e-06	1.169089143938661750e-02	2.677255789432382224e-02	2.943317294120788644e-02
3.906250000000000081e-06	1.166301780072034888e-02	2.667519648642284122e-02	2.787609440274536540e-02
3.906250000000000081e-06	1.174361801041488504e-02	2.699677540837782178e-02	2.887598183006048064e-02
3.906250000000000081e-06	1.175705258045919854e-02	2.691601302611265970e-02	2.885831976309418540e-02
1.953125000000000041e-06	1.170056595490327582e-02	2.667412423182532327e-02	2.873993162065744539e-02
1.953125000000000041e-06	1.165168613239845469e-02	2.666118121291486537e-02	2.844082890078425407e-02
1.953125000000000041e-06	1.173144494442874934e-02	2.685408237638898035e-02	3.008115948177874158e-02
1.953125000000000041e-06	1.159331040812299797e-02	2.666244003434143847e-02	2.843178249895572662e-02
1.953125000000000041e-06	1.166068165497491371e-02	2.661882088817070849e-02	2.872213884256780148e-02
1.953125000000000041e-06	1.167665015572358009e-02	2.674430926179230394e-02	2.865300527773797373e-02
1.953125000000000041e-06	1.171367024919402894e-02	2.657805852279925343e-02	2.881850679405033658e-02
1.953125000000000041e-06	1.167562226003654620e-02	2.673885544654742638e-02	2.888102750293910365e-02
1.953125000000000041e-06	1.167946487693348988e-02	2.684482858462639357e-02	2.875172472558915754e-02
1.953125000000000041e-06	1.173357694415747172e-02	2.650058107128786325e-02	2.933209119364619394e-02
1.953125000000000041e-06	1.170103612841865912e-02	2.669939117418377791e-02	2.854638188146054606e-02
1.953125000000000041e-06	1.167717416472234537e-02	2.670473509824088792e-02	2.886746944859623978e-02
1.953125000000000041e-06	1.167485133651048092e-02	2.681340809170332240e-02	2.887781544122845073e-02
1.953125000000000041e-06	1.167644554865072438e-02	2.718657217627264491e-02	2.933769575320184161e-02
1.953125000000000041e-06	1.163582096375858667e-02	2.690160147241116989e-02	2.956099179573357105e-02
1.953125000000000041e-06	1.169745821111367948e-02	2.665972062118390426e-02	2.868276890367269655e-02
1.953125000000000041e-06	1.167598684546453797e-02	2.665841352701655079e-02	2.844522937666624923e-02
1.953125000000000041e-06	1.158703885400378525e-02	2.698693095330948616e-02	2.869769367389380862e-02
1.953125000000000041e-06	1.169041177331577724e-02	2.667716164531976075e-02	2.927568457089364459e-02
1.953125000000000041e-06	1.163871282247859983e-02	2.667211040522883547e-02	2.973507824353873591e-02
1.953125000000000041e-06	1.174980034150178813e-02	2.704869063463822762e-02	2.938409144990146091e-02
9.765625000000000203e-07	1.157884352605891704e-02	2.671027860813895982e-02	2.838304184842854738e-02
9.765625000000000203e-07	1.166065089938779671e-02	2.675619195288544624e-02	2.895633380394429038e-02
9.765625000000000203e-07	1.169729991715754737e-02	2.662364182340381039e-02	2.860764507204294205e-02
9.765625000000000203e-07	1.171386904186672712e-02	2.657072809256652221e-02	3.039611093699932237e-02
9.765625000000000203e-07	1.160056677247641929e-02	2.658158506105863517e-02	2.852714045438915422e-02
9.765625000000000203e-07	1.167779817333127433e-02	2.667205025446820615e-02	2.894473972264677286e-02
9.765625000000000203e-07	1.169912803212723625e-02	2.657897058016186684e-02	2.935553160496056149e-02
9.765625000000000203e-07	1.166150702999004321e-02	2.656824148079643677e-02	2.849310343153774877e-02
9.765625000000000203e-07	1.160478145003301410e-02	2.663164080671615030e-02	2.890935791656374862e-02
9.765625000000000203e-07	1.169970000992730068e-02	2.675824813271692262e-02	2.893549315631389549e-02
9.765625000000000203e-07	1.169920433962792425e-02	2.684277803661467426e-02	2.871261616237461706e-02
9.765625000000000203e-07	1.165632623122650653e-02	2.702798933785467358e-02	2.930538747459649970e-02
