1.000000000000000021e-03	4.168885369818178810e-01	3.515584035069530544e-01	3.474986061453819164e-01
1.000000000000000021e-03	2.738301980332484842e-01	2.478979907890888901e-01	2.367815930396318380e-01
1.000000000000000021e-03	2.361024787271348846e-01	4.528474823342568123e-01	4.513671420514583366e-01
1.000000000000000021e-03	2.160979712023299582e-01	3.371118174485511210e-01	3.337760433554649575e-01
1.000000000000000021e-03	1.993498125478165850e-01	2.628020189351436553e-01	2.539300415664911270e-01
1.000000000000000021e-03	1.830447133654352632e-01	1.945484998338509741e-01	1.870890870690345709e-01
1.000000000000000021e-03	1.699757313506418677e-01	1.412489191087752671e-01	1.328671179711818640e-01
1.000000000000000021e-03	1.624997312364500623e-01	1.219363403335915752e-01	1.168909566476941109e-01
1.000000000000000021e-03	1.507202280580199893e-01	1.118918315200281427e-01	1.056387385353445979e-01
1.000000000000000021e-03	1.485376139889282021e-01	1.215724928684883688e-01	1.148280128836631775e-01
1.000000000000000021e-03	1.401486263814674393e-01	1.363955016457597536e-01	1.272309936583042034e-01
1.000000000000000021e-03	1.348266393388337092e-01	1.585702350002308747e-01	1.510347060859203450e-01
1.000000000000000021e-03	1.291032949936050112e-01	1.096511185169219971e-01	1.049303270876407596e-01
1.000000000000000021e-03	1.286531648619740897e-01	1.937533785535403008e-01	1.870777819305658451e-01
1.000000000000000021e-03	1.226532870644639617e-01	1.246281613386114179e-01	1.208517925813794164e-01
1.000000000000000021e-03	1.193229444411655349e-01	9.583258695159282969e-02	9.244385566562414447e-02
1.000000000000000021e-03	1.141787745153890060e-01	1.043244677532405712e-01	1.048524307087063817e-01
1.000000000000000021e-03	1.092610645642663331e-01	8.180465367842094937e-02	7.698653498664498329e-02
1.000000000000000021e-03	1.066850357758853257e-01	1.093470444073851855e-01	1.057777684181928635e-01
1.000000000000000021e-03	1.025577249236235833e-01	8.897481162432600843e-02	8.735755402594805319e-02
1.000000000000000021e-03	1.004180039337133484e-01	8.314883383234758507e-02	8.307587290182709416e-02
1.000000000000000021e-03	9.862470970103877355e-02	9.682744850662990121e-02	9.243291895836591721e-02
1.000000000000000021e-03	9.332049789948473895e-02	7.485045701343351343e-02	7.278373977169394493e-02
1.000000000000000021e-03	9.044697923654036742e-02	7.838952886574555856e-02	7.664011558517813683e-02
1.000000000000000021e-03	8.877972637180189808e-02	7.864903065702677498e-02	7.751545300707221586e-02
1.000000000000000021e-03	8.660283684080391509e-02	8.945093436546974752e-02	8.704613186419010717e-02
1.000000000000000021e-03	8.438687417883732056e-02	9.503298042176282212e-02	9.337804391980171481e-02
1.000000000000000021e-03	8.261609646107583027e-02	9.136641805708720088e-02	8.550611454993486960e-02
1.000000000000000021e-03	8.163428636849655307e-02	7.532577187369006444e-02	7.690322725102305412e-02
1.000000000000000021e-03	8.164548676042726605e-02	7.372095203758534387e-02	7.128074914216994684e-02
1.000000000000000021e-03	7.903579804762426997e-02	7.098238529023075116e-02	7.186779668554663103e-02
1.000000000000000021e-03	7.539590860761966051e-02	8.609965535280592053e-02	8.345172889530658167e-02
1.000000000000000021e-03	7.531773258453541842e-02	6.919644548708855925e-02	6.699393391609191617e-02
1.000000000000000021e-03	7.409363778534498735e-02	6.733017477221514557e-02	6.566252987831830423e-02
1.000000000000000021e-03	7.371103445446165747e-02	6.696498789946446484e-02	6.540110763162373941e-02
1.000000000000000021e-03	7.315153217267129915e-02	9.346939900314620020e-02	9.117314517498016635e-02
1.000000000000000021e-03	7.001968363322720601e-02	7.580828249298465771e-02	7.182679977267980576e-02
1.000000000000000021e-03	6.954050488843691036e-02	1.143619272643358886e-01	1.114396078512072535e-01
1.000000000000000021e-03	6.864267533700295354e-02	6.612914287685099646e-02	6.242393897846341272e-02
1.000000000000000021e-03	7.014002003005384567e-02	6.687471340776113271e-02	6.817052224650979597e-02
1.000000000000000021e-03	6.827655821223810317e-02	6.110085851234915710e-02	5.713185956701636453e-02
1.000000000000000021e-03	6.504153396767402284e-02	6.731612627340860522e-02	6.486974246799945276e-02
1.000000000000000021e-03	6.405762112534205133e-02	7.077408539063019532e-02	7.043151473626493853e-02
1.000000000000000021e-03	6.399709826910683630e-02	5.551721928007315870e-02	5.765516161918639998e-02
1.000000000000000021e-03	6.317838850480446411e-02	6.568832941236296685e-02	6.467362474650144299e-02
1.000000000000000021e-03	6.549180523557951439e-02	7.227300868140465462e-02	7.242415575310587328e-02
1.000000000000000021e-03	6.450959549888474198e-02	7.255130345050576912e-02	7.522087059915065488e-02
1.000000000000000021e-03	6.216108761489425732e-02	6.199294535433434727e-02	6.332148686051368436e-02
1.000000000000000021e-03	6.098605361899849669e-02	7.731060572553680177e-02	8.085081866011023521e-02
1.000000000000000021e-03	6.123738303572511671e-02	5.843368192149706736e-02	5.919666588306427002e-02
1.000000000000000021e-03	6.089558630938998740e-02	6.682473655146453639e-02	6.422857986763119698e-02
1.000000000000000021e-03	5.970754563687082073e-02	5.572143784134175881e-02	5.931727029383182526e-02
1.000000000000000021e-03	5.890268335523059229e-02	5.670360345100856903e-02	5.684313476085663119e-02
1.000000000000000021e-03	5.715962078090737475e-02	6.786607010826389841e-02	7.088820664212107381e-02
1.000000000000000021e-03	5.721549292102048878e-02	5.943106341112346785e-02	5.657676113769412318e-02
1.000000000000000021e-03	5.660413111245271578e-02	6.680136257831338631e-02	6.565863667055964192e-02
1.000000000000000021e-03	5.529825714995966618e-02	5.413552083036038409e-02	5.354782259091735164e-02
1.000000000000000021e-03	5.494431723635199299e-02	5.342449013787414075e-02	5.232050940394401828e-02
1.000000000000000021e-03	5.616524312569347310e-02	5.732430006665085315e-02	5.855624750256538391e-02
1.000000000000000021e-03	5.589127605602171173e-02	5.257795222532686552e-02	4.786560116335749487e-02
1.000000000000000021e-03	5.421152333942972495e-02	5.655920850746918443e-02	5.497156651690602441e-02
1.000000000000000021e-03	5.414442040476950130e-02	5.444225602593097402e-02	5.187525721266865453e-02
1.000000000000000021e-03	5.328190153212204738e-02	4.779145219095090602e-02	4.630741025321185450e-02
1.000000000000000021e-03	5.360995970532046739e-02	5.571621529640951448e-02	5.285511398687958717e-02
1.000000000000000021e-03	5.296310749925659672e-02	5.095894098359876612e-02	5.363588966429233551e-02
1.000000000000000021e-03	5.155756920706123375e-02	7.540325020776368625e-02	7.847731569781898897e-02
1.000000000000000021e-03	5.235183744898814356e-02	5.506665216690583009e-02	5.742054283618926863e-02
1.000000000000000021e-03	5.201130983738825458e-02	4.859948907223047426e-02	5.184327894821762900e-02
1.000000000000000021e-03	5.092061575070899043e-02	6.493150524756047259e-02	6.372763626277447302e-02
1.000000000000000021e-03	5.114477059092543965e-02	5.055203888545797830e-02	5.195394307374954362e-02
1.000000000000000021e-03	5.014001250964843226e-02	4.909910083168152195e-02	4.942596135661005835e-02
1.000000000000000021e-03	4.987820536830073204e-02	4.888448142568478649e-02	4.888040674850344797e-02
1.000000000000000021e-03	5.023616258815633007e-02	5.389346716759716577e-02	5.494038015604019165e-02
1.000000000000000021e-03	4.913121244938932486e-02	5.505733584000178232e-02	5.626350138336420198e-02
1.000000000000000021e-03	4.885753276235076797e-02	6.528927840253445636e-02	6.343326931819319447e-02
1.000000000000000021e-03	4.917438275171547024e-02	5.650165766789651267e-02	5.838932069018483439e-02
1.000000000000000021e-03	4.857397079576129817e-02	4.830841382682635188e-02	4.611335839144885262e-02
1.000000000000000021e-03	4.742317226102631122e-02	4.989384036725728194e-02	4.735456174239516258e-02
1.000000000000000021e-03	4.779807151495162054e-02	4.611510815615741526e-02	4.452447062358259877e-02
1.000000000000000021e-03	4.676405660626047761e-02	4.505780158827753928e-02	4.637734661810100079e-02
1.000000000000000021e-03	4.776558602026134692e-02	4.699910579356535861e-02	4.540722258388996124e-02
1.000000000000000021e-03	4.803102836988046992e-02	5.032798446987935687e-02	4.641887843608856479e-02
1.000000000000000021e-03	4.621857786773248683e-02	5.384615227502054235e-02	5.025057010352611264e-02
1.000000000000000021e-03	4.552365334649256801e-02	4.861692015413214552e-02	4.445518925786018372e-02
1.000000000000000021e-03	4.550739305788448208e-02	4.819976721758617577e-02	4.551722342148423195e-02
1.000000000000000021e-03	4.582798623367753676e-02	4.930833301931151352e-02	4.546385314315557619e-02
1.000000000000000021e-03	4.488591497645882944e-02	5.206572434118904996e-02	5.119343241676688194e-02
1.000000000000000021e-03	4.466358231789085281e-02	5.920920228458823736e-02	5.612317407503723821e-02
1.000000000000000021e-03	4.603202554541940827e-02	4.748198409511156931e-02	4.633958712220191678e-02
1.000000000000000021e-03	4.493329328673915241e-02	5.392456620307493204e-02	5.097348736599087438e-02
1.000000000000000021e-03	4.450169698795202605e-02	4.883686359484157996e-02	4.602884761989116391e-02
1.000000000000000021e-03	4.452449430501898009e-02	4.663126041907914715e-02	4.495722530409693857e-02
1.000000000000000021e-03	4.345033861102927386e-02	5.454713439676150272e-02	4.868139764294028560e-02
1.000000000000000021e-03	4.508100994854489368e-02	4.810412196900831772e-02	4.663220304064452648e-02
1.000000000000000021e-03	4.310591059014712290e-02	5.037719294116758950e-02	5.260645560920238634e-02
1.000000000000000021e-03	4.334691151707861789e-02	5.392938273037291286e-02	5.238521480932831903e-02
1.000000000000000021e-03	4.270127739642441689e-02	5.154932387836316798e-02	4.616202129982412139e-02
1.000000000000000021e-03	4.237416266003724702e-02	5.813270530307480116e-02	5.464346725493669787e-02
1.000000000000000021e-03	4.360962673965375347e-02	4.911618659282541988e-02	4.939455986022948941e-02
1.000000000000000021e-03	4.301032910276249982e-02	5.156936445785442746e-02	5.349889351055026054e-02
1.000000000000000021e-03	4.167264781203153245e-02	4.286329623760352925e-02	4.027054184116422852e-02
1.000000000000000021e-03	4.394278784649291447e-02	4.877987410385570960e-02	5.050043463706969937e-02
1.000000000000000021e-03	4.180298219778948166e-02	4.676022628292987593e-02	4.589677732437848906e-02
1.000000000000000021e-03	4.232388078394915681e-02	5.065640588705452169e-02	5.010905219241976877e-02
1.000000000000000021e-03	4.164139186684963356e-02	4.662368815216718504e-02	4.819986862130463262e-02
1.000000000000000021e-03	4.060653294910692573e-02	4.696102599315930132e-02	4.338613338768482208e-02
1.000000000000000021e-03	4.082172970791900224e-02	4.439707196936869271e-02	4.222988602705299993e-02
1.000000000000000021e-03	4.083223867491797554e-02	4.494544051353532160e-02	4.477489073760807653e-02
1.000000000000000021e-03	4.092364110715726588e-02	6.470741651445159615e-02	6.617874065414071361e-02
1.000000000000000021e-03	4.056754863239638714e-02	4.036683444889428013e-02	3.884403049014508585e-02
1.000000000000000021e-03	4.090259302301314098e-02	4.965940414298891659e-02	4.642431959509849687e-02
1.000000000000000021e-03	4.055582240024509233e-02	4.471306395546303936e-02	4.804842229932546754e-02
1.000000000000000021e-03	4.045427513892321802e-02	4.185444303832128871e-02	3.741670818999409676e-02
1.000000000000000021e-03	4.030303712208268413e-02	4.444849542805349302e-02	4.066167683340608796e-02
1.000000000000000021e-03	4.011836641919411944e-02	4.454115339364680959e-02	4.028003215789795199e-02
1.000000000000000021e-03	3.942245074968791368e-02	5.099750087835401569e-02	4.909002054482698718e-02
1.000000000000000021e-03	3.978046458138671804e-02	4.263113921810507412e-02	3.938455027528107305e-02
1.000000000000000021e-03	3.875726305052352300e-02	5.020619940539305243e-02	4.784890050068497935e-02
1.000000000000000021e-03	3.816604887965877740e-02	5.077457556705824299e-02	4.763471782207488736e-02
1.000000000000000021e-03	3.946596352950197673e-02	4.600411453601265660e-02	4.231660524383187155e-02
1.000000000000000021e-03	3.984552539382271025e-02	4.156080030724015884e-02	3.829811043106019774e-02
1.000000000000000021e-03	3.868103447982985943e-02	4.434051181321368995e-02	3.971032993867993494e-02
1.000000000000000021e-03	3.986730809589504598e-02	4.320001456867025857e-02	4.006622172892093658e-02
1.000000000000000021e-03	3.824062999435432625e-02	4.444682468411498277e-02	4.686936796642839770e-02
1.000000000000000021e-03	3.869010438712409961e-02	4.611500018125117006e-02	4.067437960766255578e-02
1.000000000000000021e-03	3.824852053845358840e-02	4.335029992757667705e-02	4.010426322929561138e-02
1.000000000000000021e-03	3.787161940475790300e-02	5.191955192706972089e-02	4.895162703469395360e-02
1.000000000000000021e-03	3.801476681597396740e-02	4.050644454960735524e-02	3.717136275954544683e-02
1.000000000000000021e-03	3.736281966971512214e-02	4.045156525028625882e-02	3.646157192997634411e-02
1.000000000000000021e-03	3.723705288644722083e-02	4.124868103346899378e-02	3.948798384517430982e-02
1.000000000000000021e-03	3.698147920357446050e-02	4.318013747286109788e-02	4.042657013051211695e-02
5.000000000000000104e-04	3.090723711507499874e-02	3.669666144899360466e-02	3.247862947173416753e-02
5.000000000000000104e-04	2.918120878659201736e-02	3.655401307172800179e-02	3.215288324281573296e-02
5.000000000000000104e-04	2.871688306136593177e-02	4.087869429970598933e-02	3.617750145494937758e-02
5.000000000000000104e-04	2.853454513677925256e-02	3.718655353597321439e-02	3.215528884902596474e-02
5.000000000000000104e-04	2.880953864312019511e-02	3.852803250335898322e-02	3.616095096804201880e-02
5.000000000000000104e-04	2.819826360195961876e-02	3.596841738954264373e-02	3.303046468645334105e-02
5.000000000000000104e-04	2.808800716237005307e-02	3.668633444693075729e-02	3.336173538118600984e-02
5.000000000000000104e-04	2.802528474109335088e-02	3.572230273126307531e-02	3.148485124111175676e-02
5.000000000000000104e-04	2.783518468981707392e-02	3.708764399689529895e-02	3.322502626106142720e-02
5.000000000000000104e-04	2.777147290056843423e-02	3.624123945364152860e-02	3.267611367627978186e-02
5.000000000000000104e-04	2.816311545440317032e-02	3.502172218996504882e-02	2.992015220224857400e-02
5.000000000000000104e-04	2.745923528219115436e-02	3.686060666725897439e-02	3.393318597227334976e-02
5.000000000000000104e-04	2.714639565668492890e-02	3.654140440737389806e-02	3.261287640780210356e-02
5.000000000000000104e-04	2.746130038733275019e-02	3.896207809058159499e-02	3.407107149250805656e-02
5.000000000000000104e-04	2.717592837121023466e-02	3.686467865335691513e-02	3.275708514265716215e-02
5.000000000000000104e-04	2.729039733612897978e-02	3.582676066114952318e-02	3.110323864966630866e-02
5.000000000000000104e-04	2.715882292551537180e-02	3.585670228208858584e-02	3.278759988024830541e-02
5.000000000000000104e-04	2.701095749427406822e-02	3.548301672514196647e-02	3.125612949952483177e-02
5.000000000000000104e-04	2.666341155169314053e-02	3.496660783652860011e-02	3.210914894007146220e-02
5.000000000000000104e-04	2.636241543238387539e-02	3.372902086697011914e-02	2.996593364514410496e-02
5.000000000000000104e-04	2.617963292506491485e-02	3.610921465835646021e-02	3.176830057054758072e-02
5.000000000000000104e-04	2.631665707347505961e-02	4.021130661182690386e-02	3.688656054437160214e-02
5.000000000000000104e-04	2.671017407896371029e-02	3.551840993785421174e-02	3.356367666274309020e-02
5.000000000000000104e-04	2.616466202357607337e-02	3.438334577565729799e-02	3.085514032281935076e-02
5.000000000000000104e-04	2.632703449752630404e-02	3.628435632438247599e-02	3.173639583401381692e-02
5.000000000000000104e-04	2.612423708357909310e-02	3.521779935358394786e-02	3.022991698235273292e-02
5.000000000000000104e-04	2.643909236744540481e-02	3.515123610058067810e-02	3.400158854201436320e-02
5.000000000000000104e-04	2.603158341918992286e-02	3.473785250442814471e-02	2.956361835822463036e-02
5.000000000000000104e-04	2.667933401888438957e-02	3.926917421022010912e-02	3.545872331596910954e-02
5.000000000000000104e-04	2.552529872428146995e-02	3.573563696904331899e-02	3.247677013278007369e-02
5.000000000000000104e-04	2.584526031979680893e-02	3.591493800945619319e-02	3.127288850955665250e-02
5.000000000000000104e-04	2.611122542256494664e-02	3.667268338393790683e-02	3.343142117373645167e-02
5.000000000000000104e-04	2.574678512865492125e-02	3.854930077079703199e-02	3.632101872935891013e-02
5.000000000000000104e-04	2.567428584444082437e-02	3.439743593530193017e-02	3.224247731268405776e-02
5.000000000000000104e-04	2.556734001876189225e-02	3.605670845672410280e-02	3.206203696317970475e-02
5.000000000000000104e-04	2.564996513665381353e-02	3.461802926363120869e-02	3.060604729689657758e-02
5.000000000000000104e-04	2.508076906438273454e-02	4.125627743675134435e-02	3.651340894866735021e-02
5.000000000000000104e-04	2.535760792382949977e-02	3.749566699782903162e-02	3.437687796540558199e-02
5.000000000000000104e-04	2.516225904633722851e-02	3.559189343444651987e-02	3.273550416342914382e-02
5.000000000000000104e-04	2.521670251703317725e-02	3.444266949258549537e-02	3.132952116429806033e-02
5.000000000000000104e-04	2.517305977627366451e-02	3.479123045324655078e-02	3.296583550982177396e-02
2.500000000000000052e-04	2.199870482121809440e-02	3.626195545166886747e-02	3.232000125572085519e-02
2.500000000000000052e-04	2.158034907912899369e-02	3.256417369148181806e-02	2.827552068047225337e-02
2.500000000000000052e-04	2.154241042258244962e-02	3.191483155361021090e-02	2.735822554677724838e-02
2.500000000000000052e-04	2.101418710356538211e-02	3.303544955688933471e-02	3.050490370951592853e-02
2.500000000000000052e-04	2.099987887736754627e-02	3.220978399728917363e-02	2.905670977197587559e-02
2.500000000000000052e-04	2.101097649441183504e-02	3.272628621320138043e-02	2.898951335810124805e-02
2.500000000000000052e-04	2.106861623763656502e-02	3.271066759230266408e-02	2.749932850711047511e-02
2.500000000000000052e-04	2.064010159314597775e-02	3.180801184818694838e-02	2.849359074607491632e-02
2.500000000000000052e-04	2.067662156151782102e-02	3.300732765249244499e-02	2.990129394456744055e-02
2.500000000000000052e-04	2.078815717835232751e-02	3.399022522319049971e-02	3.132404414936899861e-02
2.500000000000000052e-04	2.065317607861296215e-02	3.587734013678827577e-02	3.266233410686254779e-02
2.500000000000000052e-04	2.071551438486024868e-02	3.437195249213910453e-02	3.083474379964172910e-02
2.500000000000000052e-04	2.079016460434096603e-02	3.373701076623032702e-02	3.085775366052985122e-02
2.500000000000000052e-04	2.061740809606215849e-02	3.174289796715943496e-02	2.768674229737371276e-02
2.500000000000000052e-04	2.063840744478401615e-02	3.217336840693551386e-02	2.869678861461579661e-02
2.500000000000000052e-04	2.021780785296703811e-02	3.247685984986302399e-02	2.911730860359966824e-02
2.500000000000000052e-04	2.035597624141265508e-02	3.174140505219629621e-02	3.456723387353122234e-02
2.500000000000000052e-04	2.045554785711290943e-02	3.359843038646650321e-02	2.952788691036403040e-02
2.500000000000000052e-04	2.025010620383085186e-02	3.184464741595752907e-02	2.717140875756740570e-02
2.500000000000000052e-04	2.041869623550778001e-02	3.287057950117513311e-02	2.810199414379894664e-02
2.500000000000000052e-04	1.994955138459914359e-02	3.224190578098696386e-02	2.855482730083167692e-02
2.500000000000000052e-04	2.026024974780747667e-02	3.228927457324809458e-02	2.895205491222441196e-02
2.500000000000000052e-04	2.017207377779320701e-02	3.513608757816059913e-02	3.178343148902058879e-02
2.500000000000000052e-04	2.037080723592938833e-02	3.200391688779074401e-02	2.764440081082284589e-02
2.500000000000000052e-04	2.018490550284332899e-02	3.153082349030447012e-02	2.640678267925977707e-02
2.500000000000000052e-04	2.006875782166978733e-02	3.355649550547774862e-02	2.959513766691088815e-02
2.500000000000000052e-04	2.020055380903960224e-02	3.179609807725040233e-02	2.876076400279998710e-02
2.500000000000000052e-04	1.985572736142523012e-02	3.289948359950986556e-02	2.914020675234496593e-02
2.500000000000000052e-04	1.997624820508951335e-02	3.280993970354813966e-02	2.910444852896034579e-02
2.500000000000000052e-04	1.995855561225150232e-02	3.241843335252470037e-02	2.790216654539108207e-02
2.500000000000000052e-04	1.974484546369005555e-02	3.220750143780758135e-02	2.929971618577837875e-02
2.500000000000000052e-04	1.977702019299494920e-02	3.175819139557047033e-02	2.853156183846294880e-02
2.500000000000000052e-04	1.985422327438366233e-02	3.153179784388285972e-02	2.817615699023008277e-02
2.500000000000000052e-04	1.978659605820852485e-02	3.600301162500656182e-02	3.223115103319287161e-02
2.500000000000000052e-04	1.986640339544982342e-02	3.450951637475902639e-02	2.982971807941794257e-02
2.500000000000000052e-04	1.968917793606761793e-02	3.158690173822547437e-02	2.712562489323317935e-02
2.500000000000000052e-04	1.958161386985758645e-02	3.223289329929189539e-02	2.915946282446384499e-02
2.500000000000000052e-04	1.955949962074115742e-02	3.182140395474371275e-02	2.827561669982969761e-02
2.500000000000000052e-04	1.987012567560970250e-02	3.280412883580666877e-02	2.918795286677777767e-02
2.500000000000000052e-04	1.956545435696181376e-02	3.537120609617357830e-02	3.122111274860799382e-02
2.500000000000000052e-04	1.972369036413490831e-02	3.190639305918316349e-02	2.764704255387186865e-02
2.500000000000000052e-04	1.962871691986805764e-02	3.145327714530272989e-02	2.730444211047142883e-02
2.500000000000000052e-04	1.942114226537398555e-02	3.221192255772221263e-02	2.906820869538933108e-02
2.500000000000000052e-04	1.949367650425350845e-02	3.113566541858992648e-02	2.758384984917938709e-02
2.500000000000000052e-04	1.956143577481821161e-02	3.194038924902521670e-02	2.800794327631592889e-02
2.500000000000000052e-04	1.922405810204267859e-02	3.241787934724572884e-02	2.941246028058230877e-02
2.500000000000000052e-04	1.949721817989086628e-02	3.379095731917475948e-02	2.958708032965660234e-02
2.500000000000000052e-04	1.920385754853053475e-02	3.376665281336656971e-02	2.918143975548446317e-02
2.500000000000000052e-04	1.913428161382120518e-02	3.185275320880388145e-02	2.721071476116776466e-02
2.500000000000000052e-04	1.927301904469416391e-02	3.305292918458971330e-02	2.890280000865459373e-02
2.500000000000000052e-04	1.920956209488321534e-02	3.215379263054950199e-02	2.848242428153753211e-02
2.500000000000000052e-04	1.923025628349214408e-02	3.240250185600126315e-02	2.957493411377072265e-02
2.500000000000000052e-04	1.905300375615929728e-02	3.164427333477280030e-02	2.775790239684283733e-02
2.500000000000000052e-04	1.900532445856795496e-02	3.229610086540589398e-02	2.830373314209282468e-02
2.500000000000000052e-04	1.917864053622278173e-02	3.104560833950941595e-02	2.678127363324165483e-02
2.500000000000000052e-04	1.885680342174377369e-02	3.228810210151510096e-02	2.859490658156573634e-02
2.500000000000000052e-04	1.912724763781283033e-02	3.150979856624028935e-02	2.830235445871949126e-02
2.500000000000000052e-04	1.895856851936166682e-02	3.207641600080185507e-02	2.732379189692437510e-02
2.500000000000000052e-04	1.892596188284686315e-02	3.240049924915997664e-02	2.830582368187606335e-02
2.500000000000000052e-04	1.904512079266821450e-02	3.126682024156547668e-02	2.828781381249427865e-02
2.500000000000000052e-04	1.873709693650751212e-02	3.241525578717286554e-02	2.824916196987032821e-02
2.500000000000000052e-04	1.885065351249330320e-02	3.123904245842189578e-02	2.641996331512928148e-02
2.500000000000000052e-04	1.898034931707167153e-02	3.052997003011990659e-02	2.590307777281850715e-02
2.500000000000000052e-04	1.876258117500573253e-02	3.173632682813087857e-02	2.785925143398344447e-02
2.500000000000000052e-04	1.878575323319681134e-02	3.212428353336781173e-02	2.710231444798410008e-02
2.500000000000000052e-04	1.866506986859633316e-02	3.121373063216658847e-02	2.730078762397170067e-02
2.500000000000000052e-04	1.877375549098792007e-02	3.097294776637048511e-02	2.744700135663151810e-02
2.500000000000000052e-04	1.860450997942145190e-02	3.214161671425035810e-02	2.747468613088131090e-02
2.500000000000000052e-04	1.865438017842466559e-02	3.160165472648530927e-02	2.757135615684092045e-02
2.500000000000000052e-04	1.867046727354076605e-02	3.518450239683008907e-02	3.081784723326563835e-02
2.500000000000000052e-04	1.861587430742190491e-02	3.249906242400876083e-02	2.923104530200362067e-02
2.500000000000000052e-04	1.871587047077078250e-02	3.210080868481653832e-02	2.756738411262631486e-02
2.500000000000000052e-04	1.837948324248723370e-02	3.175305810157229292e-02	2.724467935040593078e-02
2.500000000000000052e-04	1.858110120167837803e-02	3.084426328383815114e-02	2.680783583782613347e-02
2.500000000000000052e-04	1.860315568578267686e-02	3.166204821610950348e-02	2.749078322667628665e-02
2.500000000000000052e-04	1.852439464800766447e-02	3.252765576291771071e-02	2.864689347334205966e-02
2.500000000000000052e-04	1.824013739141650339e-02	3.278779673404718514e-02	2.851862413808703423e-02
2.500000000000000052e-04	1.851987811818571472e-02	3.146597412439228886e-02	2.780725681222975115e-02
2.500000000000000052e-04	1.843365783564239122e-02	3.248032987975949665e-02	2.950947023928165297e-02
2.500000000000000052e-04	1.833236021048770259e-02	3.166136646848074360e-02	2.774725020863115857e-02
2.500000000000000052e-04	1.836367766792740275e-02	3.144990597700417223e-02	2.810502406209707330e-02
2.500000000000000052e-04	1.824229845203948971e-02	3.250135049340924925e-02	2.838325542397797038e-02
2.500000000000000052e-04	1.827564899478630045e-02	3.063319613230634092e-02	2.656807224266231199e-02
2.500000000000000052e-04	1.821794860344542674e-02	3.119213152579300083e-02	2.702878266572952132e-02
1.250000000000000026e-04	1.652029939938538111e-02	3.296414477974956431e-02	2.942748544737696509e-02
1.250000000000000026e-04	1.628580980312779175e-02	3.304283046870643697e-02	2.847111104056239059e-02
1.250000000000000026e-04	1.619733675909101195e-02	3.128139080762551427e-02	2.769761527888476779e-02
1.250000000000000026e-04	1.628109173109151472e-02	3.014354457522874092e-02	2.661625691689550877e-02
1.250000000000000026e-04	1.622095661982243808e-02	3.101882138606453301e-02	2.744720634073018889e-02
1.250000000000000026e-04	1.621421466463956670e-02	3.025327656047506475e-02	2.560459673404693465e-02
1.250000000000000026e-04	1.608375778477021470e-02	3.108045512430018809e-02	2.752267722971737246e-02
1.250000000000000026e-04	1.611903971608310074e-02	2.988131473045698566e-02	2.643521060235798359e-02
1.250000000000000026e-04	1.609786613960818152e-02	3.058767333353689180e-02	2.676047855056822369e-02
1.250000000000000026e-04	1.603389241033216853e-02	3.007336446518049308e-02	2.697081067599356105e-02
1.250000000000000026e-04	1.587354702795917838e-02	3.075198064611844515e-02	2.740432261489331861e-02
1.250000000000000026e-04	1.607486628832478781e-02	3.015331193531682955e-02	2.624823069199919839e-02
1.250000000000000026e-04	1.585806433843918103e-02	3.060962340711611065e-02	2.666077911853790422e-02
1.250000000000000026e-04	1.606179001877098417e-02	3.090717324606723215e-02	2.807288151234388351e-02
1.250000000000000026e-04	1.598033888851698239e-02	3.243592779361764711e-02	2.868150100111961295e-02
1.250000000000000026e-04	1.585104458853212397e-02	2.971235387202800921e-02	2.660916512832045555e-02
1.250000000000000026e-04	1.583243451347231268e-02	3.030707875354439820e-02	2.676848885603249142e-02
1.250000000000000026e-04	1.589912797013918674e-02	3.074000348673441158e-02	2.673821551725268433e-02
1.250000000000000026e-04	1.592888947740985980e-02	3.193823596296822137e-02	2.875592387281358103e-02
1.250000000000000026e-04	1.588483296503779424e-02	3.037089245949740196e-02	2.611091835424304147e-02
1.250000000000000026e-04	1.578236455309089264e-02	3.035503632696199064e-02	2.628874271176755498e-02
1.250000000000000026e-04	1.578776466477621251e-02	2.998959759728134569e-02	2.645588028244674067e-02
1.250000000000000026e-04	1.578451932471304150e-02	2.999483965610334410e-02	2.621623671147972276e-02
1.250000000000000026e-04	1.572771948383532709e-02	3.099323411262472350e-02	2.767805722542106966e-02
1.250000000000000026e-04	1.575192235954162370e-02	2.953418374003071931e-02	2.551050996407866478e-02
1.250000000000000026e-04	1.568375908460309734e-02	3.013597226930850304e-02	2.643114156089722971e-02
1.250000000000000026e-04	1.570704049003321737e-02	3.207776292729440371e-02	2.777505870908498695e-02
1.250000000000000026e-04	1.573766136315497832e-02	3.018803749213980203e-02	3.418577280826866349e-02
1.250000000000000026e-04	1.556440738450742302e-02	3.134472226402210127e-02	2.767568859271705289e-02
1.250000000000000026e-04	1.560492600071059117e-02	2.978667195554803027e-02	2.610775879584252904e-02
1.250000000000000026e-04	1.569820410144526571e-02	3.074332436848997360e-02	2.806322742253541946e-02
1.250000000000000026e-04	1.536328345862254634e-02	3.039243597907857752e-02	2.642062879167497019e-02
1.250000000000000026e-04	1.553375792861366213e-02	3.019668463207976494e-02	2.626477994490414997e-02
1.250000000000000026e-04	1.555615303677101990e-02	3.011474431692305609e-02	2.682501636445522308e-02
1.250000000000000026e-04	1.543762281682253476e-02	3.116695163527708271e-02	2.921199300326406817e-02
1.250000000000000026e-04	1.556671067634559508e-02	3.036656811911398260e-02	2.627326585352420668e-02
1.250000000000000026e-04	1.562541830253209169e-02	3.115141066035051129e-02	2.735203043557703564e-02
1.250000000000000026e-04	1.557201697746288423e-02	3.011368509108951555e-02	2.639596480876207213e-02
1.250000000000000026e-04	1.555958474212049310e-02	2.992454200436931583e-02	2.571353106759488583e-02
1.250000000000000026e-04	1.549015008942497724e-02	3.281331451424441409e-02	2.888920311816036562e-02
1.250000000000000026e-04	1.544918528681598138e-02	2.967622964911123887e-02	2.647963329218327999e-02
1.250000000000000026e-04	1.545309852602836861e-02	3.011330238577582946e-02	2.652758467011153559e-02
1.250000000000000026e-04	1.545838864521275648e-02	2.955565906827050185e-02	2.581635331735014985e-02
1.250000000000000026e-04	1.536813919682222633e-02	3.309398178615807068e-02	2.991390214301645895e-02
1.250000000000000026e-04	1.547602901897279955e-02	3.050709901016732117e-02	2.754056262783706119e-02
1.250000000000000026e-04	1.557872336034930166e-02	3.190791389431940628e-02	2.837465414777397971e-02
6.250000000000000130e-05	1.456425221200215343e-02	3.078599864646246187e-02	2.704367195256054263e-02
6.250000000000000130e-05	1.445069979202303484e-02	3.024518715110436837e-02	2.662127134390175273e-02
6.250000000000000130e-05	1.431893154820551919e-02	3.132342760748576399e-02	2.758694039657711913e-02
6.250000000000000130e-05	1.451070995870251679e-02	2.945041464865987696e-02	2.542390604503452778e-02
6.250000000000000130e-05	1.441023846543185508e-02	3.069645426777332931e-02	2.690420025028288434e-02
6.250000000000000130e-05	1.430854331615308804e-02	2.962987918250691716e-02	2.639086197596043210e-02
6.250000000000000130e-05	1.434100740451047136e-02	2.976344114276751121e-02	2.605432546697556903e-02
6.250000000000000130e-05	1.430081871813331136e-02	2.972564986707028345e-02	2.823784444481134553e-02
6.250000000000000130e-05	1.427353019953432785e-02	3.074222253099161833e-02	2.719595907256007125e-02
6.250000000000000130e-05	1.432849773882501933e-02	2.952493778893148721e-02	2.553484761156141897e-02
6.250000000000000130e-05	1.429113755008035690e-02	3.172280543839744310e-02	2.838176302611827850e-02
6.250000000000000130e-05	1.422076115255753968e-02	2.998963800010256628e-02	2.628817739896476338e-02
6.250000000000000130e-05	1.426766614400938257e-02	2.940053095875298089e-02	2.562127299606799941e-02
6.250000000000000130e-05	1.430563112951646100e-02	3.017799892701715850e-02	2.641230989247560570e-02
6.250000000000000130e-05	1.425700906258880497e-02	2.979014096635330261e-02	2.586276128422469039e-02
6.250000000000000130e-05	1.422247952126603696e-02	3.021496609438464181e-02	2.678987993858754704e-02
6.250000000000000130e-05	1.429685451785983434e-02	3.185610089899669484e-02	2.863098746165633132e-02
6.250000000000000130e-05	1.433199410364161853e-02	2.920328340059175423e-02	2.588397096842527320e-02
6.250000000000000130e-05	1.414438843382538787e-02	2.919427640931144402e-02	2.523288778029382159e-02
6.250000000000000130e-05	1.413975871119858493e-02	2.964431730084394340e-02	2.658027918078005244e-02
6.250000000000000130e-05	1.433118258631631628e-02	2.983753758126684447e-02	2.624829905107617378e-02
6.250000000000000130e-05	1.425871821125799209e-02	2.940521664741931746e-02	2.555663763778284053e-02
6.250000000000000130e-05	1.419788122300650289e-02	2.972625357864414758e-02	2.618446042761206696e-02
6.250000000000000130e-05	1.414748359961330061e-02	2.930112111903922234e-02	2.571179245132952998e-02
6.250000000000000130e-05	1.417864482295051916e-02	3.020704308944066954e-02	2.719432055018842359e-02
6.250000000000000130e-05	1.422698047269978748e-02	2.932913815456378998e-02	2.645200616680085798e-02
6.250000000000000130e-05	1.411589092795518738e-02	2.937428653727807218e-02	2.578147007152438094e-02
6.250000000000000130e-05	1.417005302979371974e-02	2.940844684956273394e-02	2.571734907105565140e-02
6.250000000000000130e-05	1.421466125679213786e-02	2.913688914118948980e-02	2.566343760117888520e-02
6.250000000000000130e-05	1.412631591555509047e-02	3.021936013280409131e-02	2.697534402832389017e-02
6.250000000000000130e-05	1.410567120515100401e-02	2.952573190477349868e-02	2.548217205330729346e-02
6.250000000000000130e-05	1.407937416774310106e-02	3.000125049062424276e-02	2.621501991525292466e-02
6.250000000000000130e-05	1.408901455941641984e-02	2.926468688272992891e-02	2.576731750741600990e-02
6.250000000000000130e-05	1.415158599970505783e-02	2.961180002687021154e-02	2.625198736786842416e-02
6.250000000000000130e-05	1.420701429390886471e-02	2.984162429786477513e-02	2.627848694100975990e-02
6.250000000000000130e-05	1.413921109569183689e-02	2.917489132000357713e-02	2.521905698813498020e-02
6.250000000000000130e-05	1.398489189482120081e-02	3.083358525118122528e-02	2.685607583262026449e-02
6.250000000000000130e-05	1.415711706271259585e-02	2.911630924791097641e-02	2.602797700092196465e-02
6.250000000000000130e-05	1.410164607611851667e-02	2.982774236439410254e-02	2.699709481094032457e-02
6.250000000000000130e-05	1.398878487356878218e-02	2.909092168221298971e-02	2.579303304664790769e-02
6.250000000000000130e-05	1.401792734768187408e-02	3.144703469975456550e-02	2.768864864483475824e-02
6.250000000000000130e-05	1.412306971839342486e-02	2.990981683876189900e-02	2.609134721569716930e-02
6.250000000000000130e-05	1.402381502109221675e-02	2.909793624781189039e-02	2.615516069345176151e-02
6.250000000000000130e-05	1.408508331138356821e-02	2.981490359997562151e-02	2.636052053421735625e-02
6.250000000000000130e-05	1.404740751751846518e-02	3.003900561540226791e-02	2.656511408276856015e-02
6.250000000000000130e-05	1.395304659419433456e-02	2.954170486221762912e-02	2.621890390291809966e-02
6.250000000000000130e-05	1.406983673191125953e-02	2.955531271379343433e-02	2.605328131467104028e-02
6.250000000000000130e-05	1.403170089828475672e-02	3.031547775209262122e-02	2.650946751236915588e-02
6.250000000000000130e-05	1.395867070819209466e-02	2.952161685841557873e-02	2.636396600864827564e-02
6.250000000000000130e-05	1.390441952283001659e-02	2.910185022601438284e-02	2.561904233880341053e-02
6.250000000000000130e-05	1.397289547293407465e-02	3.034628955013464816e-02	2.679051309823989729e-02
6.250000000000000130e-05	1.392237586036992013e-02	3.029880832627181511e-02	2.753430870361626287e-02
6.250000000000000130e-05	1.386312434179984635e-02	2.989330641067152947e-02	2.633352009579539160e-02
6.250000000000000130e-05	1.393933658861382270e-02	2.999167436373015305e-02	2.617812831886112690e-02
6.250000000000000130e-05	1.392569594408118311e-02	2.945160566882781480e-02	2.562440037727355818e-02
6.250000000000000130e-05	1.401521938182782000e-02	2.990955089009245116e-02	2.648319746367633343e-02
6.250000000000000130e-05	1.394714290951229625e-02	2.931651610549519671e-02	2.539428547024726729e-02
6.250000000000000130e-05	1.385472179187322017e-02	3.010975102362520306e-02	2.664702106267213821e-02
6.250000000000000130e-05	1.394281954975357639e-02	2.927630607292290230e-02	2.597056883387267520e-02
6.250000000000000130e-05	1.404766138283283436e-02	2.988487614211455742e-02	2.593372999690473149e-02
6.250000000000000130e-05	1.397507662715313445e-02	3.094524523994217347e-02	2.765893940813839505e-02
3.125000000000000065e-05	1.351667443477809309e-02	2.956298628519654983e-02	2.559935902245342662e-02
3.125000000000000065e-05	1.353929394074846262e-02	3.013094005550389504e-02	2.669771127402782371e-02
3.125000000000000065e-05	1.342763616083110685e-02	2.968210987356632857e-02	2.612521769478916983e-02
3.125000000000000065e-05	1.338709123192085258e-02	3.057272369480882115e-02	2.685642377473413875e-02
3.125000000000000065e-05	1.333102399706537038e-02	3.025862016758993495e-02	2.680100700818002085e-02
3.125000000000000065e-05	1.337330051388433381e-02	2.927200316271076630e-02	2.587265335023403168e-02
3.125000000000000065e-05	1.336157808449810712e-02	2.924423228890795853e-02	2.541237059049308161e-02
3.125000000000000065e-05	1.333428179512560069e-02	2.908401043490745769e-02	2.607776203658431630e-02
3.125000000000000065e-05	1.347918453457840580e-02	2.957926019636124282e-02	2.593328934162855010e-02
3.125000000000000065e-05	1.335283703321873787e-02	2.931125673675100130e-02	2.556579932570457458e-02
3.125000000000000065e-05	1.333581985620789327e-02	2.935393059538453017e-02	2.560854428447783063e-02
3.125000000000000065e-05	1.335918795644647564e-02	2.938258293918602146e-02	2.622140648309141328e-02
3.125000000000000065e-05	1.335654859612584767e-02	2.940873686146205576e-02	2.606968581676483154e-02
3.125000000000000065e-05	1.331853283701411525e-02	2.906493156543733108e-02	2.573050595819949965e-02
3.125000000000000065e-05	1.332437391856109918e-02	2.909894526511898685e-02	2.520944825373589923e-02
3.125000000000000065e-05	1.338316271121658615e-02	2.953301723168782686e-02	2.598036667332053254e-02
3.125000000000000065e-05	1.335271761642683325e-02	2.906737693083224008e-02	2.539020478725433419e-02
3.125000000000000065e-05	1.337871619203865291e-02	3.033467753746434820e-02	2.722731479443609576e-02
3.125000000000000065e-05	1.335077254787529581e-02	2.926709287414688138e-02	2.599006649106740813e-02
3.125000000000000065e-05	1.343405349564767357e-02	2.948026520965611047e-02	2.578963898122310638e-02
3.125000000000000065e-05	1.330357508483565564e-02	3.089029252217078206e-02	2.752903886139392714e-02
3.125000000000000065e-05	1.331297726245242626e-02	2.972095518212043708e-02	2.642682539299130370e-02
3.125000000000000065e-05	1.334799581368244052e-02	2.926074396038710890e-02	2.580536589957773547e-02
3.125000000000000065e-05	1.330100774273076936e-02	2.959580774570166883e-02	2.594781420193612714e-02
3.125000000000000065e-05	1.333797081802181282e-02	2.928198342021379186e-02	2.593166688457131455e-02
3.125000000000000065e-05	1.328522409027991721e-02	2.942997810104130280e-02	2.605282999575138023e-02
3.125000000000000065e-05	1.336686495461822388e-02	2.984116477550480262e-02	2.632040444295853307e-02
3.125000000000000065e-05	1.321329673077128834e-02	3.047495020348676281e-02	2.732242792844772478e-02
3.125000000000000065e-05	1.325616295275523771e-02	2.968329193158299531e-02	2.613216033205389977e-02
3.125000000000000065e-05	1.325261854084989858e-02	2.914457149920663195e-02	2.608406506478786607e-02
3.125000000000000065e-05	1.335463942114725397e-02	2.999721761032236866e-02	2.680435790680348734e-02
3.125000000000000065e-05	1.323420902223279051e-02	2.937101258735382026e-02	2.634524190798401971e-02
3.125000000000000065e-05	1.329683923336431872e-02	2.947019718353348708e-02	2.593841454945504735e-02
3.125000000000000065e-05	1.327966401351311256e-02	2.950650167344284411e-02	2.635296951048076222e-02
3.125000000000000065e-05	1.319549622641547938e-02	2.940836557094495332e-02	2.660417649894952774e-02
1.562500000000000033e-05	1.301803192694808535e-02	2.915131226084463276e-02	2.577142608352005551e-02
1.562500000000000033e-05	1.297340418605990968e-02	3.024020729615738146e-02	2.733729472383856704e-02
1.562500000000000033e-05	1.295592385891948528e-02	2.986172861687800065e-02	2.652974491938948562e-02
1.562500000000000033e-05	1.299472169602780731e-02	2.923910812284621907e-02	2.601776216179132323e-02
1.562500000000000033e-05	1.301219686405292141e-02	2.940591691422680953e-02	2.601449876092374464e-02
1.562500000000000033e-05	1.299027520177182572e-02	3.005397173512668399e-02	2.646401897072792053e-02
1.562500000000000033e-05	1.294165697959731229e-02	3.000346838413732800e-02	2.715382766909897258e-02
1.562500000000000033e-05	1.288957269499300604e-02	2.944974268235617254e-02	2.607263796962797781e-02
1.562500000000000033e-05	1.288530808169700316e-02	2.917856697227162385e-02	2.559558518696576287e-02
1.562500000000000033e-05	1.288696466888224722e-02	2.928439158146605922e-02	2.682380592450499604e-02
1.562500000000000033e-05	1.290262483034354361e-02	2.918847985273100368e-02	2.618775870651006768e-02
1.562500000000000033e-05	1.296523255103718998e-02	2.938800196880133470e-02	2.614005561918020248e-02
1.562500000000000033e-05	1.293718045763779696e-02	2.973829640845977729e-02	2.636909652501344750e-02
1.562500000000000033e-05	1.296644206194032603e-02	2.894800073949922378e-02	2.555865952745079925e-02
1.562500000000000033e-05	1.290984298473678120e-02	2.938152424971626764e-02	2.621017717756330898e-02
1.562500000000000033e-05	1.302587620642007941e-02	2.934485257003476011e-02	2.583913099952041964e-02
1.562500000000000033e-05	1.296582688274617277e-02	2.990382366584545815e-02	2.658098917454481194e-02
1.562500000000000033e-05	1.298568082064251519e-02	3.022064521655206185e-02	2.697354848496615748e-02
1.562500000000000033e-05	1.295472086564902585e-02	3.048035262532883261e-02	2.718877899460494380e-02
1.562500000000000033e-05	1.302099858918305889e-02	3.009773991728952394e-02	2.701206910423934598e-02
1.562500000000000033e-05	1.287598306163625396e-02	2.935375508252550947e-02	2.613462926819920540e-02
1.562500000000000033e-05	1.298077156552703525e-02	2.929531558080337300e-02	2.583786444738507201e-02
1.562500000000000033e-05	1.291748516097959536e-02	2.941435855857208598e-02	2.585648461245000293e-02
1.562500000000000033e-05	1.286816072648628434e-02	3.026170725324702979e-02	2.710813835728913615e-02
1.562500000000000033e-05	1.286730808089419503e-02	2.956424319034159365e-02	2.653011176735162874e-02
1.562500000000000033e-05	1.285773290103434628e-02	2.963294057633864345e-02	2.705542435869574477e-02
1.562500000000000033e-05	1.294782971844094487e-02	2.923677739789660654e-02	2.628974821418523719e-02
1.562500000000000033e-05	1.294479135926671944e-02	2.958257984448009817e-02	2.745397058315575053e-02
1.562500000000000033e-05	1.287965257280983440e-02	2.990397543729287830e-02	2.640013378113508294e-02
1.562500000000000033e-05	1.289651035360987567e-02	2.944991790752916547e-02	2.600036021322011878e-02
1.562500000000000033e-05	1.288467742271890391e-02	2.936895979149023103e-02	2.613370020408183406e-02
1.562500000000000033e-05	1.288834274348268048e-02	2.938713540971591223e-02	2.626501750200986932e-02
1.562500000000000033e-05	1.291872213858463042e-02	2.996168346071118385e-02	2.733314400538802008e-02
1.562500000000000033e-05	1.294838285957825540e-02	2.996893218323510438e-02	2.690477818250656267e-02
1.562500000000000033e-05	1.296398135952092460e-02	2.928599618687367442e-02	2.756132706999778886e-02
7.812500000000000163e-06	1.274856582658886496e-02	2.911997869298720357e-02	2.570015701930970092e-02
7.812500000000000163e-06	1.276017617598964801e-02	2.917636390677921451e-02	2.595173460431397100e-02
7.812500000000000163e-06	1.273992804836410371e-02	3.029546938368475259e-02	2.689330296125263045e-02
7.812500000000000163e-06	1.275310986726791232e-02	3.079136973003130176e-02	2.743446952663362165e-02
7.812500000000000163e-06	1.279462107206375682e-02	2.896567535006407124e-02	2.587235649116337299e-02
7.812500000000000163e-06	1.281885722345429274e-02	2.919564726250490141e-02	2.587226368486881395e-02
7.812500000000000163e-06	1.274798732384207177e-02	2.925610989917323129e-02	2.636210708878934314e-02
7.812500000000000163e-06	1.269989918024561418e-02	2.926979214440621549e-02	2.616839534603059361e-02
7.812500000000000163e-06	1.263950016444907558e-02	2.920571022730379315e-02	2.686693943105638097e-02
7.812500000000000163e-06	1.276697401079788553e-02	2.908795805774746016e-02	2.586581227369606426e-02
7.812500000000000163e-06	1.274352322872717228e-02	2.957904485117702695e-02	2.608380781020969152e-02
7.812500000000000163e-06	1.276878810906484710e-02	2.992277229643617101e-02	2.664824975654482911e-02
7.812500000000000163e-06	1.275013660450767701e-02	2.957726131481025825e-02	2.628265114035457234e-02
7.812500000000000163e-06	1.275079537301154753e-02	2.935924903240971426e-02	2.595682074315846036e-02
7.812500000000000163e-06	1.268634634740420895e-02	2.912453097335174906e-02	2.608155477792024543e-02
7.812500000000000163e-06	1.278792686761509069e-02	2.932263702076142939e-02	2.589943520724773476e-02
7.812500000000000163e-06	1.270090547401659525e-02	2.984490448423705172e-02	2.652131486684083939e-02
7.812500000000000163e-06	1.274115956751949337e-02	2.939082768926133682e-02	2.622599219903349807e-02
7.812500000000000163e-06	1.276423413319477396e-02	2.961479676448549800e-02	2.637675465084612231e-02
7.812500000000000163e-06	1.273612663829227880e-02	3.026623506079481607e-02	2.727006897330284257e-02
7.812500000000000163e-06	1.274655941021024530e-02	2.941489979839293639e-02	2.652315625455230544e-02
3.906250000000000081e-06	1.262948757748337883e-02	2.954799811604447504e-02	2.624533376656472752e-02
3.906250000000000081e-06	1.262826367929889906e-02	2.908050304971128083e-02	2.551384991966187954e-02
3.906250000000000081e-06	1.270793876954727682e-02	2.902390371461969348e-02	2.838550701271742513e-02
3.906250000000000081e-06	1.267051651674025274e-02	2.982679125487180255e-02	2.647907766513526301e-02
3.906250000000000081e-06	1.265095777152980619e-02	2.967754048319699162e-02	2.633430613204836707e-02
3.906250000000000081e-06	1.263695006508547096e-02	2.929151675015375864e-02	2.570523717440664768e-02
3.906250000000000081e-06	1.270056313468298330e-02	2.925970642315467787e-02	2.580915535800159047e-02
3.906250000000000081e-06	1.266759291449437094e-02	2.896800584096402911e-02	2.629049355164170265e-02
3.906250000000000081e-06	1.271739147236183864e-02	2.906087219364043850e-02	2.572457632049918175e-02
3.906250000000000081e-06	1.269521285281876959e-02	2.954978762067737505e-02	2.630831440910696983e-02
3.906250000000000081e-06	1.274099019548404453e-02	2.957823291342919977e-02	2.634925353340804646e-02
3.906250000000000081e-06	1.270782924297852480e-02	2.962101281118330667e-02	2.616157471202313831e-02
3.906250000000000081e-06	1.266737328246322555e-02	2.912775940061863855e-02	2.662924889009445767e-02
3.906250000000000081e-06	1.268735200214379105e-02	2.948720915564847708e-02	2.622801954858005116e-02
3.906250000000000081e-06	1.266699572434565498e-02	3.002455104532510133e-02	2.678386820480227470e-02
3.906250000000000081e-06	1.271432277043807804e-02	2.941434219947660147e-02	2.595551847480237484e-02
3.906250000000000081e-06	1.271486566404726910e-02	2.919471827067473754e-02	2.607320938259363036e-02
3.906250000000000081e-06	1.267529834807352464e-02	2.908455858406908123e-02	2.571876258589327405e-02
3.906250000000000081e-06	1.266857110849164969e-02	2.945763447580381292e-02	2.731181094422936370e-02
3.906250000000000081e-06	1.266268982729154557e-02	2.896128367652131552e-02	2.576447757892310481e-02
3.906250000000000081e-06	1.261422921588656321e-02	2.922344073185121835e-02	2.605623169802129269e-02
1.953125000000000041e-06	1.260123409844453833e-02	2.903694509777255198e-02	2.617448186501860480e-02
1.953125000000000041e-06	1.273906589829736265e-02	2.919112111768485535e-02	2.597272037528455119e-02
1.953125000000000041e-06	1.269347221796997272e-02	2.915735431600615518e-02	2.586382473818957944e-02
1.953125000000000041e-06	1.268260148064021507e-02	2.976893142099780107e-02	2.660156176425516536e-02
1.953125000000000041e-06	1.265608552987446123e-02	2.969977423958285179e-02	2.695888169109821389e-02
1.953125000000000041e-06	1.266079443577869910e-02	2.915178782048181635e-02	2.555646209511906047e-02
1.953125000000000041e-06	1.261549609143843877e-02	2.928859764875853949e-02	2.625120319426059792e-02
1.953125000000000041e-06	1.262720420397493021e-02	2.954306546111069506e-02	2.608778616413474222e-02
1.953125000000000041e-06	1.262641106306891178e-02	2.946489682196790777e-02	2.656769519671797752e-02
1.953125000000000041e-06	1.263272519363713500e-02	2.924486224329908568e-02	2.630116427317261835e-02
1.953125000000000041e-06	1.262673915300459825e-02	2.931792952646915945e-02	2.626997961197048356e-02
1.953125000000000041e-06	1.261102653760300465e-02	2.963335291331350985e-02	2.606056756339967390e-02
1.953125000000000041e-06	1.270101274677388169e-02	2.947511499094245327e-02	2.692154054529964993e-02
1.953125000000000041e-06	1.259075968925596825e-02	2.947450035217544922e-02	2.651372398249805112e-02
1.953125000000000041e-06	1.261004261751596904e-02	3.044068215522154411e-02	2.697986466810107370e-02
1.953125000000000041e-06	1.262315215327283399e-02	2.947528943107390401e-02	3.448646692559122900e-02
1.953125000000000041e-06	1.262684217033828611e-02	2.927347685147018222e-02	2.615696117281913688e-02
1.953125000000000041e-06	1.259449622206446247e-02	2.896302337246259642e-02	2.582566905766725540e-02
1.953125000000000041e-06	1.257524495741754386e-02	2.959428009874533541e-02	2.631035358645021985e-02
1.953125000000000041e-06	1.260195046266700085e-02	2.920766328388327629e-02	2.638640981167554925e-02
1.953125000000000041e-06	1.256318464756029339e-02	2.906605327765198962e-02	2.580051217228174210e-02
9.765625000000000203e-07	1.263026333315955645e-02	3.280519431759237881e-02	2.993959812447428634e-02
9.765625000000000203e-07	1.260702370748860088e-02	3.005891771138650623e-02	2.717465250752866199e-02
9.765625000000000203e-07	1.258236165751701503e-02	2.894863567719752756e-02	2.571530938148498466e-02
9.765625000000000203e-07	1.266083967698052037e-02	3.027507839285578303e-02	2.709399266168475290e-02
