1.000000000000000021e-03	8.937738832039169301e-01	1.946133971214294434e+00	1.973315611481666565e+00
1.000000000000000021e-03	6.234696948830085184e-01	6.630296558141708374e-01	6.830030232667922974e-01
1.000000000000000021e-03	5.454670141769361047e-01	6.594274938106536865e-01	6.875812932848930359e-01
1.000000000000000021e-03	5.010045608387717619e-01	8.567390143871307373e-01	8.873150870203971863e-01
1.000000000000000021e-03	4.686521457720406181e-01	6.748665943741798401e-01	6.707348674535751343e-01
1.000000000000000021e-03	4.547151617611510654e-01	1.117437869310379028e+00	1.075468644499778748e+00
1.000000000000000021e-03	4.252576039561742349e-01	6.589503362774848938e-01	6.345257386565208435e-01
1.000000000000000021e-03	4.300057997431936396e-01	7.076015770435333252e-01	7.208394557237625122e-01
1.000000000000000021e-03	3.849275994904433618e-01	1.007580183446407318e+00	1.010177865624427795e+00
1.000000000000000021e-03	3.830276018456567622e-01	1.475273683667182922e+00	1.483196407556533813e+00
1.000000000000000021e-03	3.681798731978935257e-01	1.144611418247222900e+00	1.139399304986000061e+00
1.000000000000000021e-03	3.568219548162025467e-01	7.312903106212615967e-01	7.105128467082977295e-01
1.000000000000000021e-03	3.541227871481376632e-01	7.817658409476280212e-01	7.823315635323524475e-01
1.000000000000000021e-03	3.436935410092148424e-01	4.117306023836135864e-01	4.028035663068294525e-01
1.000000000000000021e-03	3.228969796548915583e-01	3.408181332051753998e-01	3.101622685790061951e-01
1.000000000000000021e-03	3.307822557944285480e-01	4.153029099106788635e-01	4.148780144751071930e-01
1.000000000000000021e-03	3.372749503277525096e-01	5.656549334526062012e-01	5.523799732327461243e-01
1.000000000000000021e-03	3.133195001113263656e-01	8.782616704702377319e-01	8.608105629682540894e-01
1.000000000000000021e-03	2.953760025999214167e-01	3.794460408389568329e-01	3.599146157503128052e-01
1.000000000000000021e-03	2.909285937306247405e-01	3.957142084836959839e-01	3.741779215633869171e-01
1.000000000000000021e-03	2.971390321662154554e-01	4.226983115077018738e-01	4.012930206954479218e-01
1.000000000000000021e-03	3.034273231331306442e-01	3.927839696407318115e-01	3.693167082965373993e-01
1.000000000000000021e-03	2.760863075905208297e-01	3.432860113680362701e-01	3.197509534657001495e-01
1.000000000000000021e-03	2.777329802135877768e-01	2.809833884239196777e-01	2.533708438277244568e-01
1.000000000000000021e-03	2.890749832120123042e-01	2.939010262489318848e-01	2.789770811796188354e-01
1.000000000000000021e-03	2.694497772409946146e-01	2.790506854653358459e-01	2.394048124551773071e-01
1.000000000000000021e-03	2.579703287610524698e-01	2.927856370806694031e-01	2.878049351274967194e-01
1.000000000000000021e-03	2.749002066594136151e-01	2.677728999406099319e-01	2.256126701831817627e-01
1.000000000000000021e-03	2.511831987884980411e-01	4.911788627505302429e-01	4.628404565155506134e-01
1.000000000000000021e-03	2.682915958045404281e-01	3.749041743576526642e-01	3.494204059243202209e-01
1.000000000000000021e-03	2.749540300308903618e-01	3.432451412081718445e-01	3.130938783288002014e-01
1.000000000000000021e-03	2.469328734316403318e-01	2.418498583137989044e-01	2.106925118714570999e-01
1.000000000000000021e-03	2.428956475061706255e-01	3.894660063087940216e-01	3.594641238451004028e-01
1.000000000000000021e-03	2.471738108728505356e-01	4.020941220223903656e-01	3.789742030203342438e-01
1.000000000000000021e-03	2.509582395417780942e-01	3.037101346999406815e-01	2.940329648554325104e-01
1.000000000000000021e-03	2.478080220237562914e-01	5.778697952628135681e-01	5.646729171276092529e-01
1.000000000000000021e-03	2.524466912580441980e-01	2.588950805366039276e-01	2.347033061087131500e-01
1.000000000000000021e-03	2.397534368158895646e-01	3.560587503015995026e-01	3.412274979054927826e-01
1.000000000000000021e-03	2.509196798635434655e-01	3.495683446526527405e-01	3.204454891383647919e-01
1.000000000000000021e-03	2.414927520329439303e-01	2.688753549009561539e-01	2.268921751528978348e-01
1.000000000000000021e-03	2.457893966119500673e-01	2.933339178562164307e-01	2.711863555014133453e-01
1.000000000000000021e-03	2.584038461688198396e-01	5.546748526394367218e-01	5.367648378014564514e-01
1.000000000000000021e-03	2.295860932974875812e-01	2.357611581683158875e-01	2.108632810413837433e-01
1.000000000000000021e-03	2.301991257486463993e-01	2.966402806341648102e-01	2.631401736289262772e-01
1.000000000000000021e-03	2.317804281092897267e-01	4.267001524567604065e-01	4.025744944810867310e-01
1.000000000000000021e-03	2.392579343500016720e-01	4.076153002679347992e-01	3.630544841289520264e-01
1.000000000000000021e-03	2.233399265929113531e-01	4.103871881961822510e-01	3.908577002584934235e-01
1.000000000000000021e-03	2.172866495726983871e-01	4.611381068825721741e-01	4.407891035079956055e-01
1.000000000000000021e-03	2.236720031198067005e-01	4.550610333681106567e-01	4.464884921908378601e-01
1.000000000000000021e-03	2.311464963080007706e-01	3.448530659079551697e-01	2.970193736255168915e-01
1.000000000000000021e-03	2.099817632874355910e-01	3.929490894079208374e-01	3.602648526430130005e-01
1.000000000000000021e-03	2.309390849704983928e-01	2.775622904300689697e-01	2.469921875745058060e-01
1.000000000000000021e-03	2.229872917449927106e-01	2.856003232300281525e-01	2.623915039002895355e-01
1.000000000000000021e-03	2.198780568528778956e-01	2.497128695249557495e-01	2.041063774377107620e-01
1.000000000000000021e-03	2.128493673627889493e-01	3.533720262348651886e-01	3.349412865936756134e-01
1.000000000000000021e-03	2.235570085954062536e-01	5.901203081011772156e-01	5.697576999664306641e-01
1.000000000000000021e-03	2.116998769814455172e-01	4.094846248626708984e-01	3.867061957716941833e-01
1.000000000000000021e-03	2.175718721332429439e-01	3.488950915634632111e-01	3.126651495695114136e-01
1.000000000000000021e-03	2.167767090133473906e-01	2.476902268826961517e-01	2.200878188014030457e-01
1.000000000000000021e-03	2.113104466396042158e-01	2.210139557719230652e-01	2.010649088770151138e-01
1.000000000000000021e-03	1.885511408312411374e-01	5.716491341590881348e-01	5.464439615607261658e-01
1.000000000000000021e-03	2.195094396607785159e-01	3.309790715575218201e-01	3.104627244174480438e-01
1.000000000000000021e-03	2.079582270942156863e-01	3.513874262571334839e-01	3.467703275382518768e-01
1.000000000000000021e-03	2.153344838113724347e-01	2.158493027091026306e-01	1.790101658552885056e-01
1.000000000000000021e-03	2.093953036620647135e-01	3.318920247256755829e-01	3.099967353045940399e-01
1.000000000000000021e-03	2.033202459540548179e-01	2.387083582580089569e-01	1.978320460766553879e-01
1.000000000000000021e-03	2.198556121202963898e-01	2.693499419838190079e-01	2.392543572932481766e-01
1.000000000000000021e-03	2.119051470786710301e-01	1.842341199517250061e-01	1.653403546661138535e-01
1.000000000000000021e-03	1.954537078360968072e-01	2.261252570897340775e-01	2.052664607763290405e-01
1.000000000000000021e-03	2.303897153727615943e-01	3.180746473371982574e-01	2.896599918603897095e-01
1.000000000000000021e-03	2.086340304982813032e-01	2.972759418189525604e-01	2.636435553431510925e-01
1.000000000000000021e-03	1.819567253129391604e-01	2.016932051628828049e-01	1.694969441741704941e-01
1.000000000000000021e-03	1.969032164050053824e-01	2.982103116810321808e-01	2.818868346512317657e-01
1.000000000000000021e-03	2.289645988729935577e-01	2.938852943480014801e-01	2.777118720114231110e-01
1.000000000000000021e-03	2.064929232944416049e-01	2.461137939244508743e-01	2.194480802863836288e-01
1.000000000000000021e-03	2.047727974721147981e-01	2.255197633057832718e-01	1.951226107776165009e-01
1.000000000000000021e-03	1.966983889099917782e-01	2.727063540369272232e-01	2.583700232207775116e-01
1.000000000000000021e-03	1.945298529123958287e-01	2.736630830913782120e-01	2.492303662002086639e-01
1.000000000000000021e-03	2.002156583380095556e-01	3.012228105217218399e-01	2.817165479063987732e-01
1.000000000000000021e-03	1.847741256786298025e-01	2.299883104860782623e-01	2.031626366078853607e-01
1.000000000000000021e-03	1.872144285825234344e-01	3.678899481892585754e-01	3.541730120778083801e-01
1.000000000000000021e-03	1.983309656004362542e-01	2.100282944738864899e-01	1.928808484226465225e-01
1.000000000000000021e-03	1.793549569158614521e-01	2.161117214709520340e-01	1.870290506631135941e-01
1.000000000000000021e-03	1.834768038950388980e-01	2.240009028464555740e-01	1.988375335931777954e-01
1.000000000000000021e-03	1.877109346133244150e-01	1.969301141798496246e-01	1.716345194727182388e-01
1.000000000000000021e-03	1.934694978821126787e-01	4.059070944786071777e-01	3.920084871351718903e-01
1.000000000000000021e-03	1.845558279111415567e-01	2.615722641348838806e-01	2.445410080254077911e-01
1.000000000000000021e-03	1.914647871369047905e-01	1.818231921643018723e-01	1.570021938532590866e-01
1.000000000000000021e-03	1.879079065556767680e-01	3.475271947681903839e-01	3.298100531101226807e-01
1.000000000000000021e-03	1.862365423312670187e-01	1.907363887876272202e-01	1.653501316905021667e-01
1.000000000000000021e-03	1.800925072424019446e-01	2.623039633035659790e-01	2.262032981961965561e-01
1.000000000000000021e-03	2.046522048266628258e-01	2.794621866196393967e-01	2.487715110182762146e-01
1.000000000000000021e-03	1.785102938360805802e-01	2.310559526085853577e-01	2.080003079026937485e-01
1.000000000000000021e-03	1.864330391340617843e-01	2.287462763488292694e-01	2.004150990396738052e-01
1.000000000000000021e-03	1.854888062122501957e-01	3.590855896472930908e-01	3.334961235523223877e-01
1.000000000000000021e-03	1.743929680389693926e-01	2.405318487435579300e-01	2.190107759088277817e-01
1.000000000000000021e-03	1.748646811782559318e-01	2.065103519707918167e-01	1.760578267276287079e-01
1.000000000000000021e-03	1.742431560083280706e-01	2.481536585837602615e-01	2.319792639464139938e-01
1.000000000000000021e-03	1.871582446030423674e-01	2.231280244886875153e-01	2.073026262223720551e-01
1.000000000000000021e-03	1.755539482530159290e-01	1.749803423881530762e-01	1.435165666043758392e-01
1.000000000000000021e-03	1.808771856034858405e-01	2.110355012118816376e-01	1.975486092269420624e-01
1.000000000000000021e-03	1.766844258844098015e-01	1.827187407761812210e-01	1.556712444871664047e-01
1.000000000000000021e-03	1.817037933800793870e-01	2.854577340185642242e-01	2.674814481288194656e-01
1.000000000000000021e-03	1.837472645919534242e-01	2.501977644860744476e-01	2.286556866019964218e-01
1.000000000000000021e-03	1.731710458480859027e-01	4.399276003241539001e-01	4.232701845467090607e-01
1.000000000000000021e-03	1.655556390745730466e-01	1.897090654820203781e-01	1.600057501345872879e-01
1.000000000000000021e-03	1.725574441348450005e-01	2.241299580782651901e-01	1.967423800379037857e-01
1.000000000000000021e-03	1.658376007329059598e-01	1.909922417253255844e-01	1.707231681793928146e-01
1.000000000000000021e-03	1.825235503949696469e-01	2.101427577435970306e-01	1.859216894954442978e-01
1.000000000000000021e-03	1.682352517979054385e-01	1.880634296685457230e-01	1.660734973847866058e-01
1.000000000000000021e-03	1.687732636928558350e-01	1.899398248642683029e-01	1.686058323830366135e-01
1.000000000000000021e-03	1.796109037874620284e-01	2.913114372640848160e-01	2.692531757056713104e-01
1.000000000000000021e-03	1.797741130937503817e-01	2.130310758948326111e-01	1.875593494623899460e-01
1.000000000000000021e-03	1.791761769335481203e-01	4.861983805894851685e-01	4.641694501042366028e-01
1.000000000000000021e-03	1.584867609641220088e-01	1.754142418503761292e-01	1.472931522876024246e-01
1.000000000000000021e-03	1.725270950907393241e-01	2.416912615299224854e-01	2.124651242047548294e-01
1.000000000000000021e-03	1.531096367707735495e-01	2.146547753363847733e-01	1.828035581856966019e-01
1.000000000000000021e-03	1.827987297614918349e-01	2.359146308153867722e-01	2.217198703438043594e-01
1.000000000000000021e-03	1.660697097076645479e-01	1.760812327265739441e-01	1.517375167459249496e-01
1.000000000000000021e-03	1.731455652396890199e-01	3.458460047841072083e-01	3.297250233590602875e-01
1.000000000000000021e-03	1.605788514583925686e-01	2.033004276454448700e-01	1.751969661563634872e-01
5.000000000000000104e-04	1.541130190031437808e-01	1.421795804053544998e-01	1.175967929884791374e-01
5.000000000000000104e-04	1.331721332065666785e-01	1.720331441611051559e-01	1.454699188470840454e-01
5.000000000000000104e-04	1.497728500185133427e-01	1.618506051599979401e-01	1.401604730635881424e-01
5.000000000000000104e-04	1.394261223605916533e-01	1.589936800301074982e-01	1.352910464629530907e-01
5.000000000000000104e-04	1.295858845114707947e-01	1.778870392590761185e-01	1.577770840376615524e-01
5.000000000000000104e-04	1.333547148712073693e-01	1.536312513053417206e-01	1.285103624686598778e-01
5.000000000000000104e-04	1.404830516327785495e-01	1.578292092308402061e-01	1.303442446514964104e-01
5.000000000000000104e-04	1.287892671136916523e-01	1.750680087134242058e-01	1.389904599636793137e-01
5.000000000000000104e-04	1.441107027326958001e-01	1.502837818115949631e-01	1.376038575544953346e-01
5.000000000000000104e-04	1.269455934061279878e-01	2.208526674658060074e-01	1.979432143270969391e-01
5.000000000000000104e-04	1.372724531949320870e-01	1.615605559200048447e-01	1.313900239765644073e-01
5.000000000000000104e-04	1.322570699679700701e-01	1.642451249063014984e-01	1.444067033007740974e-01
5.000000000000000104e-04	1.269615141651298518e-01	1.534485779702663422e-01	1.216534730046987534e-01
5.000000000000000104e-04	1.338228816284409151e-01	1.713700257241725922e-01	1.476055365055799484e-01
5.000000000000000104e-04	1.287107850554623234e-01	1.543209478259086609e-01	1.252521220594644547e-01
5.000000000000000104e-04	1.281026316971718426e-01	1.521541019901633263e-01	1.242290306836366653e-01
5.000000000000000104e-04	1.223582540509066952e-01	1.632629558444023132e-01	1.356738554313778877e-01
5.000000000000000104e-04	1.425189489993868019e-01	2.024306897073984146e-01	1.830243449658155441e-01
5.000000000000000104e-04	1.322262077769146560e-01	1.561601962894201279e-01	1.300603570416569710e-01
5.000000000000000104e-04	1.303869806513001661e-01	1.598744392395019531e-01	1.423386484384536743e-01
5.000000000000000104e-04	1.353817584016654973e-01	1.584804989397525787e-01	1.273613851517438889e-01
5.000000000000000104e-04	1.288565321813655851e-01	1.718016639351844788e-01	1.520490907132625580e-01
2.500000000000000052e-04	1.170811323519748981e-01	1.581278797239065170e-01	1.367901070043444633e-01
2.500000000000000052e-04	1.153242119788369102e-01	1.509201042354106903e-01	1.275870166718959808e-01
2.500000000000000052e-04	1.207984306295461358e-01	1.603428162634372711e-01	1.368238935247063637e-01
2.500000000000000052e-04	1.135977375073523449e-01	1.500657796859741211e-01	1.231627240777015686e-01
2.500000000000000052e-04	1.125262556951257265e-01	1.541001256555318832e-01	1.258787931874394417e-01
2.500000000000000052e-04	1.068039859963368782e-01	1.521668704226613045e-01	1.293842801824212074e-01
2.500000000000000052e-04	1.098399607441093301e-01	1.471109390258789062e-01	1.226267302408814430e-01
2.500000000000000052e-04	1.120607112593288712e-01	1.535411728546023369e-01	1.302505396306514740e-01
2.500000000000000052e-04	1.155840936529485552e-01	1.538957636803388596e-01	1.254184311255812645e-01
2.500000000000000052e-04	1.126448103238510134e-01	1.556568210944533348e-01	1.284783044829964638e-01
2.500000000000000052e-04	1.099682722382153144e-01	1.636127922683954239e-01	1.399862375110387802e-01
2.500000000000000052e-04	1.128970861812181176e-01	1.748295444995164871e-01	1.464968640357255936e-01
2.500000000000000052e-04	1.095004521216018240e-01	1.496922671794891357e-01	1.263498598709702492e-01
2.500000000000000052e-04	1.022157326246364156e-01	1.434981543570756912e-01	1.221542507410049438e-01
2.500000000000000052e-04	1.075183378556106711e-01	1.641401154920458794e-01	1.402845466509461403e-01
2.500000000000000052e-04	1.032196933144255563e-01	1.508209807798266411e-01	1.252796221524477005e-01
2.500000000000000052e-04	1.120433984206447159e-01	1.529702758416533470e-01	1.214089877903461456e-01
2.500000000000000052e-04	1.127721332485162736e-01	1.745827160775661469e-01	1.518911272287368774e-01
2.500000000000000052e-04	1.093227773716178158e-01	1.489486219361424446e-01	1.291818236932158470e-01
2.500000000000000052e-04	9.775648860237266813e-02	1.439229771494865417e-01	1.216805567964911461e-01
2.500000000000000052e-04	1.108452560780923551e-01	1.522446908056735992e-01	1.258803578093647957e-01
1.250000000000000026e-04	1.054536679500266000e-01	1.464667730033397675e-01	1.172145027667284012e-01
1.250000000000000026e-04	1.051968487946293024e-01	1.398311387747526169e-01	1.199483005329966545e-01
1.250000000000000026e-04	9.607206058653094960e-02	1.506350021809339523e-01	1.217926880344748497e-01
1.250000000000000026e-04	9.791642389719999728e-02	1.471125781536102295e-01	1.230329712852835655e-01
1.250000000000000026e-04	9.409492241242263522e-02	1.444472903385758400e-01	1.193266417831182480e-01
1.250000000000000026e-04	9.337653375313251236e-02	1.537973461672663689e-01	1.285107629373669624e-01
1.250000000000000026e-04	9.364014788518977561e-02	1.406747251749038696e-01	1.166412299498915672e-01
1.250000000000000026e-04	1.018815451784978870e-01	1.456545982509851456e-01	1.211076136678457260e-01
1.250000000000000026e-04	9.290649317487885417e-02	1.434237919747829437e-01	1.220427807420492172e-01
1.250000000000000026e-04	9.323032011714162126e-02	1.439205175265669823e-01	1.212132247164845467e-01
1.250000000000000026e-04	1.002236803215515726e-01	1.502692382782697678e-01	1.254189247265458107e-01
1.250000000000000026e-04	9.543853526628470751e-02	1.549932435154914856e-01	1.264565177261829376e-01
1.250000000000000026e-04	9.782310711997974084e-02	1.453766115009784698e-01	1.170836333185434341e-01
1.250000000000000026e-04	9.112221709912336765e-02	1.462578494101762772e-01	1.229193890467286110e-01
1.250000000000000026e-04	9.656536937514438590e-02	1.443970659747719765e-01	1.256722938269376755e-01
1.250000000000000026e-04	8.997350473758540523e-02	1.435549249872565269e-01	1.249000281095504761e-01
1.250000000000000026e-04	9.615831289298926166e-02	1.453037317842245102e-01	1.199274640530347824e-01
1.250000000000000026e-04	8.894044278731828845e-02	1.412653932347893715e-01	1.164586143568158150e-01
1.250000000000000026e-04	9.197114285411714385e-02	1.485969144850969315e-01	1.238448806107044220e-01
1.250000000000000026e-04	9.648729488253593445e-02	1.494283378124237061e-01	1.263990635052323341e-01
1.250000000000000026e-04	9.094030792011489894e-02	1.423971578478813171e-01	1.186040379106998444e-01
1.250000000000000026e-04	9.248561713891693958e-02	1.508686700835824013e-01	1.283828942105174065e-01
1.250000000000000026e-04	8.764508852287183904e-02	1.406143847852945328e-01	1.224449025467038155e-01
6.250000000000000130e-05	8.774557082524782337e-02	1.432196386158466339e-01	1.197846168652176857e-01
6.250000000000000130e-05	8.348526626448088406e-02	1.461517550051212311e-01	1.211154265329241753e-01
6.250000000000000130e-05	8.283344566633429884e-02	1.493434188887476921e-01	1.258788462728261948e-01
6.250000000000000130e-05	9.151692330082759896e-02	1.445229845121502876e-01	1.197719005867838860e-01
6.250000000000000130e-05	8.537095912461038771e-02	1.431807670742273331e-01	1.192454006522893906e-01
6.250000000000000130e-05	8.450837881316113076e-02	1.429477604106068611e-01	1.184696322306990623e-01
6.250000000000000130e-05	8.101658032664769971e-02	1.438802042976021767e-01	1.185355335474014282e-01
6.250000000000000130e-05	8.668545114843151378e-02	1.429071463644504547e-01	1.174786202609539032e-01
6.250000000000000130e-05	8.621695496236221612e-02	1.423859782516956329e-01	1.183540178462862968e-01
6.250000000000000130e-05	8.504820398137538651e-02	1.436629174277186394e-01	1.195481503382325172e-01
6.250000000000000130e-05	8.149612657254255710e-02	1.437886813655495644e-01	1.188737833872437477e-01
6.250000000000000130e-05	8.267724169771882570e-02	1.443232791498303413e-01	1.193157015368342400e-01
6.250000000000000130e-05	8.715433438744725481e-02	1.439163479954004288e-01	1.192932007834315300e-01
6.250000000000000130e-05	8.380632739089712013e-02	1.423770822584629059e-01	1.202837452292442322e-01
6.250000000000000130e-05	7.842856155166143262e-02	1.502737514674663544e-01	1.295771859586238861e-01
6.250000000000000130e-05	9.001143842558317898e-02	1.406787205487489700e-01	1.213786229491233826e-01
6.250000000000000130e-05	8.250169489013997604e-02	1.440847543999552727e-01	1.197108952328562737e-01
6.250000000000000130e-05	8.110385817251627993e-02	1.430615801364183426e-01	1.181032396852970123e-01
6.250000000000000130e-05	8.540052104788491139e-02	1.407510349527001381e-01	1.187046477571129799e-01
6.250000000000000130e-05	8.466719788841053917e-02	1.462690727785229683e-01	1.229633297771215439e-01
6.250000000000000130e-05	8.250915112940571117e-02	1.446744995191693306e-01	1.208749497309327126e-01
3.125000000000000065e-05	7.919011161297181967e-02	1.441203877329826355e-01	1.193651976063847542e-01
3.125000000000000065e-05	8.217780259025248002e-02	1.419025296345353127e-01	1.187370214611291885e-01
3.125000000000000065e-05	8.221596182335781655e-02	1.436526868492364883e-01	1.190630421042442322e-01
3.125000000000000065e-05	7.998625740786141636e-02	1.413387078791856766e-01	1.191259697079658508e-01
3.125000000000000065e-05	8.207836530253856400e-02	1.455038832500576973e-01	1.225344641134142876e-01
3.125000000000000065e-05	8.239458421174483682e-02	1.451165778562426567e-01	1.230416465550661087e-01
3.125000000000000065e-05	7.412226422678065696e-02	1.462065558880567551e-01	1.246339222416281700e-01
3.125000000000000065e-05	8.110536550041995418e-02	1.446220520883798599e-01	1.223051808774471283e-01
3.125000000000000065e-05	7.904532561196556117e-02	1.419903896749019623e-01	1.198766622692346573e-01
3.125000000000000065e-05	8.205228216380258677e-02	1.454493589699268341e-01	1.185257211327552795e-01
3.125000000000000065e-05	8.263951313646533681e-02	1.473094597458839417e-01	1.185204535722732544e-01
3.125000000000000065e-05	7.455102651368213096e-02	1.411584615707397461e-01	1.195233389735221863e-01
3.125000000000000065e-05	7.712744567779046545e-02	1.394984917715191841e-01	1.200338853523135185e-01
3.125000000000000065e-05	7.737370858652682648e-02	1.388690695166587830e-01	1.187862334772944450e-01
3.125000000000000065e-05	7.879218157333663097e-02	1.453942479565739632e-01	1.229408197104930878e-01
3.125000000000000065e-05	7.447371042416064957e-02	1.405544420704245567e-01	1.178802326321601868e-01
3.125000000000000065e-05	7.971527691506131996e-02	1.434224657714366913e-01	1.196156209334731102e-01
3.125000000000000065e-05	7.853520916232580029e-02	1.433711526915431023e-01	1.197640020400285721e-01
3.125000000000000065e-05	7.213552583810649288e-02	1.432072538882493973e-01	1.212592953816056252e-01
3.125000000000000065e-05	7.670617306345625663e-02	1.451818747445940971e-01	1.183323152363300323e-01
3.125000000000000065e-05	7.487872540007663169e-02	1.410673838108778000e-01	1.183024374768137932e-01
3.125000000000000065e-05	7.826364714699456104e-02	1.422893647104501724e-01	1.191849671304225922e-01
3.125000000000000065e-05	8.081328538776952342e-02	1.444459287449717522e-01	1.228736424818634987e-01
3.125000000000000065e-05	7.508460616197766557e-02	1.423447104170918465e-01	1.185813862830400467e-01
3.125000000000000065e-05	7.309750288347655056e-02	1.417132010683417320e-01	1.216391343623399734e-01
3.125000000000000065e-05	7.675677735971499216e-02	1.436418322846293449e-01	1.196263749152421951e-01
3.125000000000000065e-05	7.283356377878520693e-02	1.450046915560960770e-01	1.186274271458387375e-01
3.125000000000000065e-05	7.842499456262286284e-02	1.513509070500731468e-01	1.246616346761584282e-01
3.125000000000000065e-05	7.356744528382638815e-02	1.414512600749731064e-01	1.207957919687032700e-01
3.125000000000000065e-05	8.286976540767693189e-02	1.473644450306892395e-01	1.271707257255911827e-01
3.125000000000000065e-05	7.275513653890995636e-02	1.480236221104860306e-01	1.233565090224146843e-01
3.125000000000000065e-05	7.553381013059162763e-02	1.413816148415207863e-01	1.191004784777760506e-01
3.125000000000000065e-05	7.454610644262048280e-02	1.433706274256110191e-01	1.216333368793129921e-01
3.125000000000000065e-05	8.077188953757286072e-02	1.482005091384053230e-01	1.240605553612112999e-01
3.125000000000000065e-05	7.640693431036381378e-02	1.428539389744400978e-01	1.209364226087927818e-01
1.562500000000000033e-05	8.403513665440716374e-02	1.467436524108052254e-01	1.250809803605079651e-01
1.562500000000000033e-05	7.663817052976994171e-02	1.479622172191739082e-01	1.264537740498781204e-01
1.562500000000000033e-05	7.724995453712306392e-02	1.425250358879566193e-01	1.210723072290420532e-01
1.562500000000000033e-05	7.537918872659719882e-02	1.438167635351419449e-01	1.224130028858780861e-01
1.562500000000000033e-05	7.449117354765723287e-02	1.471539167687296867e-01	1.241715950891375542e-01
1.562500000000000033e-05	7.629550880269159174e-02	1.428880617022514343e-01	1.216101860627532005e-01
1.562500000000000033e-05	7.664304976410503401e-02	1.427772073075175285e-01	1.200898550450801849e-01
1.562500000000000033e-05	7.079472095717358193e-02	1.425221292302012444e-01	1.202653627842664719e-01
1.562500000000000033e-05	7.060668032757844159e-02	1.434844024479389191e-01	1.211657552048563957e-01
1.562500000000000033e-05	7.877474207478234181e-02	1.455976711586117744e-01	1.203800728544592857e-01
1.562500000000000033e-05	7.643165764740750268e-02	1.442946055904030800e-01	1.213814578950405121e-01
1.562500000000000033e-05	7.976401460510265662e-02	1.464972337707877159e-01	1.219242429360747337e-01
1.562500000000000033e-05	7.474149273166173779e-02	1.440114006400108337e-01	1.210880354046821594e-01
1.562500000000000033e-05	7.379171417295178614e-02	1.403713440522551537e-01	1.203656531870365143e-01
1.562500000000000033e-05	8.038452451553525224e-02	1.418295977637171745e-01	1.179696843028068542e-01
1.562500000000000033e-05	7.721893116831779480e-02	1.495649805292487144e-01	1.294074449688196182e-01
1.562500000000000033e-05	7.586540479826021921e-02	1.432915944606065750e-01	1.201595207676291466e-01
1.562500000000000033e-05	7.246080333296256448e-02	1.450670743361115456e-01	1.196542885154485703e-01
1.562500000000000033e-05	7.263940487858615291e-02	1.456856904551386833e-01	1.229511396959424019e-01
1.562500000000000033e-05	7.376011423295057712e-02	1.453018458560109138e-01	1.208540173247456551e-01
1.562500000000000033e-05	6.962418259133267007e-02	1.433376604691147804e-01	1.194265205413103104e-01
7.812500000000000163e-06	7.752079757142670002e-02	1.480183722451329231e-01	1.208815779536962509e-01
7.812500000000000163e-06	7.374032775435267195e-02	1.423059608787298203e-01	1.205486152321100235e-01
7.812500000000000163e-06	6.959564625462398568e-02	1.419357014819979668e-01	1.195539338514208794e-01
7.812500000000000163e-06	8.960098622343208585e-02	1.543118739500641823e-01	1.341113718226552010e-01
7.812500000000000163e-06	6.909167790148831867e-02	1.418380700051784515e-01	1.186016052961349487e-01
7.812500000000000163e-06	7.116571974150742719e-02	1.475844867527484894e-01	1.187597084790468216e-01
7.812500000000000163e-06	7.058448269020152488e-02	1.435514008626341820e-01	1.234555738046765327e-01
7.812500000000000163e-06	7.277680037519600187e-02	1.445432268083095551e-01	1.221831189468502998e-01
7.812500000000000163e-06	7.626381582474406340e-02	1.430570585653185844e-01	1.194848744198679924e-01
7.812500000000000163e-06	7.026101504983026103e-02	1.427470995113253593e-01	1.193782789632678032e-01
7.812500000000000163e-06	8.014374707318559776e-02	1.592754935845732689e-01	1.310436790809035301e-01
7.812500000000000163e-06	7.557665177066869022e-02	1.433498663827776909e-01	1.204920988529920578e-01
7.812500000000000163e-06	8.186692937831335781e-02	1.504847267642617226e-01	1.331344591453671455e-01
7.812500000000000163e-06	7.619724455702153731e-02	1.421927791088819504e-01	1.206541704013943672e-01
7.812500000000000163e-06	7.387386130381233540e-02	1.430785953998565674e-01	1.223398037254810333e-01
7.812500000000000163e-06	7.484020344630072652e-02	1.449437504634261131e-01	1.208526780828833580e-01
7.812500000000000163e-06	7.433612819148015249e-02	1.469179233536124229e-01	1.230807779356837273e-01
7.812500000000000163e-06	7.368195250253134487e-02	1.453666770830750465e-01	1.207634387537837029e-01
7.812500000000000163e-06	6.704226310683202017e-02	1.410362254828214645e-01	1.213799472898244858e-01
7.812500000000000163e-06	7.149974596274050187e-02	1.424617990851402283e-01	1.209334526211023331e-01
7.812500000000000163e-06	7.392633121602143476e-02	1.451328769326210022e-01	1.208044635131955147e-01
3.906250000000000081e-06	7.105206424676918653e-02	1.444658469408750534e-01	1.191106615588068962e-01
3.906250000000000081e-06	8.070071126464047062e-02	1.426487676799297333e-01	1.197186084464192390e-01
3.906250000000000081e-06	7.311088275871699405e-02	1.421664254739880562e-01	1.212336895987391472e-01
3.906250000000000081e-06	7.772565717938580143e-02	1.498300656676292419e-01	1.291187666356563568e-01
3.906250000000000081e-06	7.505075459050226938e-02	1.435382915660738945e-01	1.218559425324201584e-01
3.906250000000000081e-06	6.860432804479629776e-02	1.417996957898139954e-01	1.218301290646195412e-01
3.906250000000000081e-06	7.201494413274753259e-02	1.471490804105997086e-01	1.201368374750018120e-01
3.906250000000000081e-06	7.104346929471704042e-02	1.479597575962543488e-01	1.234974758699536324e-01
3.906250000000000081e-06	7.064282295258739186e-02	1.420049611479043961e-01	1.216676458716392517e-01
3.906250000000000081e-06	7.748311743894710502e-02	1.428789887577295303e-01	1.207342548295855522e-01
3.906250000000000081e-06	7.623154599266716847e-02	1.456559598445892334e-01	1.227382216602563858e-01
3.906250000000000081e-06	6.952445713590972576e-02	1.438445188105106354e-01	1.216549556702375412e-01
3.906250000000000081e-06	7.191869460895092270e-02	1.426400486379861832e-01	1.187360910698771477e-01
3.906250000000000081e-06	7.547159747609609448e-02	1.466842163354158401e-01	1.258832635357975960e-01
3.906250000000000081e-06	7.358997117114972342e-02	1.447340454906225204e-01	1.230100411921739578e-01
3.906250000000000081e-06	6.893649560552608802e-02	1.418931651860475540e-01	1.230027582496404648e-01
3.906250000000000081e-06	7.245480259762535069e-02	1.484086085110902786e-01	1.187644954770803452e-01
3.906250000000000081e-06	7.533948500699634565e-02	1.430114507675170898e-01	1.216305214911699295e-01
3.906250000000000081e-06	8.617488341995432899e-02	1.456687068566679955e-01	1.264522746205329895e-01
3.906250000000000081e-06	7.162199306148517297e-02	1.433381279930472374e-01	1.219734288752079010e-01
3.906250000000000081e-06	7.275977740182151821e-02	1.439156187698245049e-01	1.200997196137905121e-01
1.953125000000000041e-06	7.034979449420035447e-02	1.439829161390662193e-01	1.236817343160510063e-01
1.953125000000000041e-06	6.913234552816499567e-02	1.461870353668928146e-01	1.219710931181907654e-01
1.953125000000000041e-06	7.635167854118950215e-02	1.434244969859719276e-01	1.216114563867449760e-01
1.953125000000000041e-06	7.065072896171219197e-02	1.465987218543887138e-01	1.189050516113638878e-01
1.953125000000000041e-06	7.010491451696504450e-02	1.459244256839156151e-01	1.190626500174403191e-01
1.953125000000000041e-06	7.896692553370059098e-02	1.435498995706439018e-01	1.215159147977828979e-01
1.953125000000000041e-06	7.403705325684969973e-02	1.458308491855859756e-01	1.204696213826537132e-01
1.953125000000000041e-06	7.908431002044979952e-02	1.419297363609075546e-01	1.178518785163760185e-01
1.953125000000000041e-06	7.060761869991127870e-02	1.418588040396571159e-01	1.195653835311532021e-01
1.953125000000000041e-06	6.425577534150474224e-02	1.483894530683755875e-01	1.227516941726207733e-01
1.953125000000000041e-06	7.391632171465625789e-02	1.427201479673385620e-01	1.188509212806820869e-01
1.953125000000000041e-06	6.948988764440711119e-02	1.416204590350389481e-01	1.197096742689609528e-01
1.953125000000000041e-06	7.701130117042155609e-02	1.453788978978991508e-01	1.223526485264301300e-01
1.953125000000000041e-06	7.359921154153498124e-02	1.429866068065166473e-01	1.216296544298529625e-01
1.953125000000000041e-06	6.911751288401929427e-02	1.424512537196278572e-01	1.188256479799747467e-01
1.953125000000000041e-06	7.181501181065282069e-02	1.419321317225694656e-01	1.194477817043662071e-01
1.953125000000000041e-06	7.770323965557013324e-02	1.415503975003957748e-01	1.216943729668855667e-01
1.953125000000000041e-06	6.835691057900085410e-02	1.435167808085680008e-01	1.245021158829331398e-01
1.953125000000000041e-06	7.300014402481573572e-02	1.449212692677974701e-01	1.225549653172492981e-01
1.953125000000000041e-06	6.935883487893056143e-02	1.438097525388002396e-01	1.201408319175243378e-01
1.953125000000000041e-06	7.410429983953886746e-02	1.424006558954715729e-01	1.187745770439505577e-01
9.765625000000000203e-07	7.315205881678604749e-02	1.426595011726021767e-01	1.203592708334326744e-01
9.765625000000000203e-07	7.451826032203963390e-02	1.447140434756875038e-01	1.204739054664969444e-01
9.765625000000000203e-07	6.990623634450043866e-02	1.433856142684817314e-01	1.209846427664160728e-01
9.765625000000000203e-07	7.118360570903066453e-02	1.424983255565166473e-01	1.200767029076814651e-01
9.765625000000000203e-07	6.903601796189441642e-02	1.458973977714776993e-01	1.198201635852456093e-01
9.765625000000000203e-07	6.520811190144924774e-02	1.466036681085824966e-01	1.218245569616556168e-01
9.765625000000000203e-07	7.189224283151988970e-02	1.447859443724155426e-01	1.192454732954502106e-01
9.765625000000000203e-07	7.069286892685709700e-02	1.446624724194407463e-01	1.232671709731221199e-01
9.765625000000000203e-07	7.268445028723040380e-02	1.438980661332607269e-01	1.227008374407887459e-01
9.765625000000000203e-07	7.351558009469055799e-02	1.435500532388687134e-01	1.199126355350017548e-01
9.765625000000000203e-07	6.860571262674240722e-02	1.438440177589654922e-01	1.204429864883422852e-01
9.765625000000000203e-07	6.859411624602124169e-02	1.441081436350941658e-01	1.192315053194761276e-01
9.765625000000000203e-07	7.313307478458067057e-02	1.440031481906771660e-01	1.206176364794373512e-01
9.765625000000000203e-07	7.237125027783308795e-02	1.432157792150974274e-01	1.189788533374667168e-01
9.765625000000000203e-07	7.584109958968585086e-02	1.506956471130251884e-01	1.299909362569451332e-01
9.765625000000000203e-07	7.434626371611523232e-02	1.568029625341296196e-01	1.298305066302418709e-01
9.765625000000000203e-07	7.167294041454037867e-02	1.428188951686024666e-01	1.225253269076347351e-01
9.765625000000000203e-07	7.186122658320620582e-02	1.432965910062193871e-01	1.201106179505586624e-01
9.765625000000000203e-07	7.321923405309266331e-02	1.430859295651316643e-01	1.202793698757886887e-01
9.765625000000000203e-07	7.191791701354557920e-02	1.479631112888455391e-01	1.224356442689895630e-01
9.765625000000000203e-07	7.335193606117103304e-02	1.415458796545863152e-01	1.191281154751777649e-01
4.882812500000000102e-07	7.144056402052505195e-02	1.426161117851734161e-01	1.203037025406956673e-01
4.882812500000000102e-07	6.718172104675558531e-02	1.480977730825543404e-01	1.225815908983349800e-01
4.882812500000000102e-07	7.147403990354718462e-02	1.455578589811921120e-01	1.210876675322651863e-01
4.882812500000000102e-07	6.771057099103927612e-02	1.424110271036624908e-01	1.221255501732230186e-01
4.882812500000000102e-07	7.649262947372242882e-02	1.472492506727576256e-01	1.239678952842950821e-01
4.882812500000000102e-07	7.386836022893085441e-02	1.443816199898719788e-01	1.212067725136876106e-01
4.882812500000000102e-07	7.144063173592844762e-02	1.430884338915348053e-01	1.212078211829066277e-01
4.882812500000000102e-07	7.236507167167301191e-02	1.467179106548428535e-01	1.204961994662880898e-01
4.882812500000000102e-07	7.684175344773486183e-02	1.433686744421720505e-01	1.210979819297790527e-01
4.882812500000000102e-07	6.875980197440219321e-02	1.491352301090955734e-01	1.286822464317083359e-01
4.882812500000000102e-07	7.182126214044003143e-02	1.452948469668626785e-01	1.211732355877757072e-01
4.882812500000000102e-07	7.033296556601041638e-02	1.422134935855865479e-01	1.197101213037967682e-01
4.882812500000000102e-07	7.657193519835230056e-02	1.489215930923819542e-01	1.270775934681296349e-01
4.882812500000000102e-07	6.346569974211198339e-02	1.437700549140572548e-01	1.194298379123210907e-01
4.882812500000000102e-07	7.110865701791606319e-02	1.443607257679104805e-01	1.204565567895770073e-01
4.882812500000000102e-07	7.448983800750744177e-02	1.430083168670535088e-01	1.189389228820800781e-01
4.882812500000000102e-07	7.441020129790788806e-02	1.453663073480129242e-01	1.206427849829196930e-01
4.882812500000000102e-07	7.693800249997573282e-02	1.482647992670536041e-01	1.266769161447882652e-01
4.882812500000000102e-07	7.325556346132786056e-02	1.453168345615267754e-01	1.238787788897752762e-01
4.882812500000000102e-07	7.302550971508026123e-02	1.432108171284198761e-01	1.192264547571539879e-01
4.882812500000000102e-07	6.796870550400094246e-02	1.446864036843180656e-01	1.222294205799698830e-01
2.441406250000000051e-07	7.356636546835114421e-02	1.496658315882086754e-01	1.257806681096553802e-01
2.441406250000000051e-07	6.640131766848926531e-02	1.421165410429239273e-01	1.201177900657057762e-01
2.441406250000000051e-07	7.101637511690959970e-02	1.428179992362856865e-01	1.205126969143748283e-01
2.441406250000000051e-07	6.901186615040030836e-02	1.448973985388875008e-01	1.203411547467112541e-01
2.441406250000000051e-07	7.493508692029156315e-02	1.474343743175268173e-01	1.219640485942363739e-01
2.441406250000000051e-07	7.160471728708170391e-02	1.498427344486117363e-01	1.236452320590615273e-01
2.441406250000000051e-07	8.275968496558032406e-02	1.587691046297550201e-01	1.349086835980415344e-01
2.441406250000000051e-07	6.676217220440695821e-02	1.521882498636841774e-01	1.304267263039946556e-01
2.441406250000000051e-07	6.931558805458908068e-02	1.426563989371061325e-01	1.200762577354907990e-01
2.441406250000000051e-07	7.233024209360533474e-02	1.436871858313679695e-01	1.191989053040742874e-01
2.441406250000000051e-07	8.843715663386296499e-02	1.481289425864815712e-01	1.271810485050082207e-01
2.441406250000000051e-07	7.215303390086451329e-02	1.417586747556924820e-01	1.198733160272240639e-01
2.441406250000000051e-07	7.266971313312084457e-02	1.431446205824613571e-01	1.206360077485442162e-01
2.441406250000000051e-07	7.606475946458080006e-02	1.450128145515918732e-01	1.214844034984707832e-01
2.441406250000000051e-07	7.237428674309313859e-02	1.426505716517567635e-01	1.195336282253265381e-01
2.441406250000000051e-07	7.162551506410670676e-02	1.410122178494930267e-01	1.197611531242728233e-01
2.441406250000000051e-07	7.368212311139589465e-02	1.473838137462735176e-01	1.198055269196629524e-01
2.441406250000000051e-07	6.673798163103152048e-02	1.419277144595980644e-01	1.192711191251873970e-01
2.441406250000000051e-07	7.067493212562572791e-02	1.422784943133592606e-01	1.206184579059481621e-01
2.441406250000000051e-07	7.345047880765757931e-02	1.428127670660614967e-01	1.201939005404710770e-01
2.441406250000000051e-07	7.724089038711559607e-02	1.447235057130455971e-01	1.212689643725752831e-01
1.220703125000000025e-07	7.698830669816536520e-02	1.431638393551111221e-01	1.212811870500445366e-01
1.220703125000000025e-07	8.216318431534344602e-02	1.493110489100217819e-01	1.294583808630704880e-01
1.220703125000000025e-07	6.940608419760872783e-02	1.430079285055398941e-01	1.194983143359422684e-01
1.220703125000000025e-07	6.739407320377192867e-02	1.451381230726838112e-01	1.201632050797343254e-01
1.220703125000000025e-07	7.169539731325982879e-02	1.435550088062882423e-01	1.187340300530195236e-01
1.220703125000000025e-07	7.342476468486121288e-02	1.449185349047183990e-01	1.214021034538745880e-01
1.220703125000000025e-07	7.296351673482340261e-02	1.445667771622538567e-01	1.232392042875289917e-01
1.220703125000000025e-07	8.556447116823136245e-02	1.494092838838696480e-01	1.270670620724558830e-01
1.220703125000000025e-07	7.350805514975439214e-02	1.510117957368493080e-01	1.252036001533269882e-01
1.220703125000000025e-07	7.315394683163377321e-02	1.513155279681086540e-01	1.302433945238590240e-01
